1744595316357 0.2631578947368421 10
1744595325057 0.5263157894736842 20
1744595333849 0.7894736842105263 30
1744595350220 1.0 38
1744595353790 1.0526315789473684 40
1744595362666 1.3157894736842106 50
1744595371160 1.5789473684210527 60
1744595379716 1.8421052631578947 70
1744595390974 2.0 76
1744595396108 2.1052631578947367 80
1744595404640 2.3684210526315788 90
1744595413059 2.6315789473684212 100
1744595421453 2.8947368421052633 110
1744595430830 3.0 114
1744595432439 3.0 114
1744595433005 3.0 0
1744595439753 3.0 114
