1744616953168 0.2631578947368421 10
1744616961437 0.5263157894736842 20
1744616970541 0.7894736842105263 30
1744616987012 1.0 38
1744616989873 1.0526315789473684 40
1744616998226 1.3157894736842106 50
1744617006605 1.5789473684210527 60
1744617014975 1.8421052631578947 70
1744617027074 2.0 76
1744617031433 2.1052631578947367 80
1744617039825 2.3684210526315788 90
1744617048043 2.6315789473684212 100
1744617056521 2.8947368421052633 110
1744617067016 3.0 114
1744617073124 3.1578947368421053 120
1744617081565 3.4210526315789473 130
1744617089795 3.6842105263157894 140
1744617098220 3.9473684210526314 150
1744617106992 4.0 152
1744617115229 4.2105263157894735 160
1744617123851 4.473684210526316 170
1744617132004 4.7368421052631575 180
1744617139650 5.0 190
1744617147406 5.0 190
1744617157133 5.2631578947368425 200
1744617165368 5.526315789473684 210
1744617173646 5.7894736842105265 220
1744617187087 6.0 228
1744617189960 6.052631578947368 230
1744617198781 6.315789473684211 240
1744617207711 6.578947368421053 250
1744617216645 6.842105263157895 260
1744617228903 7.0 266
1744617233269 7.105263157894737 270
1744617242251 7.368421052631579 280
1744617250885 7.631578947368421 290
1744617259564 7.894736842105263 300
1744617269991 8.0 304
1744617276675 8.157894736842104 310
1744617285078 8.421052631578947 320
1744617293825 8.68421052631579 330
1744617302581 8.947368421052632 340
1744617311149 9.0 342
1744617318697 9.210526315789474 350
1744617327937 9.473684210526315 360
1744617336782 9.736842105263158 370
1744617344172 10.0 380
1744617351893 10.0 380
1744617352514 10.0 380
1744617352720 10.0 0
1744617360898 10.0 380
