1744616953168 5.185773849487305 10
1744616961437 8.247320175170898 20
1744616970541 7.21419620513916 30
1744616989873 10.444271087646484 40
1744616998226 10.529738426208496 50
1744617006605 10.376596450805664 60
1744617014975 16.085037231445312 70
1744617031433 12.413018226623535 80
1744617039825 16.17015838623047 90
1744617048043 12.250845909118652 100
1744617056521 18.704303741455078 110
1744617073124 14.328641891479492 120
1744617081565 9.983115196228027 130
1744617089795 12.95075511932373 140
1744617098220 14.79934310913086 150
1744617115229 12.685322761535645 160
1744617123851 14.25667953491211 170
1744617132004 20.888029098510742 180
1744617139650 40.3917236328125 190
1744617157133 10.864307403564453 200
1744617165368 13.346179962158203 210
1744617173646 13.184452056884766 220
1744617189960 11.291343688964844 230
1744617198781 15.037410736083984 240
1744617207711 12.5155029296875 250
1744617216645 19.096181869506836 260
1744617233269 14.071802139282227 270
1744617242251 14.19726276397705 280
1744617250885 11.434744834899902 290
1744617259564 9.785598754882812 300
1744617276675 15.002636909484863 310
1744617285078 11.746787071228027 320
1744617293825 18.101478576660156 330
1744617302581 13.851510047912598 340
1744617318697 13.199640274047852 350
1744617327937 12.300580978393555 360
1744617336782 16.31951332092285 370
1744617344172 29.324708938598633 380
