1744616953168 1.9526315789473688e-05 10
1744616961437 1.9e-05 20
1744616970541 1.8473684210526317e-05 30
1744616989873 1.7947368421052634e-05 40
1744616998226 1.742105263157895e-05 50
1744617006605 1.6894736842105263e-05 60
1744617014975 1.636842105263158e-05 70
1744617031433 1.5842105263157896e-05 80
1744617039825 1.5315789473684212e-05 90
1744617048043 1.4789473684210527e-05 100
1744617056521 1.4263157894736843e-05 110
1744617073124 1.373684210526316e-05 120
1744617081565 1.3210526315789476e-05 130
1744617089795 1.268421052631579e-05 140
1744617098220 1.2157894736842107e-05 150
1744617115229 1.1631578947368423e-05 160
1744617123851 1.1105263157894736e-05 170
1744617132004 1.0578947368421053e-05 180
1744617139650 1.005263157894737e-05 190
1744617157133 9.526315789473684e-06 200
1744617165368 9e-06 210
1744617173646 8.473684210526317e-06 220
1744617189960 7.947368421052633e-06 230
1744617198781 7.421052631578948e-06 240
1744617207711 6.894736842105264e-06 250
1744617216645 6.3684210526315795e-06 260
1744617233269 5.842105263157896e-06 270
1744617242251 5.315789473684211e-06 280
1744617250885 4.789473684210527e-06 290
1744617259564 4.2631578947368425e-06 300
1744617276675 3.736842105263158e-06 310
1744617285078 3.210526315789474e-06 320
1744617293825 2.68421052631579e-06 330
1744617302581 2.1578947368421054e-06 340
1744617318697 1.6315789473684212e-06 350
1744617327937 1.1052631578947369e-06 360
1744617336782 5.789473684210526e-07 370
1744617344172 5.263157894736842e-08 380
