1744616953168 2.6735 10
1744616961437 2.4227 20
1744616970541 2.2014 30
1744616989873 2.0558 40
1744616998226 1.7894 50
1744617006605 1.5468 60
1744617014975 1.4468 70
1744617031433 1.3166 80
1744617039825 1.2205 90
1744617048043 1.1267 100
1744617056521 1.1104 110
1744617073124 0.9806 120
1744617081565 0.9725 130
1744617089795 0.9743 140
1744617098220 0.9401 150
1744617115229 0.8393 160
1744617123851 0.8591 170
1744617132004 0.8593 180
1744617139650 0.8029 190
1744617157133 0.797 200
1744617165368 0.7461 210
1744617173646 0.7352 220
1744617189960 0.7111 230
1744617198781 0.6783 240
1744617207711 0.7177 250
1744617216645 0.6951 260
1744617233269 0.64 270
1744617242251 0.6946 280
1744617250885 0.6455 290
1744617259564 0.7198 300
1744617276675 0.7133 310
1744617285078 0.658 320
1744617293825 0.5853 330
1744617302581 0.6403 340
1744617318697 0.5952 350
1744617327937 0.6091 360
1744617336782 0.657 370
1744617344172 0.6338 380
