1744770864317 0.20408163265306123 10
1744770884629 0.40816326530612246 20
1744770904437 0.6122448979591837 30
1744770924538 0.8163265306122449 40
1744770962245 1.0 49
1744770966807 1.0204081632653061 50
1744770986594 1.2244897959183674 60
1744771006568 1.4285714285714286 70
1744771026643 1.6326530612244898 80
1744771046280 1.836734693877551 90
1744771080615 2.0 98
1744771087118 2.0408163265306123 100
1744771106841 2.2448979591836733 110
1744771126703 2.4489795918367347 120
1744771146748 2.6530612244897958 130
1744771166286 2.857142857142857 140
1744771198672 3.0 147
1744771207434 3.061224489795918 150
1744771227474 3.2653061224489797 160
1744771247431 3.4693877551020407 170
1744771267505 3.673469387755102 180
1744771287685 3.877551020408163 190
1744771318650 4.0 196
1744771329318 4.081632653061225 200
1744771348916 4.285714285714286 210
1744771368400 4.489795918367347 220
1744771388015 4.6938775510204085 230
1744771407250 4.8979591836734695 240
1744771434831 5.0 245
1744771447740 5.1020408163265305 250
1744771467327 5.3061224489795915 260
1744771486898 5.510204081632653 270
1744771506404 5.714285714285714 280
1744771525931 5.918367346938775 290
1744771551440 6.0 294
1744771565842 6.122448979591836 300
1744771586126 6.326530612244898 310
1744771605622 6.530612244897959 320
1744771625275 6.73469387755102 330
1744771644864 6.938775510204081 340
1744771668643 7.0 343
1744771685605 7.142857142857143 350
1744771705214 7.346938775510204 360
1744771724597 7.551020408163265 370
1744771744291 7.755102040816326 380
1744771763647 7.959183673469388 390
1744771785335 8.0 392
1744771803329 8.16326530612245 400
1744771822795 8.36734693877551 410
1744771842537 8.571428571428571 420
1744771862009 8.775510204081632 430
1744771881380 8.979591836734693 440
1744771901966 9.0 441
1744771922225 9.183673469387756 450
1744771942274 9.387755102040817 460
1744771962109 9.591836734693878 470
1744771982501 9.795918367346939 480
1744772000214 10.0 490
1744772020531 10.0 490
1744772043894 10.204081632653061 500
1744772063187 10.408163265306122 510
1744772082905 10.612244897959183 520
1744772102260 10.816326530612244 530
1744772138216 11.0 539
1744772142796 11.020408163265307 540
1744772162379 11.224489795918368 550
1744772181969 11.428571428571429 560
1744772201621 11.63265306122449 570
1744772221134 11.83673469387755 580
1744772254515 12.0 588
1744772261280 12.040816326530612 590
1744772280809 12.244897959183673 600
1744772300518 12.448979591836734 610
1744772319812 12.653061224489797 620
1744772339573 12.857142857142858 630
1744772371396 13.0 637
1744772379788 13.061224489795919 640
1744772399527 13.26530612244898 650
1744772418890 13.46938775510204 660
1744772438612 13.673469387755102 670
1744772457882 13.877551020408163 680
1744772487411 14.0 686
1744772497788 14.081632653061224 690
1744772517267 14.285714285714286 700
1744772536990 14.489795918367347 710
1744772556669 14.693877551020408 720
1744772576074 14.89795918367347 730
1744772603416 15.0 735
1744772616251 15.10204081632653 740
1744772635654 15.306122448979592 750
1744772654817 15.510204081632653 760
1744772674376 15.714285714285714 770
1744772693497 15.918367346938776 780
1744772718882 16.0 784
1744772733290 16.122448979591837 790
1744772752869 16.3265306122449 800
1744772772373 16.53061224489796 810
1744772791924 16.73469387755102 820
1744772811399 16.93877551020408 830
1744772834847 17.0 833
1744772850949 17.142857142857142 840
1744772870133 17.346938775510203 850
1744772889714 17.551020408163264 860
1744772908958 17.755102040816325 870
1744772928815 17.959183673469386 880
1744772950471 18.0 882
1744772968952 18.163265306122447 890
1744772988553 18.367346938775512 900
1744773007890 18.571428571428573 910
1744773027265 18.775510204081634 920
1744773045780 18.979591836734695 930
1744773066858 19.0 931
1744773088122 19.183673469387756 940
1744773107477 19.387755102040817 950
1744773127049 19.591836734693878 960
1744773146149 19.79591836734694 970
1744773164189 20.0 980
1744773183564 20.0 980
1744773206079 20.20408163265306 990
1744773225603 20.408163265306122 1000
1744773244712 20.612244897959183 1010
1744773264084 20.816326530612244 1020
1744773299966 21.0 1029
1744773305014 21.020408163265305 1030
1744773324286 21.224489795918366 1040
1744773344034 21.428571428571427 1050
1744773363325 21.632653061224488 1060
1744773382675 21.836734693877553 1070
1744773416071 22.0 1078
1744773422923 22.040816326530614 1080
1744773442642 22.244897959183675 1090
1744773462053 22.448979591836736 1100
1744773481576 22.653061224489797 1110
1744773501259 22.857142857142858 1120
1744773533027 23.0 1127
1744773542022 23.06122448979592 1130
1744773561169 23.26530612244898 1140
1744773580806 23.46938775510204 1150
1744773600142 23.6734693877551 1160
1744773619816 23.877551020408163 1170
1744773649731 24.0 1176
1744773660070 24.081632653061224 1180
1744773679632 24.285714285714285 1190
1744773699225 24.489795918367346 1200
1744773718938 24.693877551020407 1210
1744773738532 24.897959183673468 1220
1744773766579 25.0 1225
1744773778830 25.102040816326532 1230
1744773798104 25.306122448979593 1240
1744773817952 25.510204081632654 1250
1744773837403 25.714285714285715 1260
1744773856906 25.918367346938776 1270
1744773882624 26.0 1274
1744773897030 26.122448979591837 1280
1744773916629 26.3265306122449 1290
1744773935998 26.53061224489796 1300
1744773955555 26.73469387755102 1310
1744773974824 26.93877551020408 1320
1744773998644 27.0 1323
1744774014780 27.142857142857142 1330
1744774034638 27.346938775510203 1340
1744774053946 27.551020408163264 1350
1744774073629 27.755102040816325 1360
1744774092822 27.959183673469386 1370
1744774114424 28.0 1372
1744774132485 28.163265306122447 1380
1744774151556 28.367346938775512 1390
1744774171186 28.571428571428573 1400
1744774190602 28.775510204081634 1410
1744774209329 28.979591836734695 1420
1744774230076 29.0 1421
1744774250061 29.183673469387756 1430
1744774269375 29.387755102040817 1440
1744774288725 29.591836734693878 1450
1744774308802 29.79591836734694 1460
1744774326435 30.0 1470
1744774346375 30.0 1470
1744774348346 30.0 1470
1744774349054 30.0 0
1744774368841 30.0 1470
