1744770864317 3.656494379043579 10
1744770884629 5.446811676025391 20
1744770904437 5.119039058685303 30
1744770924538 4.2780232429504395 40
1744770966807 4.412539482116699 50
1744770986594 3.3778648376464844 60
1744771006568 3.210583448410034 70
1744771026643 3.538099765777588 80
1744771046280 4.486902713775635 90
1744771087118 3.3046252727508545 100
1744771106841 4.145549297332764 110
1744771126703 3.2438745498657227 120
1744771146748 3.1145477294921875 130
1744771166286 4.562701225280762 140
1744771207434 4.063562393188477 150
1744771227474 2.9183409214019775 160
1744771247431 3.07427716255188 170
1744771267505 3.424623489379883 180
1744771287685 3.6343536376953125 190
1744771329318 2.6894805431365967 200
1744771348916 3.4009616374969482 210
1744771368400 3.069833278656006 220
1744771388015 2.261457920074463 230
1744771407250 2.349778652191162 240
1744771447740 4.490619659423828 250
1744771467327 2.5661253929138184 260
1744771486898 2.262442111968994 270
1744771506404 2.8464837074279785 280
1744771525931 2.3917453289031982 290
1744771565842 3.5285098552703857 300
1744771586126 3.0082223415374756 310
1744771605622 2.535308361053467 320
1744771625275 2.4123551845550537 330
1744771644864 2.6773600578308105 340
1744771685605 3.4018731117248535 350
1744771705214 2.3681604862213135 360
1744771724597 2.743757724761963 370
1744771744291 2.899935245513916 380
1744771763647 2.150606393814087 390
1744771803329 2.6636033058166504 400
1744771822795 2.026872158050537 410
1744771842537 2.2519657611846924 420
1744771862009 1.89396071434021 430
1744771881380 3.4613308906555176 440
1744771922225 2.885246992111206 450
1744771942274 1.9111143350601196 460
1744771962109 3.253999710083008 470
1744771982501 2.295555830001831 480
1744772000214 4.818920612335205 490
1744772043894 2.8734562397003174 500
1744772063187 2.28291392326355 510
1744772082905 1.8945637941360474 520
1744772102260 2.0506432056427 530
1744772142796 4.767571926116943 540
1744772162379 2.0180904865264893 550
1744772181969 2.432547092437744 560
1744772201621 1.8643819093704224 570
1744772221134 2.8486263751983643 580
1744772261280 2.9895377159118652 590
1744772280809 2.4071125984191895 600
1744772300518 2.5240182876586914 610
1744772319812 1.9614088535308838 620
1744772339573 1.662968397140503 630
1744772379788 2.1440274715423584 640
1744772399527 1.9960641860961914 650
1744772418890 2.312316417694092 660
1744772438612 1.5981475114822388 670
1744772457882 1.7595584392547607 680
1744772497788 2.308378219604492 690
1744772517267 1.9581501483917236 700
1744772536990 3.343528985977173 710
1744772556669 2.2252306938171387 720
1744772576074 1.8042892217636108 730
1744772616251 1.9889593124389648 740
1744772635654 1.3724620342254639 750
1744772654817 2.4252219200134277 760
1744772674376 1.7775827646255493 770
1744772693497 2.001929521560669 780
1744772733290 1.5949687957763672 790
1744772752869 1.8786799907684326 800
1744772772373 1.6785190105438232 810
1744772791924 1.7175911664962769 820
1744772811399 2.240525007247925 830
1744772850949 1.6501175165176392 840
1744772870133 1.4403935670852661 850
1744772889714 1.4243720769882202 860
1744772908958 1.902798056602478 870
1744772928815 1.6093523502349854 880
1744772968952 1.75993812084198 890
1744772988553 2.326612949371338 900
1744773007890 1.7433327436447144 910
1744773027265 1.356311559677124 920
1744773045780 1.8171391487121582 930
1744773088122 1.7056180238723755 940
1744773107477 1.5514792203903198 950
1744773127049 1.1868793964385986 960
1744773146149 1.6741998195648193 970
1744773164189 4.1887593269348145 980
1744773206079 1.3287599086761475 990
1744773225603 1.713053584098816 1000
1744773244712 1.7654995918273926 1010
1744773264084 1.636226773262024 1020
1744773305014 1.6564738750457764 1030
1744773324286 1.207354187965393 1040
1744773344034 1.345778465270996 1050
1744773363325 1.326638102531433 1060
1744773382675 1.376301884651184 1070
1744773422923 1.3157562017440796 1080
1744773442642 1.1880762577056885 1090
1744773462053 1.3569786548614502 1100
1744773481576 1.6248520612716675 1110
1744773501259 1.54827082157135 1120
1744773542022 1.160831332206726 1130
1744773561169 1.263037919998169 1140
1744773580806 1.4567800760269165 1150
1744773600142 1.3569631576538086 1160
1744773619816 1.7942705154418945 1170
1744773660070 1.4343817234039307 1180
1744773679632 1.8783141374588013 1190
1744773699225 1.0812557935714722 1200
1744773718938 1.5877246856689453 1210
1744773738532 1.3360713720321655 1220
1744773778830 1.3865325450897217 1230
1744773798104 1.2763216495513916 1240
1744773817952 0.9323043823242188 1250
1744773837403 1.2688554525375366 1260
1744773856906 1.0546783208847046 1270
1744773897030 1.2166072130203247 1280
1744773916629 1.3424862623214722 1290
1744773935998 1.634965181350708 1300
1744773955555 1.538060188293457 1310
1744773974824 1.148552656173706 1320
1744774014780 1.081394076347351 1330
1744774034638 1.0349314212799072 1340
1744774053946 1.1452929973602295 1350
1744774073629 1.086145281791687 1360
1744774092822 1.0791242122650146 1370
1744774132485 1.1518278121948242 1380
1744774151556 1.2948055267333984 1390
1744774171186 1.176880955696106 1400
1744774190602 1.1920862197875977 1410
1744774209329 1.3145625591278076 1420
1744774250061 1.4097216129302979 1430
1744774269375 1.0344702005386353 1440
1744774288725 1.0269259214401245 1450
1744774308802 1.480507731437683 1460
1744774326435 3.3325040340423584 1470
