1744770864317 6.122448979591836e-05 10
1744770884629 0.00012925170068027212 20
1744770904437 0.00019727891156462584 30
1744770924538 0.0002653061224489796 40
1744770966807 0.0003333333333333333 50
1744770986594 0.0004013605442176871 60
1744771006568 0.00046938775510204083 70
1744771026643 0.0005374149659863947 80
1744771046280 0.0006054421768707483 90
1744771087118 0.000673469387755102 100
1744771106841 0.0007414965986394558 110
1744771126703 0.0008095238095238096 120
1744771146748 0.0008775510204081633 130
1744771166286 0.0009455782312925171 140
1744771207434 0.0009999943612967331 150
1744771227474 0.000999797020035959 160
1744771247431 0.000999317870778844 170
1744771267505 0.0009985571836912486 180
1744771287685 0.0009975153876827009 190
1744771329318 0.0009961930701645576 200
1744771348916 0.0009945909767187964 210
1744771368400 0.0009927100106776213 220
1744771388015 0.0009905512326141251 230
1744771407250 0.00098811585974429 240
1744771447740 0.0009854052652406666 250
1744771467327 0.0009824209774581174 260
1744771486898 0.0009791646790720627 270
1744771506404 0.000975638206129711 280
1744771525931 0.0009718435470148146 290
1744771565842 0.0009677828413265291 300
1744771586126 0.0009634583786730109 310
1744771605622 0.0009588725973804342 320
1744771625275 0.0009540280831181524 330
1744771644864 0.0009489275674407825 340
1744771685605 0.000943573926248031 350
1744771705214 0.0009379701781631334 360
1744771724597 0.0009321194828308184 370
1744771744291 0.0009260251391357586 380
1744771763647 0.0009196905833425111 390
1744771803329 0.0009131193871579975 400
1744771822795 0.0009063152557176148 410
1744771842537 0.0008992820254961143 420
1744771862009 0.0008920236621444242 430
1744771881380 0.0008845442582536384 440
1744771922225 0.0008768480310474293 450
1744771942274 0.0008689393200041879 460
1744771962109 0.0008608225844102311 470
1744771982501 0.0008525024008454562 480
1744772000214 0.0008439834606028593 490
1744772043894 0.000835270567043374 500
1744772063187 0.0008263686328875207 510
1744772082905 0.0008172826774453936 520
1744772102260 0.0008080178237865503 530
1744772142796 0.0007985792958513931 540
1744772162379 0.0007889724155056777 550
1744772181969 0.0007792025995398068 560
1744772201621 0.0007692753566145996 570
1744772221134 0.0007591962841552626 580
1744772261280 0.0007489710651953089 590
1744772280809 0.0007386054651722097 600
1744772300518 0.0007281053286765816 610
1744772319812 0.0007174765761567432 620
1744772339573 0.0007067252005805019 630
1744772379788 0.0006958572640560491 640
1744772399527 0.0006848788944138705 650
1744772418890 0.0006737962817516022 660
1744772438612 0.0006626156749437736 670
1744772457882 0.0006513433781184131 680
1744772497788 0.0006399857471024964 690
1744772517267 0.0006285491858382474 700
1744772536990 0.0006170401427723067 710
1744772556669 0.0006054651072198086 720
1744772576074 0.0005938306057054138 730
1744772616251 0.000582143198283362 740
1744772635654 0.0005704094748386184 750
1744772654817 0.000558636051371201 760
1744772674376 0.0005468295662657828 770
1744772693497 0.0005349966765486728 780
1744772733290 0.0005231440541342845 790
1744772752869 0.0005112783820632133 800
1744772772373 0.0004994063507340355 810
1744772791924 0.00048753465413096367 820
1744772811399 0.00047566998604947586 830
1744772850949 0.0004638190363220547 840
1744772870133 0.0004519884870461591 850
1744772889714 0.0004401850088165571 860
1744772908958 0.00042841525696414595 870
1744772928815 0.00041668586780337714 880
1744772968952 0.00040500345489040515 890
1744772988553 0.00039337460529406643 900
1744773007890 0.00038180587588179557 910
1744773027265 0.0003703037896225686 920
1744773045780 0.00035887483190895965 930
1744773088122 0.00034752544690038644 940
1744773107477 0.0003362620338896032 950
1744773127049 0.00032509094369449277 960
1744773146149 0.0003140184750771895 970
1744773164189 0.00030305087119255545 980
1744773206079 0.00029219431606800897 990
1744773225603 0.0002814549311166918 1000
1744773244712 0.0002708387716859425 1010
1744773264084 0.00026035182364301954 1020
1744773305014 0.0002500000000000001 1030
1744773324286 0.00023978913757975907 1040
1744773344034 0.0002297249937249058 1050
1744773363325 0.00021981324305153643 1060
1744773382675 0.00021005947424963028 1070
1744773422923 0.0002004691869318953 1080
1744773442642 0.0001910477885328399 1090
1744773462053 0.00018180059125981823 1100
1744773481576 0.00017273280909777016 1110
1744773501259 0.00016384955486934156 1120
1744773542022 0.00015515583735204548 1130
1744773561169 0.00014665655845408872 1140
1744773580806 0.000138356510450456 1150
1744773600142 0.0001302603732808104 1160
1744773619816 0.0001223727119107327 1170
1744773660070 0.000114697973757789 1180
1744773679632 0.00010724048618387789 1190
1744773699225 0.00010000445405526809 1200
1744773718938 9.299395737170757e-05 1210
1744773738532 8.621294896593534e-05 1220
1744773778830 7.966525227489769e-05 1230
1744773798104 7.335455918392219e-05 1240
1744773817952 6.728442794506773e-05 1250
1744773837403 6.145828117082186e-05 1260
1744773856906 5.5879403904278036e-05 1270
1744773897030 5.0550941766881075e-05 1280
1744773916629 4.547589918478456e-05 1290
1744773935998 4.0657137694820824e-05 1300
1744773955555 3.609737433103732e-05 1310
1744773974824 3.179918009271138e-05 1320
1744774014780 2.7764978494705438e-05 1330
1744774034638 2.399704420098009e-05 1340
1744774053946 2.049750174203707e-05 1350
1744774073629 1.7268324317012974e-05 1360
1744774092822 1.4311332681101463e-05 1370
1744774132485 1.1628194118929403e-05 1380
1744774151556 9.22042150446728e-06 1390
1744774171186 7.0893724480028395e-06 1400
1744774190602 5.236248530659183e-06 1410
1744774209329 3.662094626889656e-06 1420
1744774250061 2.3677983153307934e-06 1430
1744774269375 1.3540893783454688e-06 1440
1744774288725 6.215393905388278e-07 1450
1744774308802 1.7056139647897428e-07 1460
1744774326435 1.4096778039318636e-09 1470
