1744770864317 3.5977 10
1744770884629 2.7528 20
1744770904437 2.1174 30
1744770924538 1.9507 40
1744770966807 1.8763 50
1744770986594 1.7839 60
1744771006568 1.7303 70
1744771026643 1.7793 80
1744771046280 1.7718 90
1744771087118 1.8022 100
1744771106841 1.8086 110
1744771126703 1.8416 120
1744771146748 1.7941 130
1744771166286 1.8616 140
1744771207434 1.9372 150
1744771227474 1.84 160
1744771247431 1.8566 170
1744771267505 1.8515 180
1744771287685 1.8758 190
1744771329318 1.8465 200
1744771348916 1.8072 210
1744771368400 1.8252 220
1744771388015 1.8226 230
1744771407250 1.8352 240
1744771447740 1.8038 250
1744771467327 1.7318 260
1744771486898 1.7511 270
1744771506404 1.746 280
1744771525931 1.7488 290
1744771565842 1.705 300
1744771586126 1.6865 310
1744771605622 1.7177 320
1744771625275 1.7416 330
1744771644864 1.7408 340
1744771685605 1.7166 350
1744771705214 1.6586 360
1744771724597 1.7151 370
1744771744291 1.6775 380
1744771763647 1.6678 390
1744771803329 1.6309 400
1744771822795 1.676 410
1744771842537 1.6705 420
1744771862009 1.6392 430
1744771881380 1.6214 440
1744771922225 1.6186 450
1744771942274 1.6544 460
1744771962109 1.6029 470
1744771982501 1.6227 480
1744772000214 1.5827 490
1744772043894 1.5451 500
1744772063187 1.5807 510
1744772082905 1.5936 520
1744772102260 1.5847 530
1744772142796 1.6048 540
1744772162379 1.5566 550
1744772181969 1.5042 560
1744772201621 1.5566 570
1744772221134 1.544 580
1744772261280 1.5179 590
1744772280809 1.5016 600
1744772300518 1.4591 610
1744772319812 1.4658 620
1744772339573 1.513 630
1744772379788 1.4975 640
1744772399527 1.4381 650
1744772418890 1.4387 660
1744772438612 1.4586 670
1744772457882 1.5168 680
1744772497788 1.4562 690
1744772517267 1.3767 700
1744772536990 1.4079 710
1744772556669 1.4339 720
1744772576074 1.3882 730
1744772616251 1.3605 740
1744772635654 1.3844 750
1744772654817 1.3966 760
1744772674376 1.3489 770
1744772693497 1.3556 780
1744772733290 1.3456 790
1744772752869 1.3378 800
1744772772373 1.3301 810
1744772791924 1.3095 820
1744772811399 1.3302 830
1744772850949 1.2947 840
1744772870133 1.2763 850
1744772889714 1.2972 860
1744772908958 1.2837 870
1744772928815 1.2928 880
1744772968952 1.2116 890
1744772988553 1.2554 900
1744773007890 1.2368 910
1744773027265 1.2322 920
1744773045780 1.2362 930
1744773088122 1.2181 940
1744773107477 1.1958 950
1744773127049 1.1941 960
1744773146149 1.2154 970
1744773164189 1.2182 980
1744773206079 1.176 990
1744773225603 1.1437 1000
1744773244712 1.1546 1010
1744773264084 1.1572 1020
1744773305014 1.1679 1030
1744773324286 1.1038 1040
1744773344034 1.1194 1050
1744773363325 1.1189 1060
1744773382675 1.0973 1070
1744773422923 1.1348 1080
1744773442642 1.1018 1090
1744773462053 1.1197 1100
1744773481576 1.0864 1110
1744773501259 1.0847 1120
1744773542022 1.0842 1130
1744773561169 1.0668 1140
1744773580806 1.0577 1150
1744773600142 1.0463 1160
1744773619816 1.0742 1170
1744773660070 1.0379 1180
1744773679632 1.0348 1190
1744773699225 1.0289 1200
1744773718938 1.0465 1210
1744773738532 1.0082 1220
1744773778830 1.0311 1230
1744773798104 1.0158 1240
1744773817952 1.0113 1250
1744773837403 0.9958 1260
1744773856906 1.0232 1270
1744773897030 1.0044 1280
1744773916629 0.9945 1290
1744773935998 0.9889 1300
1744773955555 0.9955 1310
1744773974824 0.9989 1320
1744774014780 1.0122 1330
1744774034638 0.982 1340
1744774053946 0.9741 1350
1744774073629 0.999 1360
1744774092822 1.017 1370
1744774132485 0.994 1380
1744774151556 0.9762 1390
1744774171186 0.9988 1400
1744774190602 0.9856 1410
1744774209329 0.9855 1420
1744774250061 0.9598 1430
1744774269375 0.9777 1440
1744774288725 0.9749 1450
1744774308802 0.9804 1460
1744774326435 0.9833 1470
