1744597970324 0.2631578947368421 10
1744597979357 0.5263157894736842 20
1744597988105 0.7894736842105263 30
1744598003941 1.0 38
1744598007484 1.0526315789473684 40
1744598016199 1.3157894736842106 50
1744598024639 1.5789473684210527 60
1744598032778 1.8421052631578947 70
1744598043865 2.0 76
1744598049042 2.1052631578947367 80
1744598057555 2.3684210526315788 90
1744598066032 2.6315789473684212 100
1744598074182 2.8947368421052633 110
1744598083602 3.0 114
1744598090832 3.1578947368421053 120
1744598099449 3.4210526315789473 130
1744598107745 3.6842105263157894 140
1744598116123 3.9473684210526314 150
1744598123732 4.0 152
1744598132204 4.2105263157894735 160
1744598140552 4.473684210526316 170
1744598148639 4.7368421052631575 180
1744598156101 5.0 190
1744598163390 5.0 190
1744598173671 5.2631578947368425 200
1744598182145 5.526315789473684 210
1744598190206 5.7894736842105265 220
1744598202865 6.0 228
1744598206540 6.052631578947368 230
1744598214903 6.315789473684211 240
1744598222972 6.578947368421053 250
1744598231236 6.842105263157895 260
1744598242708 7.0 266
1744598248146 7.105263157894737 270
1744598256363 7.368421052631579 280
1744598264442 7.631578947368421 290
1744598272763 7.894736842105263 300
1744598282161 8.0 304
1744598289029 8.157894736842104 310
1744598297355 8.421052631578947 320
1744598305411 8.68421052631579 330
1744598313639 8.947368421052632 340
1744598321507 9.0 342
1744598330833 9.210526315789474 350
1744598339378 9.473684210526315 360
1744598347563 9.736842105263158 370
1744598355084 10.0 380
1744598361864 10.0 380
1744598372823 10.263157894736842 390
1744598380969 10.526315789473685 400
1744598389424 10.789473684210526 410
1744598402100 11.0 418
1744598405776 11.052631578947368 420
1744598414138 11.31578947368421 430
1744598422298 11.578947368421053 440
1744598430725 11.842105263157894 450
1744598441912 12.0 456
1744598447413 12.105263157894736 460
1744598455762 12.368421052631579 470
1744598463824 12.631578947368421 480
1744598472317 12.894736842105264 490
1744598481455 13.0 494
1744598488593 13.157894736842104 500
1744598497098 13.421052631578947 510
1744598505594 13.68421052631579 520
1744598514271 13.947368421052632 530
1744598521838 14.0 532
1744598530757 14.210526315789474 540
1744598538867 14.473684210526315 550
1744598547266 14.736842105263158 560
1744598554983 15.0 570
1744598561733 15.0 570
1744598572048 15.263157894736842 580
1744598580163 15.526315789473685 590
1744598588509 15.789473684210526 600
1744598601432 16.0 608
1744598605189 16.05263157894737 610
1744598613717 16.31578947368421 620
1744598621826 16.57894736842105 630
1744598630024 16.842105263157894 640
1744598641314 17.0 646
1744598646675 17.105263157894736 650
1744598654788 17.36842105263158 660
1744598663282 17.63157894736842 670
1744598671642 17.894736842105264 680
1744598680921 18.0 684
1744598688192 18.157894736842106 690
1744598696203 18.42105263157895 700
1744598704666 18.68421052631579 710
1744598713492 18.94736842105263 720
1744598721765 19.0 722
1744598730595 19.210526315789473 730
1744598738665 19.473684210526315 740
1744598747139 19.736842105263158 750
1744598754569 20.0 760
1744598761611 20.0 760
1744598763339 20.0 760
1744598763887 20.0 0
1744598770659 20.0 760
