1744597970324 1.1445931196212769 10
1744597979357 1.0982270240783691 20
1744597988105 1.1519505977630615 30
1744598007484 1.2098861932754517 40
1744598016199 1.183253526687622 50
1744598024639 1.6094924211502075 60
1744598032778 1.3741241693496704 70
1744598049042 1.9284369945526123 80
1744598057555 1.3754018545150757 90
1744598066032 1.381853699684143 100
1744598074182 1.529573917388916 110
1744598090832 1.8323131799697876 120
1744598099449 1.5836325883865356 130
1744598107745 1.6427104473114014 140
1744598116123 1.8800629377365112 150
1744598132204 1.857200026512146 160
1744598140552 2.1883394718170166 170
1744598148639 1.8704094886779785 180
1744598156101 9.816765785217285 190
1744598173671 2.1962978839874268 200
1744598182145 1.8726930618286133 210
1744598190206 2.103119134902954 220
1744598206540 2.491445541381836 230
1744598214903 2.217323064804077 240
1744598222972 2.314098596572876 250
1744598231236 2.309725284576416 260
1744598248146 2.337233781814575 270
1744598256363 2.110900640487671 280
1744598264442 2.3947768211364746 290
1744598272763 1.9207772016525269 300
1744598289029 1.8729294538497925 310
1744598297355 2.0921146869659424 320
1744598305411 2.24019718170166 330
1744598313639 4.02187967300415 340
1744598330833 2.5158889293670654 350
1744598339378 1.877161979675293 360
1744598347563 2.33337664604187 370
1744598355084 3.38750958442688 380
1744598372823 2.0378541946411133 390
1744598380969 2.2645373344421387 400
1744598389424 3.656190872192383 410
1744598405776 2.7323238849639893 420
1744598414138 5.117431640625 430
1744598422298 3.611466646194458 440
1744598430725 3.276155471801758 450
1744598447413 3.085354804992676 460
1744598455762 2.5152316093444824 470
1744598463824 2.8778491020202637 480
1744598472317 1.9549610614776611 490
1744598488593 2.1107449531555176 500
1744598497098 2.7632079124450684 510
1744598505594 2.1452715396881104 520
1744598514271 2.0457494258880615 530
1744598530757 3.7288239002227783 540
1744598538867 3.3012709617614746 550
1744598547266 4.148007392883301 560
1744598554983 11.148429870605469 570
1744598572048 2.144497871398926 580
1744598580163 2.0291764736175537 590
1744598588509 2.644629716873169 600
1744598605189 2.611236333847046 610
1744598613717 2.613924741744995 620
1744598621826 2.429661989212036 630
1744598630024 2.992799758911133 640
1744598646675 2.521390676498413 650
1744598654788 2.343477725982666 660
1744598663282 4.536252975463867 670
1744598671642 7.531924247741699 680
1744598688192 2.5424728393554688 690
1744598696203 2.520112991333008 700
1744598704666 2.7770867347717285 710
1744598713492 2.332801342010498 720
1744598730595 2.2794456481933594 730
1744598738665 2.9518332481384277 740
1744598747139 2.6595160961151123 750
1744598754569 4.099739074707031 760
