1744597970324 4.940789473684211e-05 10
1744597979357 4.875e-05 20
1744597988105 4.80921052631579e-05 30
1744598007484 4.7434210526315795e-05 40
1744598016199 4.6776315789473686e-05 50
1744598024639 4.6118421052631584e-05 60
1744598032778 4.5460526315789476e-05 70
1744598049042 4.480263157894737e-05 80
1744598057555 4.4144736842105265e-05 90
1744598066032 4.3486842105263156e-05 100
1744598074182 4.2828947368421054e-05 110
1744598090832 4.217105263157895e-05 120
1744598099449 4.151315789473684e-05 130
1744598107745 4.085526315789474e-05 140
1744598116123 4.019736842105263e-05 150
1744598132204 3.9539473684210524e-05 160
1744598140552 3.888157894736842e-05 170
1744598148639 3.822368421052632e-05 180
1744598156101 3.756578947368421e-05 190
1744598173671 3.690789473684211e-05 200
1744598182145 3.625e-05 210
1744598190206 3.55921052631579e-05 220
1744598206540 3.493421052631579e-05 230
1744598214903 3.427631578947369e-05 240
1744598222972 3.3618421052631585e-05 250
1744598231236 3.296052631578948e-05 260
1744598248146 3.230263157894737e-05 270
1744598256363 3.1644736842105266e-05 280
1744598264442 3.098684210526316e-05 290
1744598272763 3.0328947368421055e-05 300
1744598289029 2.967105263157895e-05 310
1744598297355 2.901315789473684e-05 320
1744598305411 2.835526315789474e-05 330
1744598313639 2.7697368421052634e-05 340
1744598330833 2.7039473684210525e-05 350
1744598339378 2.6381578947368423e-05 360
1744598347563 2.5723684210526317e-05 370
1744598355084 2.506578947368421e-05 380
1744598372823 2.4407894736842107e-05 390
1744598380969 2.375e-05 400
1744598389424 2.3092105263157896e-05 410
1744598405776 2.243421052631579e-05 420
1744598414138 2.1776315789473685e-05 430
1744598422298 2.111842105263158e-05 440
1744598430725 2.0460526315789474e-05 450
1744598447413 1.980263157894737e-05 460
1744598455762 1.9144736842105264e-05 470
1744598463824 1.8486842105263158e-05 480
1744598472317 1.7828947368421053e-05 490
1744598488593 1.7171052631578947e-05 500
1744598497098 1.6513157894736845e-05 510
1744598505594 1.5855263157894737e-05 520
1744598514271 1.5197368421052633e-05 530
1744598530757 1.4539473684210528e-05 540
1744598538867 1.388157894736842e-05 550
1744598547266 1.3223684210526315e-05 560
1744598554983 1.2565789473684211e-05 570
1744598572048 1.1907894736842106e-05 580
1744598580163 1.125e-05 590
1744598588509 1.0592105263157895e-05 600
1744598605189 9.93421052631579e-06 610
1744598613717 9.276315789473685e-06 620
1744598621826 8.61842105263158e-06 630
1744598630024 7.960526315789474e-06 640
1744598646675 7.302631578947369e-06 650
1744598654788 6.644736842105263e-06 660
1744598663282 5.986842105263158e-06 670
1744598671642 5.328947368421053e-06 680
1744598688192 4.671052631578948e-06 690
1744598696203 4.013157894736842e-06 700
1744598704666 3.355263157894737e-06 710
1744598713492 2.6973684210526316e-06 720
1744598730595 2.0394736842105266e-06 730
1744598738665 1.381578947368421e-06 740
1744598747139 7.236842105263158e-07 750
1744598754569 6.578947368421053e-08 760
