1744597970324 2.6465 10
1744597979357 2.5031 20
1744597988105 2.3542 30
1744598007484 2.2614 40
1744598016199 2.1103 50
1744598024639 1.9797 60
1744598032778 1.8622 70
1744598049042 1.7417 80
1744598057555 1.6818 90
1744598066032 1.568 100
1744598074182 1.5281 110
1744598090832 1.3725 120
1744598099449 1.362 130
1744598107745 1.2996 140
1744598116123 1.2666 150
1744598132204 1.1739 160
1744598140552 1.1505 170
1744598148639 1.111 180
1744598156101 1.0667 190
1744598173671 1.0164 200
1744598182145 0.9604 210
1744598190206 0.9614 220
1744598206540 0.9256 230
1744598214903 0.8858 240
1744598222972 0.8719 250
1744598231236 0.8204 260
1744598248146 0.7977 270
1744598256363 0.8028 280
1744598264442 0.7712 290
1744598272763 0.8392 300
1744598289029 0.774 310
1744598297355 0.7412 320
1744598305411 0.6643 330
1744598313639 0.7166 340
1744598330833 0.6777 350
1744598339378 0.6777 360
1744598347563 0.6745 370
1744598355084 0.669 380
1744598372823 0.5778 390
1744598380969 0.5994 400
1744598389424 0.633 410
1744598405776 0.6242 420
1744598414138 0.6241 430
1744598422298 0.5788 440
1744598430725 0.5815 450
1744598447413 0.5554 460
1744598455762 0.5658 470
1744598463824 0.5542 480
1744598472317 0.5656 490
1744598488593 0.5719 500
1744598497098 0.5286 510
1744598505594 0.5523 520
1744598514271 0.5474 530
1744598530757 0.4779 540
1744598538867 0.5532 550
1744598547266 0.5215 560
1744598554983 0.5628 570
1744598572048 0.4921 580
1744598580163 0.4753 590
1744598588509 0.4972 600
1744598605189 0.5069 610
1744598613717 0.4626 620
1744598621826 0.4809 630
1744598630024 0.509 640
1744598646675 0.5259 650
1744598654788 0.4637 660
1744598663282 0.4562 670
1744598671642 0.4533 680
1744598688192 0.4702 690
1744598696203 0.4637 700
1744598704666 0.4295 710
1744598713492 0.4226 720
1744598730595 0.4514 730
1744598738665 0.4608 740
1744598747139 0.4738 750
1744598754569 0.4228 760
