1744584295309 0.2631578947368421 10
1744584304033 0.5263157894736842 20
1744584312376 0.7894736842105263 30
1744584327444 1.0 38
1744584331023 1.0526315789473684 40
1744584339435 1.3157894736842106 50
1744584348198 1.5789473684210527 60
1744584356553 1.8421052631578947 70
1744584368128 2.0 76
1744584373227 2.1052631578947367 80
1744584381884 2.3684210526315788 90
1744584390276 2.6315789473684212 100
1744584398354 2.8947368421052633 110
1744584407793 3.0 114
1744584414666 3.1578947368421053 120
1744584423181 3.4210526315789473 130
1744584431301 3.6842105263157894 140
1744584439773 3.9473684210526314 150
1744584447623 4.0 152
1744584456089 4.2105263157894735 160
1744584464417 4.473684210526316 170
1744584472588 4.7368421052631575 180
1744584480150 5.0 190
1744584487046 5.0 190
1744584497380 5.2631578947368425 200
1744584505788 5.526315789473684 210
1744584513952 5.7894736842105265 220
1744584526728 6.0 228
1744584530517 6.052631578947368 230
1744584538960 6.315789473684211 240
1744584547220 6.578947368421053 250
1744584555807 6.842105263157895 260
1744584567031 7.0 266
1744584572271 7.105263157894737 270
1744584580586 7.368421052631579 280
1744584588667 7.631578947368421 290
1744584596934 7.894736842105263 300
1744584606418 8.0 304
1744584613290 8.157894736842104 310
1744584621951 8.421052631578947 320
1744584630049 8.68421052631579 330
1744584638712 8.947368421052632 340
1744584646803 9.0 342
1744584656028 9.210526315789474 350
1744584664166 9.473684210526315 360
1744584672445 9.736842105263158 370
1744584679876 10.0 380
1744584686587 10.0 380
1744584697137 10.263157894736842 390
1744584705461 10.526315789473685 400
1744584714361 10.789473684210526 410
1744584727093 11.0 418
1744584730708 11.052631578947368 420
1744584739261 11.31578947368421 430
1744584747352 11.578947368421053 440
1744584755770 11.842105263157894 450
1744584766994 12.0 456
1744584772240 12.105263157894736 460
1744584780266 12.368421052631579 470
1744584788630 12.631578947368421 480
1744584797080 12.894736842105264 490
1744584806093 13.0 494
1744584813397 13.157894736842104 500
1744584821807 13.421052631578947 510
1744584830087 13.68421052631579 520
1744584838377 13.947368421052632 530
1744584845839 14.0 532
1744584854600 14.210526315789474 540
1744584863153 14.473684210526315 550
1744584871598 14.736842105263158 560
1744584878807 15.0 570
1744584885690 15.0 570
1744584887381 15.0 570
1744584887927 15.0 0
1744584895144 15.0 570
