1744584295309 1.2134300470352173 10
1744584304033 1.065635085105896 20
1744584312376 1.042404055595398 30
1744584331023 1.162414312362671 40
1744584339435 1.1924620866775513 50
1744584348198 1.2172510623931885 60
1744584356553 1.1644437313079834 70
1744584373227 1.2271760702133179 80
1744584381884 1.265467643737793 90
1744584390276 1.4115753173828125 100
1744584398354 1.4165910482406616 110
1744584414666 1.3181467056274414 120
1744584423181 1.3177883625030518 130
1744584431301 1.2485010623931885 140
1744584439773 1.4113315343856812 150
1744584456089 1.4938642978668213 160
1744584464417 1.512078881263733 170
1744584472588 1.4115020036697388 180
1744584480150 3.890078544616699 190
1744584497380 1.4696353673934937 200
1744584505788 1.435294270515442 210
1744584513952 1.6416795253753662 220
1744584530517 1.481459379196167 230
1744584538960 1.5370559692382812 240
1744584547220 1.626592993736267 250
1744584555807 1.5619490146636963 260
1744584572271 1.5976811647415161 270
1744584580586 1.7736822366714478 280
1744584588667 1.7574808597564697 290
1744584596934 1.5819936990737915 300
1744584613290 1.6253875494003296 310
1744584621951 2.5960958003997803 320
1744584630049 1.6285876035690308 330
1744584638712 1.9221298694610596 340
1744584656028 1.8929252624511719 350
1744584664166 2.0935041904449463 360
1744584672445 2.070868968963623 370
1744584679876 4.090685844421387 380
1744584697137 1.734545350074768 390
1744584705461 1.8026472330093384 400
1744584714361 2.1419200897216797 410
1744584730708 1.9270895719528198 420
1744584739261 2.0794429779052734 430
1744584747352 1.933054804801941 440
1744584755770 2.196997880935669 450
1744584772240 1.9035285711288452 460
1744584780266 1.6372039318084717 470
1744584788630 1.8241065740585327 480
1744584797080 1.9071329832077026 490
1744584813397 2.096926212310791 500
1744584821807 1.8498438596725464 510
1744584830087 2.01552414894104 520
1744584838377 2.236604928970337 530
1744584854600 1.9494225978851318 540
1744584863153 2.5917158126831055 550
1744584871598 3.1234679222106934 560
1744584878807 3.8109965324401855 570
