1744584295309 1.968421052631579e-05 10
1744584304033 1.9333333333333333e-05 20
1744584312376 1.898245614035088e-05 30
1744584331023 1.8631578947368424e-05 40
1744584339435 1.8280701754385966e-05 50
1744584348198 1.792982456140351e-05 60
1744584356553 1.7578947368421054e-05 70
1744584373227 1.72280701754386e-05 80
1744584381884 1.687719298245614e-05 90
1744584390276 1.6526315789473686e-05 100
1744584398354 1.6175438596491228e-05 110
1744584414666 1.5824561403508774e-05 120
1744584423181 1.5473684210526316e-05 130
1744584431301 1.5122807017543861e-05 140
1744584439773 1.4771929824561405e-05 150
1744584456089 1.4421052631578948e-05 160
1744584464417 1.4070175438596492e-05 170
1744584472588 1.3719298245614037e-05 180
1744584480150 1.336842105263158e-05 190
1744584497380 1.3017543859649125e-05 200
1744584505788 1.2666666666666667e-05 210
1744584513952 1.2315789473684212e-05 220
1744584530517 1.1964912280701754e-05 230
1744584538960 1.16140350877193e-05 240
1744584547220 1.1263157894736843e-05 250
1744584555807 1.0912280701754387e-05 260
1744584572271 1.056140350877193e-05 270
1744584580586 1.0210526315789476e-05 280
1744584588667 9.859649122807018e-06 290
1744584596934 9.508771929824562e-06 300
1744584613290 9.157894736842105e-06 310
1744584621951 8.807017543859649e-06 320
1744584630049 8.456140350877193e-06 330
1744584638712 8.105263157894736e-06 340
1744584656028 7.754385964912282e-06 350
1744584664166 7.4035087719298246e-06 360
1744584672445 7.052631578947369e-06 370
1744584679876 6.701754385964913e-06 380
1744584697137 6.3508771929824565e-06 390
1744584705461 6e-06 400
1744584714361 5.649122807017544e-06 410
1744584730708 5.298245614035088e-06 420
1744584739261 4.947368421052632e-06 430
1744584747352 4.596491228070176e-06 440
1744584755770 4.245614035087719e-06 450
1744584772240 3.894736842105263e-06 460
1744584780266 3.543859649122807e-06 470
1744584788630 3.192982456140351e-06 480
1744584797080 2.842105263157895e-06 490
1744584813397 2.4912280701754387e-06 500
1744584821807 2.1403508771929828e-06 510
1744584830087 1.7894736842105265e-06 520
1744584838377 1.4385964912280704e-06 530
1744584854600 1.0877192982456142e-06 540
1744584863153 7.368421052631579e-07 550
1744584871598 3.859649122807018e-07 560
1744584878807 3.508771929824562e-08 570
