1744584295309 2.6902 10
1744584304033 2.6234 20
1744584312376 2.5679 30
1744584331023 2.4902 40
1744584339435 2.4156 50
1744584348198 2.3559 60
1744584356553 2.3124 70
1744584373227 2.2155 80
1744584381884 2.1805 90
1744584390276 2.1169 100
1744584398354 2.0618 110
1744584414666 2.0177 120
1744584423181 1.966 130
1744584431301 1.9012 140
1744584439773 1.9006 150
1744584456089 1.84 160
1744584464417 1.8116 170
1744584472588 1.761 180
1744584480150 1.7022 190
1744584497380 1.6807 200
1744584505788 1.6619 210
1744584513952 1.6634 220
1744584530517 1.6279 230
1744584538960 1.5953 240
1744584547220 1.5888 250
1744584555807 1.5231 260
1744584572271 1.5119 270
1744584580586 1.4807 280
1744584588667 1.495 290
1744584596934 1.4552 300
1744584613290 1.4299 310
1744584621951 1.4191 320
1744584630049 1.3812 330
1744584638712 1.4159 340
1744584656028 1.3694 350
1744584664166 1.3366 360
1744584672445 1.3813 370
1744584679876 1.3254 380
1744584697137 1.3312 390
1744584705461 1.301 400
1744584714361 1.3147 410
1744584730708 1.3231 420
1744584739261 1.281 430
1744584747352 1.2916 440
1744584755770 1.2364 450
1744584772240 1.2773 460
1744584780266 1.223 470
1744584788630 1.2653 480
1744584797080 1.2492 490
1744584813397 1.2595 500
1744584821807 1.2274 510
1744584830087 1.2881 520
1744584838377 1.2206 530
1744584854600 1.2251 540
1744584863153 1.2 550
1744584871598 1.2445 560
1744584878807 1.2141 570
