1744889899903 0.023148148148148147 10
1744889910693 0.046296296296296294 20
1744889921033 0.06944444444444445 30
1744889931730 0.09259259259259259 40
1744889941787 0.11574074074074074 50
1744889952092 0.1388888888888889 60
1744889962337 0.16203703703703703 70
1744889972486 0.18518518518518517 80
1744889982710 0.20833333333333334 90
1744889992767 0.23148148148148148 100
1744890003084 0.25462962962962965 110
1744890013240 0.2777777777777778 120
1744890023474 0.30092592592592593 130
1744890034046 0.32407407407407407 140
1744890044112 0.3472222222222222 150
1744890054596 0.37037037037037035 160
1744890064757 0.39351851851851855 170
1744890074944 0.4166666666666667 180
1744890085180 0.4398148148148148 190
1744890095372 0.46296296296296297 200
1744890106121 0.4861111111111111 210
1744890116342 0.5092592592592593 220
1744890127309 0.5324074074074074 230
1744890137479 0.5555555555555556 240
1744890147583 0.5787037037037037 250
1744890157911 0.6018518518518519 260
1744890168092 0.625 270
1744890178285 0.6481481481481481 280
1744890188473 0.6712962962962963 290
1744890198587 0.6944444444444444 300
1744890209006 0.7175925925925926 310
1744890219262 0.7407407407407407 320
1744890229448 0.7638888888888888 330
1744890239494 0.7870370370370371 340
1744890249733 0.8101851851851852 350
1744890259949 0.8333333333333334 360
1744890270039 0.8564814814814815 370
1744890280268 0.8796296296296297 380
1744890290320 0.9027777777777778 390
1744890300614 0.9259259259259259 400
1744890311308 0.9490740740740741 410
1744890321415 0.9722222222222222 420
1744890331576 0.9953703703703703 430
1744890355972 1.0 432
1744890365955 1.0185185185185186 440
1744890375987 1.0416666666666667 450
1744890386208 1.0648148148148149 460
1744890396369 1.087962962962963 470
1744890406615 1.1111111111111112 480
1744890416906 1.1342592592592593 490
1744890427004 1.1574074074074074 500
1744890437221 1.1805555555555556 510
1744890447457 1.2037037037037037 520
1744890457674 1.2268518518518519 530
1744890468186 1.25 540
1744890478380 1.2731481481481481 550
1744890488537 1.2962962962962963 560
1744890498557 1.3194444444444444 570
1744890508682 1.3425925925925926 580
1744890518783 1.3657407407407407 590
1744890529222 1.3888888888888888 600
1744890539574 1.412037037037037 610
1744890549699 1.4351851851851851 620
1744890559894 1.4583333333333333 630
1744890569993 1.4814814814814814 640
1744890580444 1.5046296296296298 650
1744890590678 1.5277777777777777 660
1744890600922 1.550925925925926 670
1744890611235 1.574074074074074 680
1744890621577 1.5972222222222223 690
1744890632011 1.6203703703703702 700
1744890642546 1.6435185185185186 710
1744890652648 1.6666666666666665 720
1744890662787 1.6898148148148149 730
1744890672832 1.7129629629629628 740
1744890683033 1.7361111111111112 750
1744890693526 1.7592592592592593 760
1744890703665 1.7824074074074074 770
1744890713703 1.8055555555555556 780
1744890723973 1.8287037037037037 790
1744890734117 1.8518518518518519 800
1744890744267 1.875 810
1744890754515 1.8981481481481481 820
1744890764588 1.9212962962962963 830
1744890775054 1.9444444444444444 840
1744890785210 1.9675925925925926 850
1744890795663 1.9907407407407407 860
1744890822334 2.0 864
1744890830647 2.013888888888889 870
1744890840918 2.037037037037037 880
1744890851487 2.060185185185185 890
1744890861748 2.0833333333333335 900
1744890871799 2.1064814814814814 910
1744890882178 2.1296296296296298 920
1744890892385 2.1527777777777777 930
1744890902426 2.175925925925926 940
1744890912579 2.199074074074074 950
1744890922611 2.2222222222222223 960
1744890932879 2.2453703703703702 970
1744890942914 2.2685185185185186 980
1744890953044 2.2916666666666665 990
1744890963775 2.314814814814815 1000
1744890973911 2.337962962962963 1010
1744890984165 2.361111111111111 1020
1744890994414 2.384259259259259 1030
1744891004571 2.4074074074074074 1040
1744891014590 2.4305555555555554 1050
1744891024799 2.4537037037037037 1060
1744891035174 2.476851851851852 1070
1744891045321 2.5 1080
1744891055544 2.523148148148148 1090
1744891065686 2.5462962962962963 1100
1744891075920 2.5694444444444446 1110
1744891086059 2.5925925925925926 1120
1744891096120 2.6157407407407405 1130
1744891106366 2.638888888888889 1140
1744891116488 2.662037037037037 1150
1744891126658 2.685185185185185 1160
1744891136724 2.7083333333333335 1170
1744891147112 2.7314814814814814 1180
1744891157365 2.7546296296296298 1190
1744891167398 2.7777777777777777 1200
1744891177813 2.800925925925926 1210
1744891188113 2.824074074074074 1220
1744891198344 2.8472222222222223 1230
1744891208593 2.8703703703703702 1240
1744891218742 2.8935185185185186 1250
1744891229111 2.9166666666666665 1260
1744891239425 2.939814814814815 1270
1744891249638 2.962962962962963 1280
1744891259772 2.986111111111111 1290
1744891288489 3.0 1296
1744891294392 3.009259259259259 1300
1744891304653 3.0324074074074074 1310
1744891315412 3.0555555555555554 1320
1744891325934 3.0787037037037037 1330
1744891336637 3.1018518518518516 1340
1744891346774 3.125 1350
1744891357692 3.148148148148148 1360
1744891368007 3.1712962962962963 1370
1744891378679 3.1944444444444446 1380
1744891388824 3.2175925925925926 1390
1744891398899 3.240740740740741 1400
1744891409182 3.263888888888889 1410
1744891419199 3.287037037037037 1420
1744891429562 3.310185185185185 1430
1744891439602 3.3333333333333335 1440
1744891449732 3.3564814814814814 1450
1744891460370 3.3796296296296298 1460
1744891470468 3.4027777777777777 1470
1744891480602 3.425925925925926 1480
1744891490743 3.449074074074074 1490
1744891500925 3.4722222222222223 1500
1744891511059 3.4953703703703702 1510
1744891521531 3.5185185185185186 1520
1744891532147 3.5416666666666665 1530
1744891542269 3.564814814814815 1540
1744891552640 3.587962962962963 1550
1744891563154 3.611111111111111 1560
1744891573516 3.6342592592592595 1570
1744891583604 3.6574074074074074 1580
1744891593623 3.6805555555555554 1590
1744891603721 3.7037037037037037 1600
1744891613786 3.726851851851852 1610
1744891623961 3.75 1620
1744891634205 3.773148148148148 1630
1744891644414 3.7962962962962963 1640
1744891654790 3.8194444444444446 1650
1744891664915 3.8425925925925926 1660
1744891675720 3.8657407407407405 1670
1744891686428 3.888888888888889 1680
1744891696635 3.912037037037037 1690
1744891706999 3.935185185185185 1700
1744891717077 3.9583333333333335 1710
1744891727221 3.9814814814814814 1720
1744891757817 4.0 1728
1744891761968 4.00462962962963 1730
1744891772504 4.027777777777778 1740
1744891782745 4.050925925925926 1750
1744891792861 4.074074074074074 1760
1744891802872 4.097222222222222 1770
1744891813011 4.12037037037037 1780
1744891823042 4.143518518518518 1790
1744891833788 4.166666666666667 1800
1744891844000 4.189814814814815 1810
1744891854027 4.212962962962963 1820
1744891864055 4.236111111111111 1830
1744891874099 4.2592592592592595 1840
1744891884275 4.282407407407407 1850
1744891894757 4.305555555555555 1860
1744891905043 4.328703703703704 1870
1744891915400 4.351851851851852 1880
1744891925469 4.375 1890
1744891935676 4.398148148148148 1900
1744891945791 4.421296296296296 1910
1744891956014 4.444444444444445 1920
1744891966455 4.467592592592593 1930
1744891976613 4.4907407407407405 1940
1744891986853 4.513888888888889 1950
1744891997235 4.537037037037037 1960
1744892007466 4.560185185185185 1970
1744892017955 4.583333333333333 1980
1744892028290 4.606481481481482 1990
1744892038811 4.62962962962963 2000
1744892049643 4.652777777777778 2010
1744892060099 4.675925925925926 2020
1744892070893 4.699074074074074 2030
1744892081435 4.722222222222222 2040
1744892091767 4.74537037037037 2050
1744892102085 4.768518518518518 2060
1744892112452 4.791666666666667 2070
1744892122992 4.814814814814815 2080
1744892133226 4.837962962962963 2090
1744892143404 4.861111111111111 2100
1744892153686 4.8842592592592595 2110
1744892163814 4.907407407407407 2120
1744892173845 4.930555555555555 2130
1744892183974 4.953703703703704 2140
1744892194169 4.976851851851852 2150
1744892203779 5.0 2160
1744892226834 5.0 2160
1744892239784 5.023148148148148 2170
1744892249985 5.046296296296297 2180
1744892260084 5.069444444444445 2190
1744892270324 5.092592592592593 2200
1744892280686 5.1157407407407405 2210
1744892291041 5.138888888888889 2220
1744892301177 5.162037037037037 2230
1744892311408 5.185185185185185 2240
1744892321570 5.208333333333333 2250
1744892331668 5.231481481481482 2260
1744892341874 5.25462962962963 2270
1744892351879 5.277777777777778 2280
1744892361978 5.300925925925926 2290
1744892372007 5.324074074074074 2300
1744892382036 5.347222222222222 2310
1744892392179 5.37037037037037 2320
1744892402521 5.393518518518518 2330
1744892412867 5.416666666666667 2340
1744892422892 5.439814814814815 2350
1744892433334 5.462962962962963 2360
1744892443625 5.486111111111111 2370
1744892453873 5.5092592592592595 2380
1744892463993 5.532407407407407 2390
1744892474001 5.555555555555555 2400
1744892484130 5.578703703703704 2410
1744892494276 5.601851851851852 2420
1744892504550 5.625 2430
1744892514834 5.648148148148148 2440
1744892524979 5.671296296296296 2450
1744892535593 5.694444444444445 2460
1744892545936 5.717592592592593 2470
1744892556095 5.7407407407407405 2480
1744892566601 5.763888888888889 2490
1744892576695 5.787037037037037 2500
1744892586897 5.810185185185185 2510
1744892597100 5.833333333333333 2520
1744892607300 5.856481481481482 2530
1744892617498 5.87962962962963 2540
1744892627600 5.902777777777778 2550
1744892637688 5.925925925925926 2560
1744892647803 5.949074074074074 2570
1744892657982 5.972222222222222 2580
1744892668119 5.99537037037037 2590
1744892692580 6.0 2592
1744892702850 6.018518518518518 2600
1744892712937 6.041666666666667 2610
1744892723191 6.064814814814815 2620
1744892733243 6.087962962962963 2630
1744892743378 6.111111111111111 2640
1744892753399 6.1342592592592595 2650
1744892763553 6.157407407407407 2660
1744892773681 6.180555555555555 2670
1744892783858 6.203703703703703 2680
1744892793983 6.226851851851852 2690
1744892804158 6.25 2700
1744892814306 6.273148148148148 2710
1744892824477 6.296296296296296 2720
1744892834636 6.319444444444445 2730
1744892844811 6.342592592592593 2740
1744892854903 6.3657407407407405 2750
1744892865069 6.388888888888889 2760
1744892875326 6.412037037037037 2770
1744892885465 6.435185185185185 2780
1744892895619 6.458333333333333 2790
1744892905718 6.481481481481482 2800
1744892915944 6.50462962962963 2810
1744892926494 6.527777777777778 2820
1744892936796 6.550925925925926 2830
1744892946949 6.574074074074074 2840
1744892957215 6.597222222222222 2850
1744892967794 6.62037037037037 2860
1744892977926 6.643518518518518 2870
1744892988179 6.666666666666667 2880
1744892998305 6.689814814814815 2890
1744893008622 6.712962962962963 2900
1744893018806 6.736111111111111 2910
1744893028891 6.7592592592592595 2920
1744893039172 6.782407407407407 2930
1744893049223 6.805555555555555 2940
1744893059625 6.828703703703704 2950
1744893069647 6.851851851851852 2960
1744893079814 6.875 2970
1744893089947 6.898148148148148 2980
1744893100010 6.921296296296296 2990
1744893110155 6.944444444444445 3000
1744893120188 6.967592592592593 3010
1744893130362 6.9907407407407405 3020
1744893156906 7.0 3024
1744893165157 7.013888888888889 3030
1744893175468 7.037037037037037 3040
1744893185551 7.060185185185185 3050
1744893196080 7.083333333333333 3060
1744893206194 7.106481481481482 3070
1744893216692 7.12962962962963 3080
1744893226823 7.152777777777778 3090
1744893237039 7.175925925925926 3100
1744893247323 7.199074074074074 3110
1744893257340 7.222222222222222 3120
1744893267548 7.24537037037037 3130
1744893277608 7.268518518518518 3140
1744893287769 7.291666666666667 3150
1744893297916 7.314814814814815 3160
1744893307930 7.337962962962963 3170
1744893318070 7.361111111111111 3180
1744893328132 7.3842592592592595 3190
1744893338294 7.407407407407407 3200
1744893348496 7.430555555555555 3210
1744893358544 7.453703703703704 3220
1744893368702 7.476851851851852 3230
1744893378736 7.5 3240
1744893388945 7.523148148148148 3250
1744893399087 7.546296296296296 3260
1744893409220 7.569444444444445 3270
1744893419376 7.592592592592593 3280
1744893429441 7.6157407407407405 3290
1744893440070 7.638888888888889 3300
1744893450127 7.662037037037037 3310
1744893460544 7.685185185185185 3320
1744893470764 7.708333333333333 3330
1744893480953 7.731481481481482 3340
1744893491191 7.75462962962963 3350
1744893501376 7.777777777777778 3360
1744893511668 7.800925925925926 3370
1744893521780 7.824074074074074 3380
1744893531935 7.847222222222222 3390
1744893542198 7.87037037037037 3400
1744893552370 7.893518518518518 3410
1744893562712 7.916666666666667 3420
1744893572978 7.939814814814815 3430
1744893583502 7.962962962962963 3440
1744893593683 7.986111111111111 3450
1744893622662 8.0 3456
1744893628684 8.00925925925926 3460
1744893638982 8.032407407407407 3470
1744893649161 8.055555555555555 3480
1744893659223 8.078703703703704 3490
1744893669460 8.101851851851851 3500
1744893679499 8.125 3510
1744893689744 8.148148148148149 3520
1744893699789 8.171296296296296 3530
1744893709925 8.194444444444445 3540
1744893720058 8.217592592592593 3550
1744893730215 8.24074074074074 3560
1744893740368 8.26388888888889 3570
1744893750465 8.287037037037036 3580
1744893760758 8.310185185185185 3590
1744893770906 8.333333333333334 3600
1744893780922 8.356481481481481 3610
1744893791113 8.37962962962963 3620
1744893801424 8.402777777777779 3630
1744893811685 8.425925925925926 3640
1744893821704 8.449074074074074 3650
1744893831919 8.472222222222221 3660
1744893842035 8.49537037037037 3670
1744893852032 8.518518518518519 3680
1744893862247 8.541666666666666 3690
1744893872287 8.564814814814815 3700
1744893882518 8.587962962962964 3710
1744893892697 8.61111111111111 3720
1744893902810 8.63425925925926 3730
1744893913013 8.657407407407408 3740
1744893923062 8.680555555555555 3750
1744893933198 8.703703703703704 3760
1744893943425 8.726851851851851 3770
1744893953602 8.75 3780
1744893963743 8.773148148148149 3790
1744893973787 8.796296296296296 3800
1744893983913 8.819444444444445 3810
1744893994035 8.842592592592592 3820
1744894004383 8.86574074074074 3830
1744894014608 8.88888888888889 3840
1744894024971 8.912037037037036 3850
1744894035278 8.935185185185185 3860
1744894045669 8.958333333333334 3870
1744894055786 8.981481481481481 3880
1744894086280 9.0 3888
1744894090557 9.00462962962963 3890
1744894100747 9.027777777777779 3900
1744894110888 9.050925925925926 3910
1744894120938 9.074074074074074 3920
1744894130969 9.097222222222221 3930
1744894141180 9.12037037037037 3940
1744894151397 9.143518518518519 3950
1744894161860 9.166666666666666 3960
1744894171941 9.189814814814815 3970
1744894182266 9.212962962962964 3980
1744894192910 9.23611111111111 3990
1744894203699 9.25925925925926 4000
1744894213850 9.282407407407407 4010
1744894223909 9.305555555555555 4020
1744894234042 9.328703703703704 4030
1744894244150 9.351851851851851 4040
1744894254160 9.375 4050
1744894264429 9.398148148148149 4060
1744894274751 9.421296296296296 4070
1744894284897 9.444444444444445 4080
1744894295001 9.467592592592593 4090
1744894305163 9.49074074074074 4100
1744894315661 9.51388888888889 4110
1744894326066 9.537037037037036 4120
1744894336274 9.560185185185185 4130
1744894346802 9.583333333333334 4140
1744894356999 9.606481481481481 4150
1744894367178 9.62962962962963 4160
1744894377206 9.652777777777779 4170
1744894387470 9.675925925925926 4180
1744894397498 9.699074074074074 4190
1744894407630 9.722222222222221 4200
1744894417657 9.74537037037037 4210
1744894427991 9.768518518518519 4220
1744894438137 9.791666666666666 4230
1744894448284 9.814814814814815 4240
1744894458465 9.837962962962964 4250
1744894468654 9.86111111111111 4260
1744894479016 9.88425925925926 4270
1744894489139 9.907407407407408 4280
1744894499425 9.930555555555555 4290
1744894509810 9.953703703703704 4300
1744894519913 9.976851851851851 4310
1744894529501 10.0 4320
1744894552435 10.0 4320
1744894564858 10.023148148148149 4330
1744894574912 10.046296296296296 4340
1744894585108 10.069444444444445 4350
1744894595262 10.092592592592593 4360
1744894605318 10.11574074074074 4370
1744894615423 10.13888888888889 4380
1744894625511 10.162037037037036 4390
1744894635846 10.185185185185185 4400
1744894646004 10.208333333333334 4410
1744894656488 10.231481481481481 4420
1744894666805 10.25462962962963 4430
1744894676895 10.277777777777779 4440
1744894687080 10.300925925925926 4450
1744894697177 10.324074074074074 4460
1744894707372 10.347222222222221 4470
1744894717729 10.37037037037037 4480
1744894727869 10.393518518518519 4490
1744894738012 10.416666666666666 4500
1744894748071 10.439814814814815 4510
1744894758309 10.462962962962964 4520
1744894768607 10.48611111111111 4530
1744894778749 10.50925925925926 4540
1744894788765 10.532407407407408 4550
1744894799280 10.555555555555555 4560
1744894809612 10.578703703703704 4570
1744894819773 10.601851851851851 4580
1744894830106 10.625 4590
1744894840236 10.648148148148149 4600
1744894850389 10.671296296296296 4610
1744894860609 10.694444444444445 4620
1744894870809 10.717592592592592 4630
1744894881000 10.74074074074074 4640
1744894891192 10.76388888888889 4650
1744894901344 10.787037037037036 4660
1744894911414 10.810185185185185 4670
1744894921570 10.833333333333334 4680
1744894931919 10.856481481481481 4690
1744894942015 10.87962962962963 4700
1744894952157 10.902777777777779 4710
1744894962185 10.925925925925926 4720
1744894972771 10.949074074074074 4730
1744894982833 10.972222222222221 4740
1744894992977 10.99537037037037 4750
1744895017361 11.0 4752
1744895028044 11.018518518518519 4760
1744895038484 11.041666666666666 4770
1744895048601 11.064814814814815 4780
1744895059059 11.087962962962964 4790
1744895069096 11.11111111111111 4800
1744895079262 11.13425925925926 4810
1744895089421 11.157407407407407 4820
1744895099535 11.180555555555555 4830
1744895109663 11.203703703703704 4840
1744895119757 11.226851851851851 4850
1744895130073 11.25 4860
1744895140204 11.273148148148149 4870
1744895150300 11.296296296296296 4880
1744895160769 11.319444444444445 4890
1744895170861 11.342592592592593 4900
1744895181031 11.36574074074074 4910
1744895191102 11.38888888888889 4920
1744895201455 11.412037037037036 4930
1744895211602 11.435185185185185 4940
1744895221635 11.458333333333334 4950
1744895231799 11.481481481481481 4960
1744895241859 11.50462962962963 4970
1744895251991 11.527777777777779 4980
1744895262136 11.550925925925926 4990
1744895272486 11.574074074074074 5000
1744895282650 11.597222222222221 5010
1744895292668 11.62037037037037 5020
1744895303356 11.643518518518519 5030
1744895313832 11.666666666666666 5040
1744895324024 11.689814814814815 5050
1744895334164 11.712962962962964 5060
1744895344233 11.73611111111111 5070
1744895354396 11.75925925925926 5080
1744895364548 11.782407407407408 5090
1744895374821 11.805555555555555 5100
1744895385155 11.828703703703704 5110
1744895395463 11.851851851851851 5120
1744895405757 11.875 5130
1744895415906 11.898148148148149 5140
1744895426148 11.921296296296296 5150
1744895436248 11.944444444444445 5160
1744895446819 11.967592592592592 5170
1744895457307 11.99074074074074 5180
1744895483826 12.0 5184
1744895491976 12.01388888888889 5190
1744895502128 12.037037037037036 5200
1744895512339 12.060185185185185 5210
1744895522862 12.083333333333334 5220
1744895533277 12.106481481481481 5230
1744895543421 12.12962962962963 5240
1744895553707 12.152777777777779 5250
1744895563874 12.175925925925926 5260
1744895574391 12.199074074074074 5270
1744895584879 12.222222222222221 5280
1744895594942 12.24537037037037 5290
1744895605171 12.268518518518519 5300
1744895615314 12.291666666666666 5310
1744895625956 12.314814814814815 5320
1744895636250 12.337962962962964 5330
1744895646376 12.36111111111111 5340
1744895656536 12.38425925925926 5350
1744895666595 12.407407407407407 5360
1744895676861 12.430555555555555 5370
1744895687057 12.453703703703704 5380
1744895697088 12.476851851851851 5390
1744895707302 12.5 5400
1744895717456 12.523148148148149 5410
1744895727609 12.546296296296296 5420
1744895737756 12.569444444444445 5430
1744895747789 12.592592592592592 5440
1744895757955 12.61574074074074 5450
1744895768202 12.63888888888889 5460
1744895778351 12.662037037037036 5470
1744895788469 12.685185185185185 5480
1744895798618 12.708333333333334 5490
1744895808819 12.731481481481481 5500
1744895818859 12.75462962962963 5510
1744895829016 12.777777777777779 5520
1744895839132 12.800925925925926 5530
1744895849374 12.824074074074074 5540
1744895859638 12.847222222222221 5550
1744895870457 12.87037037037037 5560
1744895881039 12.893518518518519 5570
1744895891108 12.916666666666666 5580
1744895901309 12.939814814814815 5590
1744895911355 12.962962962962964 5600
1744895921533 12.98611111111111 5610
1744895950177 13.0 5616
1744895956503 13.00925925925926 5620
1744895966685 13.032407407407407 5630
1744895976711 13.055555555555555 5640
1744895986847 13.078703703703704 5650
1744895996898 13.101851851851851 5660
1744896006999 13.125 5670
1744896017215 13.148148148148149 5680
1744896027257 13.171296296296296 5690
1744896037645 13.194444444444445 5700
1744896047684 13.217592592592593 5710
1744896058011 13.24074074074074 5720
1744896068130 13.26388888888889 5730
1744896078195 13.287037037037036 5740
1744896088399 13.310185185185185 5750
1744896098582 13.333333333333334 5760
1744896108782 13.356481481481481 5770
1744896118823 13.37962962962963 5780
1744896129165 13.402777777777779 5790
1744896139293 13.425925925925926 5800
1744896149334 13.449074074074074 5810
1744896159506 13.472222222222221 5820
1744896169543 13.49537037037037 5830
1744896179832 13.518518518518519 5840
1744896189876 13.541666666666666 5850
1744896200348 13.564814814814815 5860
1744896210651 13.587962962962964 5870
1744896220772 13.61111111111111 5880
1744896231004 13.63425925925926 5890
1744896241056 13.657407407407408 5900
1744896251216 13.680555555555555 5910
1744896261418 13.703703703703704 5920
1744896271504 13.726851851851851 5930
1744896281642 13.75 5940
1744896291701 13.773148148148149 5950
1744896301867 13.796296296296296 5960
1744896311916 13.819444444444445 5970
1744896322142 13.842592592592592 5980
1744896332609 13.86574074074074 5990
1744896342856 13.88888888888889 6000
1744896353217 13.912037037037036 6010
1744896363379 13.935185185185185 6020
1744896373636 13.958333333333334 6030
1744896383890 13.981481481481481 6040
1744896414693 14.0 6048
1744896418735 14.00462962962963 6050
1744896429219 14.027777777777779 6060
1744896439374 14.050925925925926 6070
1744896449422 14.074074074074074 6080
1744896459892 14.097222222222221 6090
1744896469993 14.12037037037037 6100
1744896480159 14.143518518518519 6110
1744896490323 14.166666666666666 6120
1744896500371 14.189814814814815 6130
1744896510838 14.212962962962964 6140
1744896521517 14.23611111111111 6150
1744896532130 14.25925925925926 6160
1744896542487 14.282407407407407 6170
1744896552753 14.305555555555555 6180
1744896563036 14.328703703703704 6190
1744896573246 14.351851851851851 6200
1744896583653 14.375 6210
1744896593744 14.398148148148149 6220
1744896604213 14.421296296296296 6230
1744896614711 14.444444444444445 6240
1744896624905 14.467592592592593 6250
1744896635754 14.49074074074074 6260
1744896646555 14.51388888888889 6270
1744896657070 14.537037037037036 6280
1744896667316 14.560185185185185 6290
1744896677426 14.583333333333334 6300
1744896687655 14.606481481481481 6310
1744896697775 14.62962962962963 6320
1744896707988 14.652777777777779 6330
1744896718185 14.675925925925926 6340
1744896728363 14.699074074074074 6350
1744896738719 14.722222222222221 6360
1744896748893 14.74537037037037 6370
1744896759079 14.768518518518519 6380
1744896769174 14.791666666666666 6390
1744896779394 14.814814814814815 6400
1744896789616 14.837962962962964 6410
1744896799706 14.86111111111111 6420
1744896809928 14.88425925925926 6430
1744896820031 14.907407407407408 6440
1744896830306 14.930555555555555 6450
1744896840389 14.953703703703704 6460
1744896850625 14.976851851851851 6470
1744896860362 15.0 6480
1744896882964 15.0 6480
1744896895340 15.023148148148149 6490
1744896905384 15.046296296296296 6500
1744896915620 15.069444444444445 6510
1744896925687 15.092592592592593 6520
1744896935827 15.11574074074074 6530
1744896946002 15.13888888888889 6540
1744896956347 15.162037037037036 6550
1744896966524 15.185185185185185 6560
1744896976588 15.208333333333334 6570
1744896986834 15.231481481481481 6580
1744896996855 15.25462962962963 6590
1744897007000 15.277777777777779 6600
1744897017106 15.300925925925926 6610
1744897027332 15.324074074074074 6620
1744897037991 15.347222222222221 6630
1744897048131 15.37037037037037 6640
1744897058444 15.393518518518519 6650
1744897068764 15.416666666666666 6660
1744897079232 15.439814814814815 6670
1744897089593 15.462962962962964 6680
1744897100117 15.48611111111111 6690
1744897110242 15.50925925925926 6700
1744897120546 15.532407407407408 6710
1744897130893 15.555555555555555 6720
1744897140916 15.578703703703704 6730
1744897151128 15.601851851851851 6740
1744897161188 15.625 6750
1744897171394 15.648148148148149 6760
1744897181467 15.671296296296296 6770
1744897191593 15.694444444444445 6780
1744897201763 15.717592592592592 6790
1744897211904 15.74074074074074 6800
1744897222008 15.76388888888889 6810
1744897232571 15.787037037037036 6820
1744897242778 15.810185185185185 6830
1744897252916 15.833333333333334 6840
1744897263028 15.856481481481481 6850
1744897273316 15.87962962962963 6860
1744897283441 15.902777777777779 6870
1744897293504 15.925925925925926 6880
1744897303711 15.949074074074074 6890
1744897313988 15.972222222222221 6900
1744897324399 15.99537037037037 6910
1744897349132 16.0 6912
1744897359604 16.01851851851852 6920
1744897369986 16.041666666666668 6930
1744897380425 16.064814814814813 6940
1744897390651 16.087962962962962 6950
1744897400731 16.11111111111111 6960
1744897411064 16.13425925925926 6970
1744897421295 16.15740740740741 6980
1744897431397 16.180555555555557 6990
1744897441624 16.203703703703702 7000
1744897451667 16.22685185185185 7010
1744897461939 16.25 7020
1744897472284 16.27314814814815 7030
1744897482422 16.296296296296298 7040
1744897492711 16.319444444444443 7050
1744897502742 16.34259259259259 7060
1744897513107 16.36574074074074 7070
1744897523152 16.38888888888889 7080
1744897533273 16.412037037037038 7090
1744897543482 16.435185185185187 7100
1744897553537 16.458333333333332 7110
1744897563713 16.48148148148148 7120
1744897573811 16.50462962962963 7130
1744897584036 16.52777777777778 7140
1744897594282 16.550925925925927 7150
1744897604770 16.574074074074073 7160
1744897615494 16.59722222222222 7170
1744897625719 16.62037037037037 7180
1744897635932 16.64351851851852 7190
1744897646081 16.666666666666668 7200
1744897656222 16.689814814814813 7210
1744897666501 16.712962962962962 7220
1744897676746 16.73611111111111 7230
1744897687296 16.75925925925926 7240
1744897697452 16.78240740740741 7250
1744897707760 16.805555555555557 7260
1744897717779 16.828703703703702 7270
1744897727932 16.85185185185185 7280
1744897738072 16.875 7290
1744897748072 16.89814814814815 7300
1744897758299 16.921296296296298 7310
1744897768464 16.944444444444443 7320
1744897778706 16.96759259259259 7330
1744897789111 16.99074074074074 7340
1744897815583 17.0 7344
1744897823997 17.01388888888889 7350
1744897834018 17.037037037037038 7360
1744897844231 17.060185185185187 7370
1744897854301 17.083333333333332 7380
1744897864446 17.10648148148148 7390
1744897874592 17.12962962962963 7400
1744897884749 17.15277777777778 7410
1744897894892 17.175925925925927 7420
1744897904949 17.199074074074073 7430
1744897915090 17.22222222222222 7440
1744897925140 17.24537037037037 7450
1744897935374 17.26851851851852 7460
1744897945485 17.291666666666668 7470
1744897955624 17.314814814814813 7480
1744897965744 17.337962962962962 7490
1744897975819 17.36111111111111 7500
1744897986014 17.38425925925926 7510
1744897996071 17.40740740740741 7520
1744898006239 17.430555555555557 7530
1744898016885 17.453703703703702 7540
1744898026909 17.47685185185185 7550
1744898037086 17.5 7560
1744898047524 17.52314814814815 7570
1744898057995 17.546296296296298 7580
1744898068223 17.569444444444443 7590
1744898078844 17.59259259259259 7600
1744898088978 17.61574074074074 7610
1744898099270 17.63888888888889 7620
1744898109496 17.662037037037038 7630
1744898119531 17.685185185185187 7640
1744898129679 17.708333333333332 7650
1744898139728 17.73148148148148 7660
1744898150046 17.75462962962963 7670
1744898160180 17.77777777777778 7680
1744898170229 17.800925925925927 7690
1744898180536 17.824074074074073 7700
1744898190768 17.84722222222222 7710
1744898201121 17.87037037037037 7720
1744898211336 17.89351851851852 7730
1744898221431 17.916666666666668 7740
1744898231801 17.939814814814813 7750
1744898241851 17.962962962962962 7760
1744898251993 17.98611111111111 7770
1744898280485 18.0 7776
1744898286528 18.00925925925926 7780
1744898296796 18.03240740740741 7790
1744898306827 18.055555555555557 7800
1744898317046 18.078703703703702 7810
1744898327109 18.10185185185185 7820
1744898337389 18.125 7830
1744898347721 18.14814814814815 7840
1744898357870 18.171296296296298 7850
1744898368267 18.194444444444443 7860
1744898378297 18.21759259259259 7870
1744898388457 18.24074074074074 7880
1744898398623 18.26388888888889 7890
1744898408741 18.287037037037038 7900
1744898418784 18.310185185185187 7910
1744898428974 18.333333333333332 7920
1744898439068 18.35648148148148 7930
1744898449250 18.37962962962963 7940
1744898459395 18.40277777777778 7950
1744898469457 18.425925925925927 7960
1744898479955 18.449074074074073 7970
1744898490007 18.47222222222222 7980
1744898500361 18.49537037037037 7990
1744898510543 18.51851851851852 8000
1744898521020 18.541666666666668 8010
1744898531578 18.564814814814813 8020
1744898541809 18.587962962962962 8030
1744898551943 18.61111111111111 8040
1744898562202 18.63425925925926 8050
1744898572463 18.65740740740741 8060
1744898582733 18.680555555555557 8070
1744898592978 18.703703703703702 8080
1744898603161 18.72685185185185 8090
1744898613649 18.75 8100
1744898623791 18.77314814814815 8110
1744898634124 18.796296296296298 8120
1744898644319 18.819444444444443 8130
1744898654666 18.84259259259259 8140
1744898664996 18.86574074074074 8150
1744898675411 18.88888888888889 8160
1744898685638 18.912037037037038 8170
1744898695884 18.935185185185187 8180
1744898706121 18.958333333333332 8190
1744898716284 18.98148148148148 8200
1744898747159 19.0 8208
1744898751272 19.00462962962963 8210
1744898761467 19.02777777777778 8220
1744898772123 19.050925925925927 8230
1744898782196 19.074074074074073 8240
1744898792729 19.09722222222222 8250
1744898802788 19.12037037037037 8260
1744898813007 19.14351851851852 8270
1744898823143 19.166666666666668 8280
1744898833346 19.189814814814813 8290
1744898843655 19.212962962962962 8300
1744898853924 19.23611111111111 8310
1744898864405 19.25925925925926 8320
1744898874604 19.28240740740741 8330
1744898884785 19.305555555555557 8340
1744898894997 19.328703703703702 8350
1744898905116 19.35185185185185 8360
1744898915457 19.375 8370
1744898925539 19.39814814814815 8380
1744898935696 19.421296296296298 8390
1744898945751 19.444444444444443 8400
1744898955969 19.46759259259259 8410
1744898966216 19.49074074074074 8420
1744898976461 19.51388888888889 8430
1744898986915 19.537037037037038 8440
1744898996953 19.560185185185187 8450
1744899007172 19.583333333333332 8460
1744899017233 19.60648148148148 8470
1744899027523 19.62962962962963 8480
1744899037831 19.65277777777778 8490
1744899047927 19.675925925925927 8500
1744899058608 19.699074074074073 8510
1744899068714 19.72222222222222 8520
1744899078881 19.74537037037037 8530
1744899089020 19.76851851851852 8540
1744899099229 19.791666666666668 8550
1744899109470 19.814814814814813 8560
1744899119552 19.837962962962962 8570
1744899129740 19.86111111111111 8580
1744899139857 19.88425925925926 8590
1744899150072 19.90740740740741 8600
1744899160650 19.930555555555557 8610
1744899170710 19.953703703703702 8620
1744899181088 19.97685185185185 8630
1744899190856 20.0 8640
1744899213813 20.0 8640
1744899225890 20.02314814814815 8650
1744899236019 20.046296296296298 8660
1744899246187 20.069444444444443 8670
1744899256641 20.09259259259259 8680
1744899266843 20.11574074074074 8690
1744899276886 20.13888888888889 8700
1744899287012 20.162037037037038 8710
1744899297256 20.185185185185187 8720
1744899307506 20.208333333333332 8730
1744899317840 20.23148148148148 8740
1744899327920 20.25462962962963 8750
1744899338133 20.27777777777778 8760
1744899348247 20.300925925925927 8770
1744899358571 20.324074074074073 8780
1744899368751 20.34722222222222 8790
1744899378797 20.37037037037037 8800
1744899388998 20.39351851851852 8810
1744899399389 20.416666666666668 8820
1744899409581 20.439814814814813 8830
1744899419616 20.462962962962962 8840
1744899429807 20.48611111111111 8850
1744899440044 20.50925925925926 8860
1744899450101 20.53240740740741 8870
1744899460257 20.555555555555557 8880
1744899470412 20.578703703703702 8890
1744899480582 20.60185185185185 8900
1744899490884 20.625 8910
1744899501048 20.64814814814815 8920
1744899511965 20.671296296296298 8930
1744899522372 20.694444444444443 8940
1744899532586 20.71759259259259 8950
1744899542658 20.74074074074074 8960
1744899552845 20.76388888888889 8970
1744899563168 20.787037037037038 8980
1744899573536 20.810185185185187 8990
1744899583686 20.833333333333332 9000
1744899593896 20.85648148148148 9010
1744899604280 20.87962962962963 9020
1744899614331 20.90277777777778 9030
1744899624476 20.925925925925927 9040
1744899634727 20.949074074074073 9050
1744899644925 20.97222222222222 9060
1744899655269 20.99537037037037 9070
1744899679675 21.0 9072
1744899689847 21.01851851851852 9080
1744899699929 21.041666666666668 9090
1744899710073 21.064814814814813 9100
1744899720085 21.087962962962962 9110
1744899730110 21.11111111111111 9120
1744899740314 21.13425925925926 9130
1744899750330 21.15740740740741 9140
1744899760737 21.180555555555557 9150
1744899770920 21.203703703703702 9160
1744899781644 21.22685185185185 9170
1744899792181 21.25 9180
1744899802399 21.27314814814815 9190
1744899812719 21.296296296296298 9200
1744899822772 21.319444444444443 9210
1744899833082 21.34259259259259 9220
1744899843611 21.36574074074074 9230
1744899853778 21.38888888888889 9240
1744899863944 21.412037037037038 9250
1744899874243 21.435185185185187 9260
1744899884404 21.458333333333332 9270
1744899894690 21.48148148148148 9280
1744899904924 21.50462962962963 9290
1744899915919 21.52777777777778 9300
1744899926453 21.550925925925927 9310
1744899936847 21.574074074074073 9320
1744899947056 21.59722222222222 9330
1744899957593 21.62037037037037 9340
1744899967887 21.64351851851852 9350
1744899977977 21.666666666666668 9360
1744899988112 21.689814814814813 9370
1744899998156 21.712962962962962 9380
1744900008379 21.73611111111111 9390
1744900018468 21.75925925925926 9400
1744900028621 21.78240740740741 9410
1744900038759 21.805555555555557 9420
1744900048800 21.828703703703702 9430
1744900059018 21.85185185185185 9440
1744900069096 21.875 9450
1744900079331 21.89814814814815 9460
1744900089675 21.921296296296298 9470
1744900099876 21.944444444444443 9480
1744900110272 21.96759259259259 9490
1744900120354 21.99074074074074 9500
1744900146913 22.0 9504
1744900154972 22.01388888888889 9510
1744900165185 22.037037037037038 9520
1744900175255 22.060185185185187 9530
1744900185314 22.083333333333332 9540
1744900195828 22.10648148148148 9550
1744900205947 22.12962962962963 9560
1744900216307 22.15277777777778 9570
1744900226337 22.175925925925927 9580
1744900236516 22.199074074074073 9590
1744900246638 22.22222222222222 9600
1744900256785 22.24537037037037 9610
1744900266930 22.26851851851852 9620
1744900276983 22.291666666666668 9630
1744900287116 22.314814814814813 9640
1744900297194 22.337962962962962 9650
1744900307446 22.36111111111111 9660
1744900317689 22.38425925925926 9670
1744900328035 22.40740740740741 9680
1744900338260 22.430555555555557 9690
1744900348310 22.453703703703702 9700
1744900358550 22.47685185185185 9710
1744900368736 22.5 9720
1744900378934 22.52314814814815 9730
1744900389285 22.546296296296298 9740
1744900399318 22.569444444444443 9750
1744900409495 22.59259259259259 9760
1744900419558 22.61574074074074 9770
1744900429707 22.63888888888889 9780
1744900439830 22.662037037037038 9790
1744900450040 22.685185185185187 9800
1744900460264 22.708333333333332 9810
1744900470333 22.73148148148148 9820
1744900480667 22.75462962962963 9830
1744900490737 22.77777777777778 9840
1744900500896 22.800925925925927 9850
1744900511095 22.824074074074073 9860
1744900521182 22.84722222222222 9870
1744900531287 22.87037037037037 9880
1744900541337 22.89351851851852 9890
1744900551505 22.916666666666668 9900
1744900561899 22.939814814814813 9910
1744900572136 22.962962962962962 9920
1744900582292 22.98611111111111 9930
1744900610938 23.0 9936
1744900617120 23.00925925925926 9940
1744900627157 23.03240740740741 9950
1744900637302 23.055555555555557 9960
1744900647368 23.078703703703702 9970
1744900657595 23.10185185185185 9980
1744900667899 23.125 9990
1744900677967 23.14814814814815 10000
1744900688145 23.171296296296298 10010
1744900698263 23.194444444444443 10020
1744900708533 23.21759259259259 10030
1744900719187 23.24074074074074 10040
1744900729248 23.26388888888889 10050
1744900739615 23.287037037037038 10060
1744900749650 23.310185185185187 10070
1744900759820 23.333333333333332 10080
1744900770298 23.35648148148148 10090
1744900781168 23.37962962962963 10100
1744900791531 23.40277777777778 10110
1744900801604 23.425925925925927 10120
1744900811797 23.449074074074073 10130
1744900821835 23.47222222222222 10140
1744900832029 23.49537037037037 10150
1744900842218 23.51851851851852 10160
1744900852279 23.541666666666668 10170
1744900862498 23.564814814814813 10180
1744900872549 23.587962962962962 10190
1744900882809 23.61111111111111 10200
1744900892855 23.63425925925926 10210
1744900903451 23.65740740740741 10220
1744900913912 23.680555555555557 10230
1744900924156 23.703703703703702 10240
1744900934422 23.72685185185185 10250
1744900944646 23.75 10260
1744900955252 23.77314814814815 10270
1744900965503 23.796296296296298 10280
1744900975757 23.819444444444443 10290
1744900985888 23.84259259259259 10300
1744900995943 23.86574074074074 10310
1744901006075 23.88888888888889 10320
1744901016133 23.912037037037038 10330
1744901026282 23.935185185185187 10340
1744901036486 23.958333333333332 10350
1744901046549 23.98148148148148 10360
1744901076840 24.0 10368
1744901081264 24.00462962962963 10370
1744901091681 24.02777777777778 10380
1744901101744 24.050925925925927 10390
1744901112025 24.074074074074073 10400
1744901122108 24.09722222222222 10410
1744901132156 24.12037037037037 10420
1744901142299 24.14351851851852 10430
1744901152333 24.166666666666668 10440
1744901162554 24.189814814814813 10450
1744901172604 24.212962962962962 10460
1744901182757 24.23611111111111 10470
1744901192804 24.25925925925926 10480
1744901203015 24.28240740740741 10490
1744901213228 24.305555555555557 10500
1744901223264 24.328703703703702 10510
1744901233489 24.35185185185185 10520
1744901243593 24.375 10530
1744901253762 24.39814814814815 10540
1744901264257 24.421296296296298 10550
1744901274320 24.444444444444443 10560
1744901284763 24.46759259259259 10570
1744901294821 24.49074074074074 10580
1744901304981 24.51388888888889 10590
1744901315033 24.537037037037038 10600
1744901325317 24.560185185185187 10610
1744901335459 24.583333333333332 10620
1744901345604 24.60648148148148 10630
1744901355880 24.62962962962963 10640
1744901366015 24.65277777777778 10650
1744901376392 24.675925925925927 10660
1744901386666 24.699074074074073 10670
1744901396717 24.72222222222222 10680
1744901406832 24.74537037037037 10690
1744901416916 24.76851851851852 10700
1744901427070 24.791666666666668 10710
1744901437146 24.814814814814813 10720
1744901447313 24.837962962962962 10730
1744901457464 24.86111111111111 10740
1744901467755 24.88425925925926 10750
1744901477973 24.90740740740741 10760
1744901488364 24.930555555555557 10770
1744901498728 24.953703703703702 10780
1744901508894 24.97685185185185 10790
1744901518603 25.0 10800
1744901541957 25.0 10800
1744901554365 25.02314814814815 10810
1744901565134 25.046296296296298 10820
1744901575645 25.069444444444443 10830
1744901586092 25.09259259259259 10840
1744901596667 25.11574074074074 10850
1744901606801 25.13888888888889 10860
1744901617013 25.162037037037038 10870
1744901627135 25.185185185185187 10880
1744901637446 25.208333333333332 10890
1744901647551 25.23148148148148 10900
1744901657815 25.25462962962963 10910
1744901667856 25.27777777777778 10920
1744901678009 25.300925925925927 10930
1744901688137 25.324074074074073 10940
1744901698335 25.34722222222222 10950
1744901708741 25.37037037037037 10960
1744901718832 25.39351851851852 10970
1744901729345 25.416666666666668 10980
1744901740198 25.439814814814813 10990
1744901750276 25.462962962962962 11000
1744901760468 25.48611111111111 11010
1744901770577 25.50925925925926 11020
1744901780777 25.53240740740741 11030
1744901790843 25.555555555555557 11040
1744901801085 25.578703703703702 11050
1744901811363 25.60185185185185 11060
1744901821778 25.625 11070
1744901832015 25.64814814814815 11080
1744901842084 25.671296296296298 11090
1744901852281 25.694444444444443 11100
1744901862342 25.71759259259259 11110
1744901872508 25.74074074074074 11120
1744901882698 25.76388888888889 11130
1744901892816 25.787037037037038 11140
1744901903411 25.810185185185187 11150
1744901913603 25.833333333333332 11160
1744901923942 25.85648148148148 11170
1744901934357 25.87962962962963 11180
1744901944467 25.90277777777778 11190
1744901954688 25.925925925925927 11200
1744901964765 25.949074074074073 11210
1744901974960 25.97222222222222 11220
1744901985157 25.99537037037037 11230
1744902009485 26.0 11232
1744902019648 26.01851851851852 11240
1744902029869 26.041666666666668 11250
1744902040073 26.064814814814813 11260
1744902050145 26.087962962962962 11270
1744902060283 26.11111111111111 11280
1744902070339 26.13425925925926 11290
1744902080610 26.15740740740741 11300
1744902090782 26.180555555555557 11310
1744902100908 26.203703703703702 11320
1744902111148 26.22685185185185 11330
1744902121225 26.25 11340
1744902131361 26.27314814814815 11350
1744902141499 26.296296296296298 11360
1744902151653 26.319444444444443 11370
1744902161716 26.34259259259259 11380
1744902171845 26.36574074074074 11390
1744902181988 26.38888888888889 11400
1744902192047 26.412037037037038 11410
1744902202207 26.435185185185187 11420
1744902212323 26.458333333333332 11430
1744902222512 26.48148148148148 11440
1744902232671 26.50462962962963 11450
1744902242808 26.52777777777778 11460
1744902253078 26.550925925925927 11470
1744902263379 26.574074074074073 11480
1744902273991 26.59722222222222 11490
1744902284226 26.62037037037037 11500
1744902294472 26.64351851851852 11510
1744902304595 26.666666666666668 11520
1744902315014 26.689814814814813 11530
1744902325670 26.712962962962962 11540
1744902335825 26.73611111111111 11550
1744902345853 26.75925925925926 11560
1744902356154 26.78240740740741 11570
1744902366356 26.805555555555557 11580
1744902376885 26.828703703703702 11590
1744902387021 26.85185185185185 11600
1744902397173 26.875 11610
1744902407314 26.89814814814815 11620
1744902417373 26.921296296296298 11630
1744902427520 26.944444444444443 11640
1744902437764 26.96759259259259 11650
1744902447884 26.99074074074074 11660
1744902474830 27.0 11664
1744902482900 27.01388888888889 11670
1744902493296 27.037037037037038 11680
1744902503353 27.060185185185187 11690
1744902513577 27.083333333333332 11700
1744902523640 27.10648148148148 11710
1744902533823 27.12962962962963 11720
1744902543878 27.15277777777778 11730
1744902554069 27.175925925925927 11740
1744902564502 27.199074074074073 11750
1744902574765 27.22222222222222 11760
1744902585239 27.24537037037037 11770
1744902595299 27.26851851851852 11780
1744902605451 27.291666666666668 11790
1744902615785 27.314814814814813 11800
1744902626023 27.337962962962962 11810
1744902636223 27.36111111111111 11820
1744902646716 27.38425925925926 11830
1744902656917 27.40740740740741 11840
1744902667078 27.430555555555557 11850
1744902677344 27.453703703703702 11860
1744902687482 27.47685185185185 11870
1744902697680 27.5 11880
1744902707996 27.52314814814815 11890
1744902718062 27.546296296296298 11900
1744902728239 27.569444444444443 11910
1744902738405 27.59259259259259 11920
1744902748487 27.61574074074074 11930
1744902758771 27.63888888888889 11940
1744902769179 27.662037037037038 11950
1744902779644 27.685185185185187 11960
1744902789757 27.708333333333332 11970
1744902800042 27.73148148148148 11980
1744902810223 27.75462962962963 11990
1744902820294 27.77777777777778 12000
1744902830452 27.800925925925927 12010
1744902840502 27.824074074074073 12020
1744902850696 27.84722222222222 12030
1744902860863 27.87037037037037 12040
1744902870977 27.89351851851852 12050
1744902881236 27.916666666666668 12060
1744902891291 27.939814814814813 12070
1744902901499 27.962962962962962 12080
1744902911675 27.98611111111111 12090
1744902940319 28.0 12096
1744902946358 28.00925925925926 12100
1744902956684 28.03240740740741 12110
1744902966843 28.055555555555557 12120
1744902976943 28.078703703703702 12130
1744902987247 28.10185185185185 12140
1744902997546 28.125 12150
1744903007767 28.14814814814815 12160
1744903017829 28.171296296296298 12170
1744903027967 28.194444444444443 12180
1744903038252 28.21759259259259 12190
1744903048297 28.24074074074074 12200
1744903058557 28.26388888888889 12210
1744903068611 28.287037037037038 12220
1744903078779 28.310185185185187 12230
1744903089092 28.333333333333332 12240
1744903099212 28.35648148148148 12250
1744903109535 28.37962962962963 12260
1744903119617 28.40277777777778 12270
1744903129797 28.425925925925927 12280
1744903139926 28.449074074074073 12290
1744903150082 28.47222222222222 12300
1744903160241 28.49537037037037 12310
1744903170295 28.51851851851852 12320
1744903180451 28.541666666666668 12330
1744903190516 28.564814814814813 12340
1744903200914 28.587962962962962 12350
1744903211093 28.61111111111111 12360
1744903221143 28.63425925925926 12370
1744903231695 28.65740740740741 12380
1744903241770 28.680555555555557 12390
1744903251936 28.703703703703702 12400
1744903262118 28.72685185185185 12410
1744903272313 28.75 12420
1744903282479 28.77314814814815 12430
1744903292532 28.796296296296298 12440
1744903302790 28.819444444444443 12450
1744903313154 28.84259259259259 12460
1744903323395 28.86574074074074 12470
1744903333444 28.88888888888889 12480
1744903343816 28.912037037037038 12490
1744903354112 28.935185185185187 12500
1744903364169 28.958333333333332 12510
1744903374740 28.98148148148148 12520
1744903405302 29.0 12528
1744903409333 29.00462962962963 12530
1744903419438 29.02777777777778 12540
1744903429712 29.050925925925927 12550
1744903439856 29.074074074074073 12560
1744903449858 29.09722222222222 12570
1744903460087 29.12037037037037 12580
1744903470619 29.14351851851852 12590
1744903480870 29.166666666666668 12600
1744903491110 29.189814814814813 12610
1744903501270 29.212962962962962 12620
1744903511404 29.23611111111111 12630
1744903521446 29.25925925925926 12640
1744903531599 29.28240740740741 12650
1744903541860 29.305555555555557 12660
1744903552230 29.328703703703702 12670
1744903562524 29.35185185185185 12680
1744903572615 29.375 12690
1744903582820 29.39814814814815 12700
1744903592902 29.421296296296298 12710
1744903603027 29.444444444444443 12720
1744903613073 29.46759259259259 12730
1744903623192 29.49074074074074 12740
1744903633339 29.51388888888889 12750
1744903643378 29.537037037037038 12760
1744903653506 29.560185185185187 12770
1744903663557 29.583333333333332 12780
1744903673829 29.60648148148148 12790
1744903683998 29.62962962962963 12800
1744903694358 29.65277777777778 12810
1744903704576 29.675925925925927 12820
1744903714798 29.699074074074073 12830
1744903724950 29.72222222222222 12840
1744903734978 29.74537037037037 12850
1744903745094 29.76851851851852 12860
1744903755151 29.791666666666668 12870
1744903765526 29.814814814814813 12880
1744903775652 29.837962962962962 12890
1744903785946 29.86111111111111 12900
1744903796067 29.88425925925926 12910
1744903806338 29.90740740740741 12920
1744903816757 29.930555555555557 12930
1744903826885 29.953703703703702 12940
1744903837042 29.97685185185185 12950
1744903846649 30.0 12960
1744903869583 30.0 12960
1744903871329 30.0 12960
1744903871882 30.0 0
1744903894590 30.0 12960
