1744889899903 3.019136428833008 10
1744889910693 2.873652935028076 20
1744889921033 2.917447805404663 30
1744889931730 2.535391330718994 40
1744889941787 2.562258243560791 50
1744889952092 2.624617338180542 60
1744889962337 2.938891887664795 70
1744889972486 3.2845427989959717 80
1744889982710 3.665303945541382 90
1744889992767 4.064700603485107 100
1744890003084 4.406091213226318 110
1744890013240 4.617901802062988 120
1744890023474 5.035131931304932 130
1744890034046 5.49887228012085 140
1744890044112 5.435352325439453 150
1744890054596 5.3821024894714355 160
1744890064757 5.36593770980835 170
1744890074944 5.132379531860352 180
1744890085180 6.370105266571045 190
1744890095372 5.054568767547607 200
1744890106121 4.985494613647461 210
1744890116342 5.259145736694336 220
1744890127309 5.327550411224365 230
1744890137479 5.2717366218566895 240
1744890147583 5.240738868713379 250
1744890157911 5.531688213348389 260
1744890168092 5.620199680328369 270
1744890178285 5.551830768585205 280
1744890188473 5.5399394035339355 290
1744890198587 5.664064407348633 300
1744890209006 5.491652965545654 310
1744890219262 6.555244445800781 320
1744890229448 5.103900909423828 330
1744890239494 5.232204437255859 340
1744890249733 5.1710309982299805 350
1744890259949 5.133690357208252 360
1744890270039 4.947863578796387 370
1744890280268 5.513249397277832 380
1744890290320 4.811487197875977 390
1744890300614 5.172685146331787 400
1744890311308 5.108100891113281 410
1744890321415 4.825699329376221 420
1744890331576 5.51462459564209 430
1744890365955 4.786839008331299 440
1744890375987 5.2331414222717285 450
1744890386208 5.471643447875977 460
1744890396369 5.1486005783081055 470
1744890406615 4.996988296508789 480
1744890416906 5.0734333992004395 490
1744890427004 4.443069934844971 500
1744890437221 4.7520551681518555 510
1744890447457 5.8883843421936035 520
1744890457674 5.051957607269287 530
1744890468186 5.047825336456299 540
1744890478380 4.876458168029785 550
1744890488537 5.642221927642822 560
1744890498557 4.751309394836426 570
1744890508682 5.122121810913086 580
1744890518783 5.3520965576171875 590
1744890529222 5.453434944152832 600
1744890539574 4.980098247528076 610
1744890549699 4.596241474151611 620
1744890559894 4.928016185760498 630
1744890569993 5.722616195678711 640
1744890580444 5.342618942260742 650
1744890590678 4.787662029266357 660
1744890600922 5.45342493057251 670
1744890611235 5.111854076385498 680
1744890621577 4.627608299255371 690
1744890632011 5.4147772789001465 700
1744890642546 5.530553340911865 710
1744890652648 5.194595813751221 720
1744890662787 5.305459976196289 730
1744890672832 4.913917541503906 740
1744890683033 5.412151336669922 750
1744890693526 4.644374847412109 760
1744890703665 4.931915760040283 770
1744890713703 5.65355110168457 780
1744890723973 4.258360862731934 790
1744890734117 4.691741466522217 800
1744890744267 5.306257247924805 810
1744890754515 4.275704383850098 820
1744890764588 5.309298992156982 830
1744890775054 4.564949989318848 840
1744890785210 3.998943328857422 850
1744890795663 5.182873725891113 860
1744890830647 4.444594383239746 870
1744890840918 5.682628631591797 880
1744890851487 4.879185199737549 890
1744890861748 4.717958927154541 900
1744890871799 4.915843963623047 910
1744890882178 4.632933616638184 920
1744890892385 4.663272380828857 930
1744890902426 5.683773994445801 940
1744890912579 5.311357498168945 950
1744890922611 4.511074066162109 960
1744890932879 4.611849308013916 970
1744890942914 4.394851207733154 980
1744890953044 4.215814113616943 990
1744890963775 4.500723361968994 1000
1744890973911 5.178807258605957 1010
1744890984165 4.539674758911133 1020
1744890994414 4.7098846435546875 1030
1744891004571 5.300622463226318 1040
1744891014590 5.081941604614258 1050
1744891024799 4.430617332458496 1060
1744891035174 4.443633556365967 1070
1744891045321 5.0395588874816895 1080
1744891055544 4.599831581115723 1090
1744891065686 4.885387420654297 1100
1744891075920 5.274186611175537 1110
1744891086059 5.063295364379883 1120
1744891096120 4.475113868713379 1130
1744891106366 5.007509708404541 1140
1744891116488 4.269437789916992 1150
1744891126658 3.9216268062591553 1160
1744891136724 4.792656898498535 1170
1744891147112 4.996817588806152 1180
1744891157365 4.394406318664551 1190
1744891167398 3.7175650596618652 1200
1744891177813 4.912023544311523 1210
1744891188113 4.053127288818359 1220
1744891198344 4.087338447570801 1230
1744891208593 4.809252738952637 1240
1744891218742 4.449531078338623 1250
1744891229111 4.355599880218506 1260
1744891239425 4.525393486022949 1270
1744891249638 5.313934326171875 1280
1744891259772 4.306920051574707 1290
1744891294392 4.9887614250183105 1300
1744891304653 4.76051664352417 1310
1744891315412 4.574894428253174 1320
1744891325934 4.227626323699951 1330
1744891336637 4.500176429748535 1340
1744891346774 4.683050632476807 1350
1744891357692 3.8072316646575928 1360
1744891368007 3.4117929935455322 1370
1744891378679 4.396157741546631 1380
1744891388824 4.123687744140625 1390
1744891398899 4.145259380340576 1400
1744891409182 4.33622407913208 1410
1744891419199 4.032452583312988 1420
1744891429562 4.01308012008667 1430
1744891439602 3.7615551948547363 1440
1744891449732 3.8137311935424805 1450
1744891460370 3.651416540145874 1460
1744891470468 3.316641092300415 1470
1744891480602 4.723596572875977 1480
1744891490743 3.724769353866577 1490
1744891500925 4.187512397766113 1500
1744891511059 4.6914215087890625 1510
1744891521531 3.540336847305298 1520
1744891532147 3.894509792327881 1530
1744891542269 4.168914318084717 1540
1744891552640 4.734469890594482 1550
1744891563154 4.144961357116699 1560
1744891573516 3.5684237480163574 1570
1744891583604 3.2403242588043213 1580
1744891593623 3.668618679046631 1590
1744891603721 4.421194553375244 1600
1744891613786 4.262500286102295 1610
1744891623961 3.732001304626465 1620
1744891634205 3.7209296226501465 1630
1744891644414 2.989088773727417 1640
1744891654790 3.2739391326904297 1650
1744891664915 4.1080732345581055 1660
1744891675720 4.449031352996826 1670
1744891686428 3.702167510986328 1680
1744891696635 4.9352264404296875 1690
1744891706999 4.1971917152404785 1700
1744891717077 3.849489212036133 1710
1744891727221 3.7530109882354736 1720
1744891761968 2.890456438064575 1730
1744891772504 3.623163938522339 1740
1744891782745 3.5917999744415283 1750
1744891792861 4.9130353927612305 1760
1744891802872 2.805744171142578 1770
1744891813011 4.146028995513916 1780
1744891823042 4.289520740509033 1790
1744891833788 3.3344712257385254 1800
1744891844000 3.7651681900024414 1810
1744891854027 4.198055744171143 1820
1744891864055 3.928941488265991 1830
1744891874099 4.221171855926514 1840
1744891884275 4.262467384338379 1850
1744891894757 3.7262673377990723 1860
1744891905043 3.1047141551971436 1870
1744891915400 2.854752540588379 1880
1744891925469 3.3144471645355225 1890
1744891935676 3.5009288787841797 1900
1744891945791 3.757751226425171 1910
1744891956014 3.9715688228607178 1920
1744891966455 3.6058266162872314 1930
1744891976613 3.1000640392303467 1940
1744891986853 4.534783840179443 1950
1744891997235 4.235220909118652 1960
1744892007466 4.109745979309082 1970
1744892017955 4.308126449584961 1980
1744892028290 3.402684211730957 1990
1744892038811 4.012701034545898 2000
1744892049643 3.7118420600891113 2010
1744892060099 3.1341516971588135 2020
1744892070893 4.12706184387207 2030
1744892081435 3.468499183654785 2040
1744892091767 3.823434829711914 2050
1744892102085 3.1661267280578613 2060
1744892112452 2.8961358070373535 2070
1744892122992 3.6931233406066895 2080
1744892133226 3.7381505966186523 2090
1744892143404 3.0397026538848877 2100
1744892153686 4.123910903930664 2110
1744892163814 3.5037789344787598 2120
1744892173845 3.8173041343688965 2130
1744892183974 3.4672954082489014 2140
1744892194169 3.095702886581421 2150
1744892203779 4.04323673248291 2160
1744892239784 3.8674631118774414 2170
1744892249985 2.898862838745117 2180
1744892260084 3.8271217346191406 2190
1744892270324 3.1031548976898193 2200
1744892280686 4.317266464233398 2210
1744892291041 2.9884965419769287 2220
1744892301177 3.2189409732818604 2230
1744892311408 3.275881290435791 2240
1744892321570 3.097460985183716 2250
1744892331668 3.300098419189453 2260
1744892341874 2.9035232067108154 2270
1744892351879 3.0614609718322754 2280
1744892361978 2.8672945499420166 2290
1744892372007 4.258261203765869 2300
1744892382036 3.8919055461883545 2310
1744892392179 3.627797842025757 2320
1744892402521 2.890630006790161 2330
1744892412867 3.8046000003814697 2340
1744892422892 3.3763108253479004 2350
1744892433334 3.5514097213745117 2360
1744892443625 3.817528486251831 2370
1744892453873 4.164113521575928 2380
1744892463993 3.361572742462158 2390
1744892474001 3.4162235260009766 2400
1744892484130 3.2095844745635986 2410
1744892494276 2.6631922721862793 2420
1744892504550 2.823746919631958 2430
1744892514834 3.6046504974365234 2440
1744892524979 3.7899892330169678 2450
1744892535593 3.334012746810913 2460
1744892545936 3.8611841201782227 2470
1744892556095 3.9071507453918457 2480
1744892566601 3.9463417530059814 2490
1744892576695 3.8957436084747314 2500
1744892586897 2.8575756549835205 2510
1744892597100 3.6710145473480225 2520
1744892607300 3.3697242736816406 2530
1744892617498 3.433431625366211 2540
1744892627600 3.208540678024292 2550
1744892637688 3.131063461303711 2560
1744892647803 3.7366530895233154 2570
1744892657982 2.968799114227295 2580
1744892668119 2.8016254901885986 2590
1744892702850 2.4772603511810303 2600
1744892712937 2.7887961864471436 2610
1744892723191 3.0416831970214844 2620
1744892733243 3.0631871223449707 2630
1744892743378 3.145134210586548 2640
1744892753399 3.3888070583343506 2650
1744892763553 5.301649570465088 2660
1744892773681 3.423245429992676 2670
1744892783858 3.281371593475342 2680
1744892793983 2.7086691856384277 2690
1744892804158 2.6938328742980957 2700
1744892814306 4.090631008148193 2710
1744892824477 3.1983234882354736 2720
1744892834636 3.0423552989959717 2730
1744892844811 2.8963890075683594 2740
1744892854903 3.745995044708252 2750
1744892865069 3.2353200912475586 2760
1744892875326 3.509843587875366 2770
1744892885465 4.294918537139893 2780
1744892895619 3.6297457218170166 2790
1744892905718 2.5961849689483643 2800
1744892915944 2.998109817504883 2810
1744892926494 2.529989004135132 2820
1744892936796 3.4966840744018555 2830
1744892946949 2.9965453147888184 2840
1744892957215 2.944112539291382 2850
1744892967794 2.686903476715088 2860
1744892977926 3.1791253089904785 2870
1744892988179 3.2099204063415527 2880
1744892998305 3.380049467086792 2890
1744893008622 2.999610662460327 2900
1744893018806 4.701913356781006 2910
1744893028891 2.8982467651367188 2920
1744893039172 3.1699109077453613 2930
1744893049223 2.4739842414855957 2940
1744893059625 2.3573131561279297 2950
1744893069647 2.4971725940704346 2960
1744893079814 3.4349708557128906 2970
1744893089947 3.616572380065918 2980
1744893100010 2.280367136001587 2990
1744893110155 2.268855094909668 3000
1744893120188 2.751303195953369 3010
1744893130362 2.9716579914093018 3020
1744893165157 3.1813552379608154 3030
1744893175468 2.6898586750030518 3040
1744893185551 2.998008966445923 3050
1744893196080 3.201237678527832 3060
1744893206194 3.614513397216797 3070
1744893216692 3.836658477783203 3080
1744893226823 2.606518507003784 3090
1744893237039 3.5245306491851807 3100
1744893247323 2.497521162033081 3110
1744893257340 2.476256847381592 3120
1744893267548 2.993163824081421 3130
1744893277608 3.1671395301818848 3140
1744893287769 1.6701750755310059 3150
1744893297916 3.6709330081939697 3160
1744893307930 2.717190980911255 3170
1744893318070 3.0335190296173096 3180
1744893328132 2.8408455848693848 3190
1744893338294 2.5772554874420166 3200
1744893348496 3.8532216548919678 3210
1744893358544 2.714369773864746 3220
1744893368702 2.922855854034424 3230
1744893378736 3.068666934967041 3240
1744893388945 2.3741023540496826 3250
1744893399087 3.033644437789917 3260
1744893409220 2.9114668369293213 3270
1744893419376 2.7622690200805664 3280
1744893429441 3.2739145755767822 3290
1744893440070 2.8639163970947266 3300
1744893450127 3.462392568588257 3310
1744893460544 3.2890818119049072 3320
1744893470764 2.7805869579315186 3330
1744893480953 2.8554155826568604 3340
1744893491191 3.821160078048706 3350
1744893501376 3.01983642578125 3360
1744893511668 3.1787455081939697 3370
1744893521780 2.6598124504089355 3380
1744893531935 2.623924493789673 3390
1744893542198 2.656930923461914 3400
1744893552370 2.316713333129883 3410
1744893562712 3.7167510986328125 3420
1744893572978 3.4758689403533936 3430
1744893583502 2.801217555999756 3440
1744893593683 2.802079677581787 3450
1744893628684 2.5140185356140137 3460
1744893638982 2.418593406677246 3470
1744893649161 3.5103025436401367 3480
1744893659223 2.8122875690460205 3490
1744893669460 2.945148229598999 3500
1744893679499 2.8930227756500244 3510
1744893689744 4.3669352531433105 3520
1744893699789 2.3239686489105225 3530
1744893709925 3.5260672569274902 3540
1744893720058 3.0035581588745117 3550
1744893730215 3.4954607486724854 3560
1744893740368 2.9796721935272217 3570
1744893750465 2.474126100540161 3580
1744893760758 2.729447841644287 3590
1744893770906 3.1401522159576416 3600
1744893780922 2.8168108463287354 3610
1744893791113 2.678743839263916 3620
1744893801424 2.884368658065796 3630
1744893811685 2.6813480854034424 3640
1744893821704 2.9347333908081055 3650
1744893831919 3.7360363006591797 3660
1744893842035 2.439530611038208 3670
1744893852032 3.288585901260376 3680
1744893862247 2.2851831912994385 3690
1744893872287 3.2877023220062256 3700
1744893882518 2.317939043045044 3710
1744893892697 1.9092341661453247 3720
1744893902810 3.191671371459961 3730
1744893913013 2.8531315326690674 3740
1744893923062 2.189239025115967 3750
1744893933198 2.493405342102051 3760
1744893943425 2.5195164680480957 3770
1744893953602 2.7696356773376465 3780
1744893963743 2.541848659515381 3790
1744893973787 2.7420966625213623 3800
1744893983913 3.448012113571167 3810
1744893994035 2.010309934616089 3820
1744894004383 4.169251918792725 3830
1744894014608 2.3188061714172363 3840
1744894024971 2.864243745803833 3850
1744894035278 3.017956018447876 3860
1744894045669 3.14176607131958 3870
1744894055786 3.024778366088867 3880
1744894090557 3.397024393081665 3890
1744894100747 2.344127893447876 3900
1744894110888 3.163066864013672 3910
1744894120938 3.5202205181121826 3920
1744894130969 1.8746585845947266 3930
1744894141180 2.2894883155822754 3940
1744894151397 3.4825384616851807 3950
1744894161860 2.538020133972168 3960
1744894171941 2.4352145195007324 3970
1744894182266 2.2848474979400635 3980
1744894192910 2.231856107711792 3990
1744894203699 3.5160508155822754 4000
1744894213850 2.5786521434783936 4010
1744894223909 2.309929370880127 4020
1744894234042 2.959547519683838 4030
1744894244150 2.3080623149871826 4040
1744894254160 2.490001678466797 4050
1744894264429 3.0063445568084717 4060
1744894274751 2.204249858856201 4070
1744894284897 2.436105489730835 4080
1744894295001 2.841167688369751 4090
1744894305163 2.8949058055877686 4100
1744894315661 2.631859302520752 4110
1744894326066 3.0382797718048096 4120
1744894336274 3.1698384284973145 4130
1744894346802 3.185742139816284 4140
1744894356999 2.120791435241699 4150
1744894367178 3.256636142730713 4160
1744894377206 2.8410589694976807 4170
1744894387470 2.9495139122009277 4180
1744894397498 3.5366742610931396 4190
1744894407630 4.069811820983887 4200
1744894417657 3.212247610092163 4210
1744894427991 2.5440988540649414 4220
1744894438137 2.5281741619110107 4230
1744894448284 3.5151612758636475 4240
1744894458465 2.717679500579834 4250
1744894468654 3.4699647426605225 4260
1744894479016 1.6098843812942505 4270
1744894489139 2.888025999069214 4280
1744894499425 3.444089412689209 4290
1744894509810 3.356680393218994 4300
1744894519913 2.0495851039886475 4310
1744894529501 2.3811538219451904 4320
1744894564858 3.3920187950134277 4330
1744894574912 2.696234941482544 4340
1744894585108 2.2952957153320312 4350
1744894595262 2.4132838249206543 4360
1744894605318 2.6384665966033936 4370
1744894615423 3.4570178985595703 4380
1744894625511 3.1892640590667725 4390
1744894635846 2.1275572776794434 4400
1744894646004 2.821885824203491 4410
1744894656488 3.693192720413208 4420
1744894666805 2.7259483337402344 4430
1744894676895 3.422503709793091 4440
1744894687080 2.7438712120056152 4450
1744894697177 2.3026819229125977 4460
1744894707372 1.8235026597976685 4470
1744894717729 2.209670305252075 4480
1744894727869 2.213886022567749 4490
1744894738012 3.2067885398864746 4500
1744894748071 2.7703680992126465 4510
1744894758309 2.4152307510375977 4520
1744894768607 1.8628315925598145 4530
1744894778749 3.0228805541992188 4540
1744894788765 2.7603111267089844 4550
1744894799280 3.059077262878418 4560
1744894809612 2.4947023391723633 4570
1744894819773 2.7605154514312744 4580
1744894830106 3.723742723464966 4590
1744894840236 3.2830374240875244 4600
1744894850389 2.945619821548462 4610
1744894860609 3.5146737098693848 4620
1744894870809 3.0408754348754883 4630
1744894881000 2.068835496902466 4640
1744894891192 2.382296085357666 4650
1744894901344 2.941117763519287 4660
1744894911414 3.0373589992523193 4670
1744894921570 1.9133765697479248 4680
1744894931919 2.6199636459350586 4690
1744894942015 2.355729579925537 4700
1744894952157 2.999772787094116 4710
1744894962185 2.9711320400238037 4720
1744894972771 2.527899980545044 4730
1744894982833 3.6448793411254883 4740
1744894992977 2.544290065765381 4750
1744895028044 2.4098687171936035 4760
1744895038484 2.348212480545044 4770
1744895048601 3.0456724166870117 4780
1744895059059 2.1231350898742676 4790
1744895069096 2.735551118850708 4800
1744895079262 2.366938829421997 4810
1744895089421 3.6563448905944824 4820
1744895099535 2.841334819793701 4830
1744895109663 3.0296664237976074 4840
1744895119757 2.980888843536377 4850
1744895130073 2.4121487140655518 4860
1744895140204 2.954258680343628 4870
1744895150300 2.179194211959839 4880
1744895160769 3.138011932373047 4890
1744895170861 2.9431750774383545 4900
1744895181031 3.1092796325683594 4910
1744895191102 2.71272611618042 4920
1744895201455 2.6596617698669434 4930
1744895211602 2.2666380405426025 4940
1744895221635 2.635547637939453 4950
1744895231799 2.121656894683838 4960
1744895241859 2.3168346881866455 4970
1744895251991 2.4032576084136963 4980
1744895262136 2.4917032718658447 4990
1744895272486 3.17277193069458 5000
1744895282650 2.745241641998291 5010
1744895292668 1.6558958292007446 5020
1744895303356 2.524531126022339 5030
1744895313832 3.29331636428833 5040
1744895324024 3.8800463676452637 5050
1744895334164 2.6230146884918213 5060
1744895344233 2.8551385402679443 5070
1744895354396 1.791335105895996 5080
1744895364548 2.3803844451904297 5090
1744895374821 3.2924716472625732 5100
1744895385155 1.3997548818588257 5110
1744895395463 2.7005362510681152 5120
1744895405757 1.5815309286117554 5130
1744895415906 3.25396728515625 5140
1744895426148 3.183659315109253 5150
1744895436248 2.2386109828948975 5160
1744895446819 2.7299349308013916 5170
1744895457307 4.185769081115723 5180
1744895491976 2.182246685028076 5190
1744895502128 2.850170850753784 5200
1744895512339 2.8632752895355225 5210
1744895522862 3.487828016281128 5220
1744895533277 2.4151053428649902 5230
1744895543421 2.6285560131073 5240
1744895553707 2.0087718963623047 5250
1744895563874 2.347092390060425 5260
1744895574391 2.5447800159454346 5270
1744895584879 2.5179481506347656 5280
1744895594942 2.9765524864196777 5290
1744895605171 2.5085887908935547 5300
1744895615314 2.972898483276367 5310
1744895625956 2.2310853004455566 5320
1744895636250 3.2157745361328125 5330
1744895646376 2.1885385513305664 5340
1744895656536 2.6133546829223633 5350
1744895666595 3.2301437854766846 5360
1744895676861 2.626222610473633 5370
1744895687057 1.6609846353530884 5380
1744895697088 2.316067695617676 5390
1744895707302 2.653928756713867 5400
1744895717456 3.2265098094940186 5410
1744895727609 2.8288280963897705 5420
1744895737756 2.0953571796417236 5430
1744895747789 2.415539503097534 5440
1744895757955 2.7870266437530518 5450
1744895768202 2.1047420501708984 5460
1744895778351 2.4191253185272217 5470
1744895788469 3.4815762042999268 5480
1744895798618 3.2626523971557617 5490
1744895808819 3.722107172012329 5500
1744895818859 2.381772518157959 5510
1744895829016 2.502413272857666 5520
1744895839132 2.609408378601074 5530
1744895849374 1.8219256401062012 5540
1744895859638 2.6860971450805664 5550
1744895870457 3.323352575302124 5560
1744895881039 2.2417218685150146 5570
1744895891108 3.1546552181243896 5580
1744895901309 2.781881332397461 5590
1744895911355 2.9698963165283203 5600
1744895921533 3.2977168560028076 5610
1744895956503 2.097003698348999 5620
1744895966685 2.2934226989746094 5630
1744895976711 2.6097700595855713 5640
1744895986847 2.518995523452759 5650
1744895996898 1.8610774278640747 5660
1744896006999 2.2411279678344727 5670
1744896017215 2.05696702003479 5680
1744896027257 2.0262258052825928 5690
1744896037645 2.3849878311157227 5700
1744896047684 1.990521788597107 5710
1744896058011 3.6381967067718506 5720
1744896068130 2.0623767375946045 5730
1744896078195 2.6344707012176514 5740
1744896088399 2.3410263061523438 5750
1744896098582 1.8372092247009277 5760
1744896108782 2.6410491466522217 5770
1744896118823 2.6901352405548096 5780
1744896129165 2.2854111194610596 5790
1744896139293 2.9706943035125732 5800
1744896149334 2.562018871307373 5810
1744896159506 2.4954164028167725 5820
1744896169543 2.8564839363098145 5830
1744896179832 2.2898683547973633 5840
1744896189876 2.8251731395721436 5850
1744896200348 1.839327335357666 5860
1744896210651 2.660792589187622 5870
1744896220772 3.123356580734253 5880
1744896231004 3.0405123233795166 5890
1744896241056 2.764019012451172 5900
1744896251216 2.735614538192749 5910
1744896261418 1.8258094787597656 5920
1744896271504 2.8298025131225586 5930
1744896281642 3.1130030155181885 5940
1744896291701 3.754019021987915 5950
1744896301867 2.648860454559326 5960
1744896311916 2.400724411010742 5970
1744896322142 2.866502285003662 5980
1744896332609 2.7136030197143555 5990
1744896342856 3.270467758178711 6000
1744896353217 2.699331045150757 6010
1744896363379 2.4066452980041504 6020
1744896373636 2.8440301418304443 6030
1744896383890 2.3466153144836426 6040
1744896418735 2.5288829803466797 6050
1744896429219 2.378251791000366 6060
1744896439374 2.1863512992858887 6070
1744896449422 2.367795467376709 6080
1744896459892 1.5524039268493652 6090
1744896469993 2.8108341693878174 6100
1744896480159 1.946467399597168 6110
1744896490323 2.824993371963501 6120
1744896500371 2.0746161937713623 6130
1744896510838 2.821841239929199 6140
1744896521517 2.5894899368286133 6150
1744896532130 2.6927144527435303 6160
1744896542487 1.930135726928711 6170
1744896552753 2.1902573108673096 6180
1744896563036 2.362713575363159 6190
1744896573246 3.065640926361084 6200
1744896583653 2.8906822204589844 6210
1744896593744 2.9884026050567627 6220
1744896604213 2.4664111137390137 6230
1744896614711 2.549403429031372 6240
1744896624905 2.755298137664795 6250
1744896635754 3.2013356685638428 6260
1744896646555 3.3665177822113037 6270
1744896657070 2.7482988834381104 6280
1744896667316 2.274996519088745 6290
1744896677426 2.5719172954559326 6300
1744896687655 2.272113561630249 6310
1744896697775 2.7071244716644287 6320
1744896707988 1.8992716073989868 6330
1744896718185 2.8024072647094727 6340
1744896728363 1.977890968322754 6350
1744896738719 2.926743745803833 6360
1744896748893 1.364540457725525 6370
1744896759079 2.199022054672241 6380
1744896769174 3.418588399887085 6390
1744896779394 2.496816635131836 6400
1744896789616 2.608079195022583 6410
1744896799706 2.382406234741211 6420
1744896809928 2.5403902530670166 6430
1744896820031 1.9900661706924438 6440
1744896830306 3.431922674179077 6450
1744896840389 2.8257973194122314 6460
1744896850625 1.9498317241668701 6470
1744896860362 3.605264663696289 6480
1744896895340 2.3487582206726074 6490
1744896905384 1.8131006956100464 6500
1744896915620 2.703207015991211 6510
1744896925687 1.7478158473968506 6520
1744896935827 1.923940658569336 6530
1744896946002 2.561899185180664 6540
1744896956347 3.191835880279541 6550
1744896966524 1.5097500085830688 6560
1744896976588 1.6010619401931763 6570
1744896986834 2.322370767593384 6580
1744896996855 2.3306429386138916 6590
1744897007000 1.8264451026916504 6600
1744897017106 2.4390323162078857 6610
1744897027332 2.7941064834594727 6620
1744897037991 3.1307313442230225 6630
1744897048131 1.4144598245620728 6640
1744897058444 1.845218300819397 6650
1744897068764 2.1342053413391113 6660
1744897079232 1.0644203424453735 6670
1744897089593 2.6494898796081543 6680
1744897100117 2.103222131729126 6690
1744897110242 1.8947505950927734 6700
1744897120546 2.1760122776031494 6710
1744897130893 2.345842123031616 6720
1744897140916 2.713841199874878 6730
1744897151128 2.380399703979492 6740
1744897161188 3.1794791221618652 6750
1744897171394 2.056086778640747 6760
1744897181467 3.307621955871582 6770
1744897191593 2.663457155227661 6780
1744897201763 2.12087082862854 6790
1744897211904 2.6698381900787354 6800
1744897222008 1.443400263786316 6810
1744897232571 2.228257417678833 6820
1744897242778 2.3802132606506348 6830
1744897252916 1.833351731300354 6840
1744897263028 1.5811173915863037 6850
1744897273316 2.875765800476074 6860
1744897283441 2.4475064277648926 6870
1744897293504 2.5508832931518555 6880
1744897303711 3.121835947036743 6890
1744897313988 2.229928731918335 6900
1744897324399 1.7287722826004028 6910
1744897359604 2.373109817504883 6920
1744897369986 2.1377575397491455 6930
1744897380425 2.808783531188965 6940
1744897390651 2.500770330429077 6950
1744897400731 2.353792667388916 6960
1744897411064 2.6948111057281494 6970
1744897421295 2.6244490146636963 6980
1744897431397 2.8761801719665527 6990
1744897441624 2.3191142082214355 7000
1744897451667 2.2470555305480957 7010
1744897461939 1.650145411491394 7020
1744897472284 1.8613579273223877 7030
1744897482422 2.042776107788086 7040
1744897492711 1.8824827671051025 7050
1744897502742 2.2478396892547607 7060
1744897513107 1.3491946458816528 7070
1744897523152 2.5904388427734375 7080
1744897533273 2.4825212955474854 7090
1744897543482 1.619703769683838 7100
1744897553537 2.4169297218322754 7110
1744897563713 2.166187047958374 7120
1744897573811 1.9561173915863037 7130
1744897584036 3.128521203994751 7140
1744897594282 2.3311567306518555 7150
1744897604770 2.4394795894622803 7160
1744897615494 3.0020575523376465 7170
1744897625719 2.784433126449585 7180
1744897635932 2.1491734981536865 7190
1744897646081 1.6386373043060303 7200
1744897656222 2.1500258445739746 7210
1744897666501 1.859893560409546 7220
1744897676746 1.7365751266479492 7230
1744897687296 2.369898557662964 7240
1744897697452 1.6385114192962646 7250
1744897707760 2.249871253967285 7260
1744897717779 2.5115513801574707 7270
1744897727932 1.4895777702331543 7280
1744897738072 3.124236822128296 7290
1744897748072 2.8277809619903564 7300
1744897758299 2.0311272144317627 7310
1744897768464 2.753202199935913 7320
1744897778706 1.9193060398101807 7330
1744897789111 2.0996971130371094 7340
1744897823997 2.322880506515503 7350
1744897834018 2.2204713821411133 7360
1744897844231 1.3491367101669312 7370
1744897854301 2.0971744060516357 7380
1744897864446 1.9623477458953857 7390
1744897874592 2.0539588928222656 7400
1744897884749 3.0608303546905518 7410
1744897894892 2.543226957321167 7420
1744897904949 1.5752646923065186 7430
1744897915090 2.1845321655273438 7440
1744897925140 2.2178637981414795 7450
1744897935374 2.1700210571289062 7460
1744897945485 2.8687589168548584 7470
1744897955624 1.9850051403045654 7480
1744897965744 2.757260799407959 7490
1744897975819 2.127518653869629 7500
1744897986014 2.050978899002075 7510
1744897996071 1.890283226966858 7520
1744898006239 2.0540709495544434 7530
1744898016885 1.961594820022583 7540
1744898026909 2.3846888542175293 7550
1744898037086 2.9890146255493164 7560
1744898047524 0.8948895335197449 7570
1744898057995 2.493464708328247 7580
1744898068223 2.7780873775482178 7590
1744898078844 1.9330610036849976 7600
1744898088978 1.7320083379745483 7610
1744898099270 1.3873921632766724 7620
1744898109496 2.421086549758911 7630
1744898119531 2.623476028442383 7640
1744898129679 2.175281047821045 7650
1744898139728 1.9571149349212646 7660
1744898150046 1.9600721597671509 7670
1744898160180 2.426086187362671 7680
1744898170229 3.0355584621429443 7690
1744898180536 1.7583144903182983 7700
1744898190768 2.1908819675445557 7710
1744898201121 1.5928092002868652 7720
1744898211336 2.1930227279663086 7730
1744898221431 1.6220641136169434 7740
1744898231801 2.389376640319824 7750
1744898241851 2.4594473838806152 7760
1744898251993 1.4945766925811768 7770
1744898286528 1.8616886138916016 7780
1744898296796 2.4599769115448 7790
1744898306827 2.3269870281219482 7800
1744898317046 2.7476882934570312 7810
1744898327109 1.681006669998169 7820
1744898337389 0.777507483959198 7830
1744898347721 2.5050008296966553 7840
1744898357870 1.7049641609191895 7850
1744898368267 2.275160551071167 7860
1744898378297 2.7103662490844727 7870
1744898388457 1.9045183658599854 7880
1744898398623 2.183152198791504 7890
1744898408741 2.3167107105255127 7900
1744898418784 2.5981526374816895 7910
1744898428974 2.3038337230682373 7920
1744898439068 2.514261484146118 7930
1744898449250 1.8369373083114624 7940
1744898459395 3.32590389251709 7950
1744898469457 2.143386125564575 7960
1744898479955 2.363044023513794 7970
1744898490007 1.929663896560669 7980
1744898500361 2.09499192237854 7990
1744898510543 1.7707887887954712 8000
1744898521020 3.6408283710479736 8010
1744898531578 2.0717077255249023 8020
1744898541809 1.9857677221298218 8030
1744898551943 2.9264466762542725 8040
1744898562202 2.352182149887085 8050
1744898572463 1.8179932832717896 8060
1744898582733 3.461775302886963 8070
1744898592978 2.938347339630127 8080
1744898603161 2.0949995517730713 8090
1744898613649 2.029912233352661 8100
1744898623791 2.673095703125 8110
1744898634124 2.7222189903259277 8120
1744898644319 2.5622899532318115 8130
1744898654666 1.5033284425735474 8140
1744898664996 2.942172050476074 8150
1744898675411 2.5188186168670654 8160
1744898685638 1.4248676300048828 8170
1744898695884 1.8270878791809082 8180
1744898706121 1.7047902345657349 8190
1744898716284 2.4715416431427 8200
1744898751272 2.7631118297576904 8210
1744898761467 1.6432456970214844 8220
1744898772123 2.399503231048584 8230
1744898782196 3.1221601963043213 8240
1744898792729 2.3068325519561768 8250
1744898802788 2.217097759246826 8260
1744898813007 1.6855182647705078 8270
1744898823143 1.9027374982833862 8280
1744898833346 2.04754900932312 8290
1744898843655 1.8271960020065308 8300
1744898853924 2.618044853210449 8310
1744898864405 1.816246509552002 8320
1744898874604 2.529689311981201 8330
1744898884785 2.5217251777648926 8340
1744898894997 2.0995378494262695 8350
1744898905116 1.7181271314620972 8360
1744898915457 1.8873118162155151 8370
1744898925539 1.5000211000442505 8380
1744898935696 1.5367170572280884 8390
1744898945751 1.9194241762161255 8400
1744898955969 1.9691288471221924 8410
1744898966216 1.2433545589447021 8420
1744898976461 1.3533211946487427 8430
1744898986915 2.6760687828063965 8440
1744898996953 1.713703989982605 8450
1744899007172 2.0845398902893066 8460
1744899017233 1.4162119626998901 8470
1744899027523 2.7347090244293213 8480
1744899037831 3.023197650909424 8490
1744899047927 2.0355260372161865 8500
1744899058608 2.6768620014190674 8510
1744899068714 3.2181241512298584 8520
1744899078881 1.6784180402755737 8530
1744899089020 1.3304461240768433 8540
1744899099229 1.3248798847198486 8550
1744899109470 2.2898166179656982 8560
1744899119552 2.816011667251587 8570
1744899129740 1.287465214729309 8580
1744899139857 1.649019718170166 8590
1744899150072 2.5783534049987793 8600
1744899160650 2.5890793800354004 8610
1744899170710 2.0731732845306396 8620
1744899181088 2.6976802349090576 8630
1744899190856 2.8866565227508545 8640
1744899225890 2.380394220352173 8650
1744899236019 1.489258050918579 8660
1744899246187 3.525097608566284 8670
1744899256641 1.673832654953003 8680
1744899266843 1.864943504333496 8690
1744899276886 2.8186559677124023 8700
1744899287012 3.410256862640381 8710
1744899297256 1.4810240268707275 8720
1744899307506 2.239121437072754 8730
1744899317840 2.515937089920044 8740
1744899327920 2.114830255508423 8750
1744899338133 1.2129404544830322 8760
1744899348247 1.1325911283493042 8770
1744899358571 2.8234193325042725 8780
1744899368751 0.8332666754722595 8790
1744899378797 1.6627634763717651 8800
1744899388998 1.945332646369934 8810
1744899399389 2.376844882965088 8820
1744899409581 2.183896064758301 8830
1744899419616 1.7478172779083252 8840
1744899429807 2.400660276412964 8850
1744899440044 2.14370059967041 8860
1744899450101 1.8119735717773438 8870
1744899460257 2.07773756980896 8880
1744899470412 2.8147432804107666 8890
1744899480582 2.2652976512908936 8900
1744899490884 1.7485893964767456 8910
1744899501048 1.8494967222213745 8920
1744899511965 2.431161880493164 8930
1744899522372 2.048146963119507 8940
1744899532586 1.959374189376831 8950
1744899542658 1.7951602935791016 8960
1744899552845 2.091496467590332 8970
1744899563168 2.870366334915161 8980
1744899573536 2.550999164581299 8990
1744899583686 2.4271438121795654 9000
1744899593896 1.1417078971862793 9010
1744899604280 1.5058293342590332 9020
1744899614331 3.9749178886413574 9030
1744899624476 1.979119896888733 9040
1744899634727 1.5171434879302979 9050
1744899644925 1.9343609809875488 9060
1744899655269 3.251941680908203 9070
1744899689847 1.5143671035766602 9080
1744899699929 2.7697055339813232 9090
1744899710073 1.8124130964279175 9100
1744899720085 2.0873193740844727 9110
1744899730110 2.615927219390869 9120
1744899740314 2.2835731506347656 9130
1744899750330 1.319248914718628 9140
1744899760737 1.6645348072052002 9150
1744899770920 2.092247247695923 9160
1744899781644 2.9823122024536133 9170
1744899792181 2.4954051971435547 9180
1744899802399 2.19992995262146 9190
1744899812719 2.115039348602295 9200
1744899822772 2.266744613647461 9210
1744899833082 2.163882255554199 9220
1744899843611 2.3452298641204834 9230
1744899853778 1.585160732269287 9240
1744899863944 2.3822081089019775 9250
1744899874243 2.2966716289520264 9260
1744899884404 1.0561211109161377 9270
1744899894690 0.6600616574287415 9280
1744899904924 1.5744367837905884 9290
1744899915919 3.0727033615112305 9300
1744899926453 2.1534104347229004 9310
1744899936847 2.245020627975464 9320
1744899947056 1.9039523601531982 9330
1744899957593 1.684953212738037 9340
1744899967887 2.0015082359313965 9350
1744899977977 1.7442506551742554 9360
1744899988112 2.5092530250549316 9370
1744899998156 2.7659881114959717 9380
1744900008379 1.8161743879318237 9390
1744900018468 1.9978150129318237 9400
1744900028621 3.0194268226623535 9410
1744900038759 1.655997395515442 9420
1744900048800 1.980546474456787 9430
1744900059018 1.9286013841629028 9440
1744900069096 1.7336002588272095 9450
1744900079331 2.1420998573303223 9460
1744900089675 2.9405150413513184 9470
1744900099876 1.5354092121124268 9480
1744900110272 2.169220209121704 9490
1744900120354 2.907613515853882 9500
1744900154972 2.5343735218048096 9510
1744900165185 3.1042308807373047 9520
1744900175255 1.465912103652954 9530
1744900185314 1.922163724899292 9540
1744900195828 2.465880870819092 9550
1744900205947 1.4094583988189697 9560
1744900216307 1.8946716785430908 9570
1744900226337 2.2859766483306885 9580
1744900236516 1.7823575735092163 9590
1744900246638 1.67609703540802 9600
1744900256785 2.3455417156219482 9610
1744900266930 1.3900455236434937 9620
1744900276983 2.859269618988037 9630
1744900287116 1.7348002195358276 9640
1744900297194 3.011496067047119 9650
1744900307446 2.765296220779419 9660
1744900317689 1.5398554801940918 9670
1744900328035 1.7345894575119019 9680
1744900338260 2.1219124794006348 9690
1744900348310 1.8058563470840454 9700
1744900358550 2.332697629928589 9710
1744900368736 1.246416449546814 9720
1744900378934 1.4075688123703003 9730
1744900389285 1.8114213943481445 9740
1744900399318 2.1517930030822754 9750
1744900409495 2.631863832473755 9760
1744900419558 1.1136001348495483 9770
1744900429707 1.662213683128357 9780
1744900439830 2.404788017272949 9790
1744900450040 1.767736792564392 9800
1744900460264 1.9566694498062134 9810
1744900470333 1.0793044567108154 9820
1744900480667 0.6664063334465027 9830
1744900490737 3.115818977355957 9840
1744900500896 2.830543279647827 9850
1744900511095 1.6286027431488037 9860
1744900521182 1.6399575471878052 9870
1744900531287 1.955696940422058 9880
1744900541337 2.3057878017425537 9890
1744900551505 2.476933717727661 9900
1744900561899 1.5910673141479492 9910
1744900572136 0.4070723056793213 9920
1744900582292 1.3982744216918945 9930
1744900617120 1.6810086965560913 9940
1744900627157 2.1951372623443604 9950
1744900637302 2.3307793140411377 9960
1744900647368 2.71777081489563 9970
1744900657595 1.5406262874603271 9980
1744900667899 2.36679744720459 9990
1744900677967 2.5109994411468506 10000
1744900688145 1.2735918760299683 10010
1744900698263 2.767113447189331 10020
1744900708533 1.2373046875 10030
1744900719187 2.2779858112335205 10040
1744900729248 1.7709766626358032 10050
1744900739615 1.873302698135376 10060
1744900749650 1.97896146774292 10070
1744900759820 1.4262927770614624 10080
1744900770298 2.8887457847595215 10090
1744900781168 2.7786660194396973 10100
1744900791531 1.658150315284729 10110
1744900801604 2.1640706062316895 10120
1744900811797 1.1823457479476929 10130
1744900821835 1.0629088878631592 10140
1744900832029 1.9687741994857788 10150
1744900842218 1.6636292934417725 10160
1744900852279 1.7271541357040405 10170
1744900862498 0.9580385684967041 10180
1744900872549 2.20084547996521 10190
1744900882809 2.3380703926086426 10200
1744900892855 2.085744857788086 10210
1744900903451 1.2490109205245972 10220
1744900913912 1.0832948684692383 10230
1744900924156 2.02412486076355 10240
1744900934422 1.40028977394104 10250
1744900944646 1.52698814868927 10260
1744900955252 1.655901551246643 10270
1744900965503 2.96755051612854 10280
1744900975757 2.0775246620178223 10290
1744900985888 2.1763718128204346 10300
1744900995943 1.3521112203598022 10310
1744901006075 2.4739623069763184 10320
1744901016133 1.9389872550964355 10330
1744901026282 1.8459930419921875 10340
1744901036486 2.3929378986358643 10350
1744901046549 2.7409229278564453 10360
1744901081264 3.02755069732666 10370
1744901091681 2.2395684719085693 10380
1744901101744 2.5157337188720703 10390
1744901112025 1.6829249858856201 10400
1744901122108 2.5158021450042725 10410
1744901132156 2.139456033706665 10420
1744901142299 2.3617441654205322 10430
1744901152333 2.738245725631714 10440
1744901162554 1.7663133144378662 10450
1744901172604 2.4206831455230713 10460
1744901182757 2.682807445526123 10470
1744901192804 1.5367403030395508 10480
1744901203015 1.8413296937942505 10490
1744901213228 2.5241360664367676 10500
1744901223264 2.3956820964813232 10510
1744901233489 2.0012216567993164 10520
1744901243593 1.6540260314941406 10530
1744901253762 3.0354223251342773 10540
1744901264257 3.3240928649902344 10550
1744901274320 3.3256893157958984 10560
1744901284763 2.5264475345611572 10570
1744901294821 2.484081506729126 10580
1744901304981 1.6476705074310303 10590
1744901315033 1.7503374814987183 10600
1744901325317 1.4614039659500122 10610
1744901335459 1.3473632335662842 10620
1744901345604 1.4505337476730347 10630
1744901355880 1.9874569177627563 10640
1744901366015 1.4427623748779297 10650
1744901376392 2.348902940750122 10660
1744901386666 1.6992391347885132 10670
1744901396717 1.8675048351287842 10680
1744901406832 2.736821174621582 10690
1744901416916 2.2721774578094482 10700
1744901427070 2.4260497093200684 10710
1744901437146 1.425391435623169 10720
1744901447313 2.4257919788360596 10730
1744901457464 1.5371567010879517 10740
1744901467755 1.6579854488372803 10750
1744901477973 2.155315637588501 10760
1744901488364 1.7950336933135986 10770
1744901498728 1.606490135192871 10780
1744901508894 2.001502513885498 10790
1744901518603 1.585411548614502 10800
1744901554365 1.3007049560546875 10810
1744901565134 2.1029980182647705 10820
1744901575645 2.011863946914673 10830
1744901586092 0.38298964500427246 10840
1744901596667 2.182661533355713 10850
1744901606801 1.0172032117843628 10860
1744901617013 3.1873903274536133 10870
1744901627135 1.979461908340454 10880
1744901637446 2.296515464782715 10890
1744901647551 1.6604610681533813 10900
1744901657815 1.609932541847229 10910
1744901667856 2.11887788772583 10920
1744901678009 2.906014919281006 10930
1744901688137 1.7854459285736084 10940
1744901698335 2.5301127433776855 10950
1744901708741 2.294076919555664 10960
1744901718832 1.928231954574585 10970
1744901729345 2.524611234664917 10980
1744901740198 1.1225584745407104 10990
1744901750276 2.834913969039917 11000
1744901760468 2.8956384658813477 11010
1744901770577 0.8465774059295654 11020
1744901780777 2.5098888874053955 11030
1744901790843 2.064263105392456 11040
1744901801085 2.4952244758605957 11050
1744901811363 2.7936575412750244 11060
1744901821778 1.9424155950546265 11070
1744901832015 1.4909231662750244 11080
1744901842084 1.8025715351104736 11090
1744901852281 1.7197809219360352 11100
1744901862342 1.2659908533096313 11110
1744901872508 1.1590107679367065 11120
1744901882698 2.023023843765259 11130
1744901892816 1.986265778541565 11140
1744901903411 2.0094940662384033 11150
1744901913603 3.081116199493408 11160
1744901923942 1.6614564657211304 11170
1744901934357 1.6842474937438965 11180
1744901944467 2.139009475708008 11190
1744901954688 1.7896595001220703 11200
1744901964765 1.207780122756958 11210
1744901974960 1.9292906522750854 11220
1744901985157 3.1997478008270264 11230
1744902019648 2.079913854598999 11240
1744902029869 1.648807406425476 11250
1744902040073 2.1934115886688232 11260
1744902050145 1.7050256729125977 11270
1744902060283 1.2379803657531738 11280
1744902070339 1.3775928020477295 11290
1744902080610 2.4358747005462646 11300
1744902090782 0.9714616537094116 11310
1744902100908 3.2097136974334717 11320
1744902111148 1.9946637153625488 11330
1744902121225 1.7846039533615112 11340
1744902131361 0.9313793778419495 11350
1744902141499 1.9104365110397339 11360
1744902151653 2.4219400882720947 11370
1744902161716 2.9184699058532715 11380
1744902171845 2.1370582580566406 11390
1744902181988 0.880244791507721 11400
1744902192047 2.6200287342071533 11410
1744902202207 1.2210687398910522 11420
1744902212323 1.8541446924209595 11430
1744902222512 1.4966933727264404 11440
1744902232671 2.7009849548339844 11450
1744902242808 1.4956672191619873 11460
1744902253078 0.1682744175195694 11470
1744902263379 2.4722187519073486 11480
1744902273991 1.7440158128738403 11490
1744902284226 1.6933592557907104 11500
1744902294472 2.870387554168701 11510
1744902304595 1.7732880115509033 11520
1744902315014 1.490596055984497 11530
1744902325670 2.6953041553497314 11540
1744902335825 2.607119083404541 11550
1744902345853 1.3795957565307617 11560
1744902356154 2.226688861846924 11570
1744902366356 1.3969032764434814 11580
1744902376885 1.1484129428863525 11590
1744902387021 1.1288632154464722 11600
1744902397173 1.6173593997955322 11610
1744902407314 2.306879758834839 11620
1744902417373 1.610966444015503 11630
1744902427520 1.6295397281646729 11640
1744902437764 1.81560480594635 11650
1744902447884 1.6464099884033203 11660
1744902482900 2.866877555847168 11670
1744902493296 0.8539838194847107 11680
1744902503353 3.5633933544158936 11690
1744902513577 2.1341960430145264 11700
1744902523640 0.9823160171508789 11710
1744902533823 1.621930480003357 11720
1744902543878 1.7657790184020996 11730
1744902554069 1.6493747234344482 11740
1744902564502 2.402876138687134 11750
1744902574765 2.442516565322876 11760
1744902585239 1.793183445930481 11770
1744902595299 2.0552783012390137 11780
1744902605451 1.8441952466964722 11790
1744902615785 1.6655455827713013 11800
1744902626023 2.5624167919158936 11810
1744902636223 2.903348445892334 11820
1744902646716 2.0214931964874268 11830
1744902656917 1.8777549266815186 11840
1744902667078 1.362069010734558 11850
1744902677344 1.9074090719223022 11860
1744902687482 1.7782835960388184 11870
1744902697680 1.334665060043335 11880
1744902707996 0.7888456583023071 11890
1744902718062 0.7588624954223633 11900
1744902728239 1.6147966384887695 11910
1744902738405 2.0674827098846436 11920
1744902748487 2.150883197784424 11930
1744902758771 2.407627582550049 11940
1744902769179 1.9314476251602173 11950
1744902779644 1.541731357574463 11960
1744902789757 2.429500102996826 11970
1744902800042 1.3438221216201782 11980
1744902810223 1.3998527526855469 11990
1744902820294 1.9462774991989136 12000
1744902830452 0.9808010458946228 12010
1744902840502 2.15701961517334 12020
1744902850696 2.337893009185791 12030
1744902860863 2.9351465702056885 12040
1744902870977 2.2563283443450928 12050
1744902881236 1.9221258163452148 12060
1744902891291 2.0372934341430664 12070
1744902901499 1.3892426490783691 12080
1744902911675 2.207071542739868 12090
1744902946358 3.028388261795044 12100
1744902956684 2.113246440887451 12110
1744902966843 2.355774164199829 12120
1744902976943 1.4828683137893677 12130
1744902987247 2.0152623653411865 12140
1744902997546 2.5704798698425293 12150
1744903007767 0.7264243960380554 12160
1744903017829 1.7022629976272583 12170
1744903027967 2.3037352561950684 12180
1744903038252 2.3088603019714355 12190
1744903048297 2.0745928287506104 12200
1744903058557 1.3676016330718994 12210
1744903068611 2.4674487113952637 12220
1744903078779 2.389106035232544 12230
1744903089092 1.8971244096755981 12240
1744903099212 1.7335450649261475 12250
1744903109535 2.1718955039978027 12260
1744903119617 2.0136964321136475 12270
1744903129797 1.6337946653366089 12280
1744903139926 1.8305104970932007 12290
1744903150082 1.996740460395813 12300
1744903160241 1.34299898147583 12310
1744903170295 1.7947031259536743 12320
1744903180451 1.7637078762054443 12330
1744903190516 2.1071391105651855 12340
1744903200914 1.379640817642212 12350
1744903211093 1.5375089645385742 12360
1744903221143 2.52616024017334 12370
1744903231695 2.3467659950256348 12380
1744903241770 2.5250847339630127 12390
1744903251936 2.1938769817352295 12400
1744903262118 2.2927775382995605 12410
1744903272313 3.4481873512268066 12420
1744903282479 1.7220021486282349 12430
1744903292532 2.1230714321136475 12440
1744903302790 1.1637873649597168 12450
1744903313154 1.9546756744384766 12460
1744903323395 1.3203247785568237 12470
1744903333444 1.8624016046524048 12480
1744903343816 1.995697259902954 12490
1744903354112 1.8772008419036865 12500
1744903364169 1.7081530094146729 12510
1744903374740 1.425205111503601 12520
1744903409333 1.6658686399459839 12530
1744903419438 2.1324570178985596 12540
1744903429712 3.1682872772216797 12550
1744903439856 2.2273647785186768 12560
1744903449858 2.5505824089050293 12570
1744903460087 1.5951348543167114 12580
1744903470619 1.9523775577545166 12590
1744903480870 1.3565045595169067 12600
1744903491110 2.4271414279937744 12610
1744903501270 1.5314401388168335 12620
1744903511404 1.3287451267242432 12630
1744903521446 2.0748441219329834 12640
1744903531599 2.889827251434326 12650
1744903541860 1.3343327045440674 12660
1744903552230 2.45768404006958 12670
1744903562524 2.0032622814178467 12680
1744903572615 1.311501145362854 12690
1744903582820 1.5306187868118286 12700
1744903592902 0.9958235025405884 12710
1744903603027 2.387906312942505 12720
1744903613073 1.6790615320205688 12730
1744903623192 0.807651162147522 12740
1744903633339 1.6496357917785645 12750
1744903643378 2.8818678855895996 12760
1744903653506 0.7408602237701416 12770
1744903663557 2.302682399749756 12780
1744903673829 2.322545051574707 12790
1744903683998 2.097194194793701 12800
1744903694358 1.614261507987976 12810
1744903704576 2.8375983238220215 12820
1744903714798 2.048346757888794 12830
1744903724950 1.7411097288131714 12840
1744903734978 1.5797289609909058 12850
1744903745094 2.751396894454956 12860
1744903755151 1.2816194295883179 12870
1744903765526 1.9301872253417969 12880
1744903775652 2.1967079639434814 12890
1744903785946 2.654755115509033 12900
1744903796067 1.6303309202194214 12910
1744903806338 1.7655961513519287 12920
1744903816757 1.9009337425231934 12930
1744903826885 1.7667914628982544 12940
1744903837042 1.4144588708877563 12950
1744903846649 2.425008535385132 12960
