1744889899903 6.944444444444445e-07 10
1744889910693 1.4660493827160495e-06 20
1744889921033 2.2376543209876545e-06 30
1744889931730 3.0092592592592593e-06 40
1744889941787 3.7808641975308645e-06 50
1744889952092 4.552469135802469e-06 60
1744889962337 5.324074074074074e-06 70
1744889972486 6.09567901234568e-06 80
1744889982710 6.8672839506172845e-06 90
1744889992767 7.63888888888889e-06 100
1744890003084 8.410493827160495e-06 110
1744890013240 9.1820987654321e-06 120
1744890023474 9.953703703703704e-06 130
1744890034046 1.072530864197531e-05 140
1744890044112 1.1496913580246914e-05 150
1744890054596 1.2268518518518519e-05 160
1744890064757 1.3040123456790124e-05 170
1744890074944 1.381172839506173e-05 180
1744890085180 1.4583333333333335e-05 190
1744890095372 1.5354938271604938e-05 200
1744890106121 1.6126543209876543e-05 210
1744890116342 1.6898148148148148e-05 220
1744890127309 1.7669753086419756e-05 230
1744890137479 1.8441358024691357e-05 240
1744890147583 1.9212962962962962e-05 250
1744890157911 1.998456790123457e-05 260
1744890168092 2.0756172839506175e-05 270
1744890178285 2.152777777777778e-05 280
1744890188473 2.2299382716049384e-05 290
1744890198587 2.307098765432099e-05 300
1744890209006 2.3842592592592594e-05 310
1744890219262 2.46141975308642e-05 320
1744890229448 2.5385802469135807e-05 330
1744890239494 2.615740740740741e-05 340
1744890249733 2.692901234567901e-05 350
1744890259949 2.7700617283950618e-05 360
1744890270039 2.8472222222222223e-05 370
1744890280268 2.924382716049383e-05 380
1744890290320 3.0015432098765432e-05 390
1744890300614 3.0787037037037034e-05 400
1744890311308 3.1558641975308645e-05 410
1744890321415 3.233024691358025e-05 420
1744890331576 3.3101851851851855e-05 430
1744890365955 3.387345679012346e-05 440
1744890375987 3.4645061728395064e-05 450
1744890386208 3.541666666666667e-05 460
1744890396369 3.6188271604938274e-05 470
1744890406615 3.695987654320988e-05 480
1744890416906 3.7731481481481484e-05 490
1744890427004 3.850308641975309e-05 500
1744890437221 3.927469135802469e-05 510
1744890447457 4.00462962962963e-05 520
1744890457674 4.08179012345679e-05 530
1744890468186 4.158950617283951e-05 540
1744890478380 4.236111111111111e-05 550
1744890488537 4.313271604938272e-05 560
1744890498557 4.390432098765432e-05 570
1744890508682 4.467592592592593e-05 580
1744890518783 4.544753086419754e-05 590
1744890529222 4.6219135802469136e-05 600
1744890539574 4.699074074074074e-05 610
1744890549699 4.7762345679012346e-05 620
1744890559894 4.853395061728395e-05 630
1744890569993 4.930555555555556e-05 640
1744890580444 5.007716049382716e-05 650
1744890590678 5.0848765432098765e-05 660
1744890600922 5.1620370370370377e-05 670
1744890611235 5.239197530864198e-05 680
1744890621577 5.316358024691358e-05 690
1744890632011 5.393518518518519e-05 700
1744890642546 5.4706790123456796e-05 710
1744890652648 5.5478395061728394e-05 720
1744890662787 5.6250000000000005e-05 730
1744890672832 5.702160493827161e-05 740
1744890683033 5.779320987654321e-05 750
1744890693526 5.856481481481482e-05 760
1744890703665 5.9336419753086424e-05 770
1744890713703 6.010802469135802e-05 780
1744890723973 6.0879629629629634e-05 790
1744890734117 6.165123456790125e-05 800
1744890744267 6.242283950617285e-05 810
1744890754515 6.319444444444444e-05 820
1744890764588 6.396604938271606e-05 830
1744890775054 6.473765432098766e-05 840
1744890785210 6.550925925925926e-05 850
1744890795663 6.628086419753087e-05 860
1744890830647 6.705246913580248e-05 870
1744890840918 6.782407407407407e-05 880
1744890851487 6.859567901234568e-05 890
1744890861748 6.93672839506173e-05 900
1744890871799 7.013888888888888e-05 910
1744890882178 7.091049382716049e-05 920
1744890892385 7.168209876543211e-05 930
1744890902426 7.245370370370371e-05 940
1744890912579 7.32253086419753e-05 950
1744890922611 7.399691358024692e-05 960
1744890932879 7.476851851851853e-05 970
1744890942914 7.554012345679012e-05 980
1744890953044 7.631172839506174e-05 990
1744890963775 7.708333333333334e-05 1000
1744890973911 7.785493827160493e-05 1010
1744890984165 7.862654320987655e-05 1020
1744890994414 7.939814814814816e-05 1030
1744891004571 8.016975308641975e-05 1040
1744891014590 8.094135802469137e-05 1050
1744891024799 8.171296296296297e-05 1060
1744891035174 8.248456790123457e-05 1070
1744891045321 8.325617283950618e-05 1080
1744891055544 8.402777777777778e-05 1090
1744891065686 8.479938271604939e-05 1100
1744891075920 8.5570987654321e-05 1110
1744891086059 8.63425925925926e-05 1120
1744891096120 8.71141975308642e-05 1130
1744891106366 8.788580246913581e-05 1140
1744891116488 8.865740740740741e-05 1150
1744891126658 8.942901234567902e-05 1160
1744891136724 9.020061728395062e-05 1170
1744891147112 9.097222222222223e-05 1180
1744891157365 9.174382716049383e-05 1190
1744891167398 9.251543209876544e-05 1200
1744891177813 9.328703703703704e-05 1210
1744891188113 9.405864197530865e-05 1220
1744891198344 9.483024691358025e-05 1230
1744891208593 9.560185185185186e-05 1240
1744891218742 9.637345679012346e-05 1250
1744891229111 9.714506172839507e-05 1260
1744891239425 9.791666666666667e-05 1270
1744891249638 9.868827160493828e-05 1280
1744891259772 9.945987654320988e-05 1290
1744891294392 9.99999836774797e-05 1300
1744891304653 9.999969349963714e-05 1310
1744891315412 9.999904060154386e-05 1320
1744891325934 9.999802498793624e-05 1330
1744891336637 9.999664666618205e-05 1340
1744891346774 9.999490564628022e-05 1350
1744891357692 9.999280194086089e-05 1360
1744891368007 9.99903355651853e-05 1370
1744891378679 9.998750653714562e-05 1380
1744891388824 9.998431487726491e-05 1390
1744891398899 9.998076060869693e-05 1400
1744891409182 9.997684375722592e-05 1410
1744891419199 9.997256435126645e-05 1420
1744891429562 9.99679224218633e-05 1430
1744891439602 9.996291800269109e-05 1440
1744891449732 9.995755113005414e-05 1450
1744891460370 9.995182184288614e-05 1460
1744891470468 9.994573018274991e-05 1470
1744891480602 9.993927619383712e-05 1480
1744891490743 9.993245992296789e-05 1490
1744891500925 9.99252814195905e-05 1500
1744891511059 9.991774073578106e-05 1510
1744891521531 9.990983792624306e-05 1520
1744891532147 9.990157304830707e-05 1530
1744891542269 9.989294616193017e-05 1540
1744891552640 9.988395732969573e-05 1550
1744891563154 9.987460661681276e-05 1560
1744891573516 9.986489409111551e-05 1570
1744891583604 9.985481982306304e-05 1580
1744891593623 9.984438388573859e-05 1590
1744891603721 9.983358635484916e-05 1600
1744891613786 9.982242730872488e-05 1610
1744891623961 9.981090682831851e-05 1620
1744891634205 9.979902499720477e-05 1630
1744891644414 9.978678190157982e-05 1640
1744891654790 9.977417763026055e-05 1650
1744891664915 9.976121227468405e-05 1660
1744891675720 9.97478859289068e-05 1670
1744891686428 9.973419868960412e-05 1680
1744891696635 9.97201506560694e-05 1690
1744891706999 9.970574193021339e-05 1700
1744891717077 9.969097261656344e-05 1710
1744891727221 9.967584282226281e-05 1720
1744891761968 9.966035265706984e-05 1730
1744891772504 9.964450223335713e-05 1740
1744891782745 9.962829166611077e-05 1750
1744891792861 9.961172107292953e-05 1760
1744891802872 9.959479057402392e-05 1770
1744891813011 9.957750029221542e-05 1780
1744891823042 9.955985035293546e-05 1790
1744891833788 9.954184088422465e-05 1800
1744891844000 9.95234720167318e-05 1810
1744891854027 9.950474388371289e-05 1820
1744891864055 9.948565662103023e-05 1830
1744891874099 9.946621036715142e-05 1840
1744891884275 9.94464052631483e-05 1850
1744891894757 9.9426241452696e-05 1860
1744891905043 9.94057190820719e-05 1870
1744891915400 9.938483830015445e-05 1880
1744891925469 9.936359925842225e-05 1890
1744891935676 9.934200211095288e-05 1900
1744891945791 9.932004701442171e-05 1910
1744891956014 9.92977341281009e-05 1920
1744891966455 9.927506361385817e-05 1930
1744891976613 9.925203563615561e-05 1940
1744891986853 9.922865036204851e-05 1950
1744891997235 9.920490796118418e-05 1960
1744892007466 9.918080860580064e-05 1970
1744892017955 9.915635247072547e-05 1980
1744892028290 9.913153973337446e-05 1990
1744892038811 9.910637057375035e-05 2000
1744892049643 9.908084517444155e-05 2010
1744892060099 9.905496372062078e-05 2020
1744892070893 9.902872640004373e-05 2030
1744892081435 9.900213340304772e-05 2040
1744892091767 9.897518492255032e-05 2050
1744892102085 9.894788115404788e-05 2060
1744892112452 9.892022229561426e-05 2070
1744892122992 9.88922085478992e-05 2080
1744892133226 9.886384011412706e-05 2090
1744892143404 9.88351172000952e-05 2100
1744892153686 9.880604001417253e-05 2110
1744892163814 9.877660876729804e-05 2120
1744892173845 9.874682367297922e-05 2130
1744892183974 9.871668494729054e-05 2140
1744892194169 9.868619280887185e-05 2150
1744892203779 9.865534747892684e-05 2160
1744892239784 9.862414918122141e-05 2170
1744892249985 9.859259814208199e-05 2180
1744892260084 9.856069459039404e-05 2190
1744892270324 9.852843875760025e-05 2200
1744892280686 9.849583087769893e-05 2210
1744892291041 9.846287118724231e-05 2220
1744892301177 9.842955992533478e-05 2230
1744892311408 9.839589733363121e-05 2240
1744892321570 9.836188365633519e-05 2250
1744892331668 9.83275191401972e-05 2260
1744892341874 9.829280403451289e-05 2270
1744892351879 9.825773859112126e-05 2280
1744892361978 9.822232306440278e-05 2290
1744892372007 9.818655771127759e-05 2300
1744892382036 9.815044279120367e-05 2310
1744892392179 9.811397856617486e-05 2320
1744892402521 9.807716530071904e-05 2330
1744892412867 9.80400032618962e-05 2340
1744892422892 9.800249271929645e-05 2350
1744892433334 9.796463394503812e-05 2360
1744892443625 9.792642721376581e-05 2370
1744892453873 9.788787280264832e-05 2380
1744892463993 9.784897099137665e-05 2390
1744892474001 9.780972206216204e-05 2400
1744892484130 9.777012629973385e-05 2410
1744892494276 9.773018399133756e-05 2420
1744892504550 9.768989542673262e-05 2430
1744892514834 9.764926089819038e-05 2440
1744892524979 9.760828070049199e-05 2450
1744892535593 9.756695513092621e-05 2460
1744892545936 9.752528448928731e-05 2470
1744892556095 9.748326907787282e-05 2480
1744892566601 9.744090920148147e-05 2490
1744892576695 9.73982051674108e-05 2500
1744892586897 9.73551572854551e-05 2510
1744892597100 9.731176586790305e-05 2520
1744892607300 9.726803122953547e-05 2530
1744892617498 9.722395368762311e-05 2540
1744892627600 9.717953356192427e-05 2550
1744892637688 9.71347711746825e-05 2560
1744892647803 9.708966685062429e-05 2570
1744892657982 9.704422091695666e-05 2580
1744892668119 9.699843370336483e-05 2590
1744892702850 9.695230554200988e-05 2600
1744892712937 9.690583676752618e-05 2610
1744892723191 9.685902771701913e-05 2620
1744892733243 9.681187873006261e-05 2630
1744892743378 9.676439014869656e-05 2640
1744892753399 9.67165623174245e-05 2650
1744892763553 9.666839558321103e-05 2660
1744892773681 9.661989029547928e-05 2670
1744892783858 9.65710468061084e-05 2680
1744892793983 9.652186546943103e-05 2690
1744892804158 9.647234664223069e-05 2700
1744892814306 9.642249068373921e-05 2710
1744892824477 9.637229795563412e-05 2720
1744892834636 9.632176882203602e-05 2730
1744892844811 9.627090364950597e-05 2740
1744892854903 9.62197028070428e-05 2750
1744892865069 9.616816666608042e-05 2760
1744892875326 9.611629560048517e-05 2770
1744892885465 9.606408998655307e-05 2780
1744892895619 9.601155020300712e-05 2790
1744892905718 9.595867663099453e-05 2800
1744892915944 9.590546965408393e-05 2810
1744892926494 9.585192965826266e-05 2820
1744892936796 9.579805703193392e-05 2830
1744892946949 9.574385216591397e-05 2840
1744892957215 9.568931545342925e-05 2850
1744892967794 9.563444729011357e-05 2860
1744892977926 9.55792480740053e-05 2870
1744892988179 9.552371820554431e-05 2880
1744892998305 9.546785808756926e-05 2890
1744893008622 9.541166812531455e-05 2900
1744893018806 9.535514872640741e-05 2910
1744893028891 9.529830030086498e-05 2920
1744893039172 9.524112326109128e-05 2930
1744893049223 9.518361802187426e-05 2940
1744893059625 9.512578500038278e-05 2950
1744893069647 9.506762461616356e-05 2960
1744893079814 9.500913729113817e-05 2970
1744893089947 9.495032344959998e-05 2980
1744893100010 9.489118351821099e-05 2990
1744893110155 9.483171792599887e-05 3000
1744893120188 9.477192710435377e-05 3010
1744893130362 9.471181148702515e-05 3020
1744893165157 9.465137151011874e-05 3030
1744893175468 9.45906076120933e-05 3040
1744893185551 9.452952023375747e-05 3050
1744893196080 9.446810981826652e-05 3060
1744893206194 9.440637681111922e-05 3070
1744893216692 9.434432166015456e-05 3080
1744893226823 9.428194481554848e-05 3090
1744893237039 9.421924672981067e-05 3100
1744893247323 9.415622785778122e-05 3110
1744893257340 9.409288865662735e-05 3120
1744893267548 9.402922958584009e-05 3130
1744893277608 9.396525110723095e-05 3140
1744893287769 9.390095368492859e-05 3150
1744893297916 9.38363377853754e-05 3160
1744893307930 9.377140387732414e-05 3170
1744893318070 9.370615243183461e-05 3180
1744893328132 9.364058392227009e-05 3190
1744893338294 9.357469882429405e-05 3200
1744893348496 9.350849761586658e-05 3210
1744893358544 9.344198077724099e-05 3220
1744893368702 9.337514879096037e-05 3230
1744893378736 9.330800214185394e-05 3240
1744893388945 9.324054131703371e-05 3250
1744893399087 9.31727668058908e-05 3260
1744893409220 9.310467910009202e-05 3270
1744893419376 9.303627869357615e-05 3280
1744893429441 9.296756608255048e-05 3290
1744893440070 9.28985417654872e-05 3300
1744893450127 9.282920624311973e-05 3310
1744893460544 9.27595600184391e-05 3320
1744893470764 9.268960359669035e-05 3330
1744893480953 9.261933748536878e-05 3340
1744893491191 9.254876219421636e-05 3350
1744893501376 9.247787823521799e-05 3360
1744893511668 9.240668612259774e-05 3370
1744893521780 9.233518637281521e-05 3380
1744893531935 9.226337950456172e-05 3390
1744893542198 9.219126603875659e-05 3400
1744893552370 9.211884649854327e-05 3410
1744893562712 9.204612140928568e-05 3420
1744893572978 9.197309129856433e-05 3430
1744893583502 9.189975669617242e-05 3440
1744893593683 9.182611813411216e-05 3450
1744893628684 9.175217614659076e-05 3460
1744893638982 9.167793127001664e-05 3470
1744893649161 9.16033840429955e-05 3480
1744893659223 9.152853500632643e-05 3490
1744893669460 9.145338470299801e-05 3500
1744893679499 9.137793367818428e-05 3510
1744893689744 9.130218247924092e-05 3520
1744893699789 9.122613165570115e-05 3530
1744893709925 9.114978175927185e-05 3540
1744893720058 9.10731333438295e-05 3550
1744893730215 9.099618696541612e-05 3560
1744893740368 9.091894318223533e-05 3570
1744893750465 9.084140255464829e-05 3580
1744893760758 9.076356564516952e-05 3590
1744893770906 9.068543301846297e-05 3600
1744893780922 9.060700524133785e-05 3610
1744893791113 9.052828288274446e-05 3620
1744893801424 9.044926651377024e-05 3630
1744893811685 9.03699567076354e-05 3640
1744893821704 9.02903540396889e-05 3650
1744893831919 9.021045908740435e-05 3660
1744893842035 9.013027243037557e-05 3670
1744893852032 9.004979465031267e-05 3680
1744893862247 8.99690263310376e-05 3690
1744893872287 8.988796805848007e-05 3700
1744893882518 8.980662042067322e-05 3710
1744893892697 8.972498400774938e-05 3720
1744893902810 8.964305941193577e-05 3730
1744893913013 8.956084722755029e-05 3740
1744893923062 8.9478348050997e-05 3750
1744893933198 8.939556248076203e-05 3760
1744893943425 8.931249111740915e-05 3770
1744893953602 8.922913456357534e-05 3780
1744893963743 8.914549342396652e-05 3790
1744893973787 8.906156830535311e-05 3800
1744893983913 8.897735981656565e-05 3810
1744893994035 8.889286856849035e-05 3820
1744894004383 8.880809517406472e-05 3830
1744894014608 8.872304024827305e-05 3840
1744894024971 8.863770440814203e-05 3850
1744894035278 8.855208827273618e-05 3860
1744894045669 8.846619246315342e-05 3870
1744894055786 8.838001760252059e-05 3880
1744894090557 8.829356431598884e-05 3890
1744894100747 8.820683323072918e-05 3900
1744894110888 8.81198249759279e-05 3910
1744894120938 8.803254018278196e-05 3920
1744894130969 8.794497948449449e-05 3930
1744894141180 8.785714351627017e-05 3940
1744894151397 8.776903291531057e-05 3950
1744894161860 8.768064832080962e-05 3960
1744894171941 8.759199037394887e-05 3970
1744894182266 8.750305971789295e-05 3980
1744894192910 8.741385699778479e-05 3990
1744894203699 8.7324382860741e-05 4000
1744894213850 8.72346379558472e-05 4010
1744894223909 8.714462293415331e-05 4020
1744894234042 8.70543384486687e-05 4030
1744894244150 8.696378515435765e-05 4040
1744894254160 8.687296370813443e-05 4050
1744894264429 8.678187476885864e-05 4060
1744894274751 8.669051899733041e-05 4070
1744894284897 8.659889705628555e-05 4080
1744894295001 8.65070096103908e-05 4090
1744894305163 8.6414857326239e-05 4100
1744894315661 8.632244087234425e-05 4110
1744894326066 8.622976091913702e-05 4120
1744894336274 8.613681813895937e-05 4130
1744894346802 8.604361320606003e-05 4140
1744894356999 8.595014679658941e-05 4150
1744894367178 8.585641958859492e-05 4160
1744894377206 8.576243226201581e-05 4170
1744894387470 8.566818549867844e-05 4180
1744894397498 8.557367998229114e-05 4190
1744894407630 8.547891639843943e-05 4200
1744894417657 8.538389543458095e-05 4210
1744894427991 8.528861778004048e-05 4220
1744894438137 8.519308412600495e-05 4230
1744894448284 8.509729516551841e-05 4240
1744894458465 8.500125159347706e-05 4250
1744894468654 8.490495410662412e-05 4260
1744894479016 8.480840340354487e-05 4270
1744894489139 8.471160018466147e-05 4280
1744894499425 8.461454515222803e-05 4290
1744894509810 8.451723901032533e-05 4300
1744894519913 8.441968246485591e-05 4310
1744894529501 8.432187622353876e-05 4320
1744894564858 8.422382099590434e-05 4330
1744894574912 8.412551749328933e-05 4340
1744894585108 8.402696642883155e-05 4350
1744894595262 8.392816851746467e-05 4360
1744894605318 8.382912447591322e-05 4370
1744894615423 8.372983502268712e-05 4380
1744894625511 8.363030087807675e-05 4390
1744894635846 8.35305227641475e-05 4400
1744894646004 8.343050140473467e-05 4410
1744894656488 8.333023752543816e-05 4420
1744894666805 8.32297318536172e-05 4430
1744894676895 8.312898511838514e-05 4440
1744894687080 8.302799805060407e-05 4450
1744894697177 8.292677138287957e-05 4460
1744894707372 8.282530584955537e-05 4470
1744894717729 8.272360218670806e-05 4480
1744894727869 8.262166113214176e-05 4490
1744894738012 8.251948342538267e-05 4500
1744894748071 8.241706980767381e-05 4510
1744894758309 8.23144210219696e-05 4520
1744894768607 8.221153781293045e-05 4530
1744894778749 8.210842092691743e-05 4540
1744894788765 8.200507111198677e-05 4550
1744894799280 8.190148911788446e-05 4560
1744894809612 8.179767569604088e-05 4570
1744894819773 8.169363159956524e-05 4580
1744894830106 8.158935758324018e-05 4590
1744894840236 8.148485440351629e-05 4600
1744894850389 8.138012281850658e-05 4610
1744894860609 8.127516358798109e-05 4620
1744894870809 8.116997747336121e-05 4630
1744894881000 8.106456523771434e-05 4640
1744894891192 8.095892764574817e-05 4650
1744894901344 8.085306546380532e-05 4660
1744894911414 8.074697945985762e-05 4670
1744894921570 8.064067040350063e-05 4680
1744894931919 8.0534139065948e-05 4690
1744894942015 8.0427386220026e-05 4700
1744894952157 8.032041264016768e-05 4710
1744894962185 8.021321910240755e-05 4720
1744894972771 8.010580638437566e-05 4730
1744894982833 7.999817526529216e-05 4740
1744894992977 7.989032652596158e-05 4750
1744895028044 7.978226094876715e-05 4760
1744895038484 7.967397931766511e-05 4770
1744895048601 7.956548241817912e-05 4780
1744895059059 7.945677103739443e-05 4790
1744895069096 7.93478459639523e-05 4800
1744895079262 7.923870798804413e-05 4810
1744895089421 7.912935790140587e-05 4820
1744895099535 7.90197964973122e-05 4830
1744895109663 7.891002457057077e-05 4840
1744895119757 7.880004291751651e-05 4850
1744895130073 7.868985233600576e-05 4860
1744895140204 7.857945362541053e-05 4870
1744895150300 7.846884758661267e-05 4880
1744895160769 7.83580350219981e-05 4890
1744895170861 7.824701673545098e-05 4900
1744895181031 7.813579353234789e-05 4910
1744895191102 7.802436621955189e-05 4920
1744895201455 7.791273560540684e-05 4930
1744895211602 7.780090249973134e-05 4940
1744895221635 7.768886771381305e-05 4950
1744895231799 7.757663206040264e-05 4960
1744895241859 7.746419635370798e-05 4970
1744895251991 7.735156140938827e-05 4980
1744895262136 7.723872804454797e-05 4990
1744895272486 7.712569707773105e-05 5000
1744895282650 7.701246932891497e-05 5010
1744895292668 7.689904561950467e-05 5020
1744895303356 7.678542677232674e-05 5030
1744895313832 7.667161361162338e-05 5040
1744895324024 7.655760696304641e-05 5050
1744895334164 7.644340765365129e-05 5060
1744895344233 7.632901651189115e-05 5070
1744895354396 7.621443436761074e-05 5080
1744895364548 7.609966205204045e-05 5090
1744895374821 7.598470039779024e-05 5100
1744895385155 7.586955023884364e-05 5110
1744895395463 7.575421241055162e-05 5120
1744895405757 7.563868774962667e-05 5130
1744895415906 7.552297709413658e-05 5140
1744895426148 7.540708128349849e-05 5150
1744895436248 7.529100115847265e-05 5160
1744895446819 7.517473756115651e-05 5170
1744895457307 7.505829133497845e-05 5180
1744895491976 7.494166332469172e-05 5190
1744895502128 7.482485437636835e-05 5200
1744895512339 7.470786533739296e-05 5210
1744895522862 7.459069705645658e-05 5220
1744895533277 7.447335038355063e-05 5230
1744895543421 7.435582616996063e-05 5240
1744895553707 7.423812526825999e-05 5250
1744895563874 7.4120248532304e-05 5260
1744895574391 7.400219681722349e-05 5270
1744895584879 7.388397097941865e-05 5280
1744895594942 7.376557187655284e-05 5290
1744895605171 7.364700036754639e-05 5300
1744895615314 7.352825731257032e-05 5310
1744895625956 7.34093435730401e-05 5320
1744895636250 7.329026001160948e-05 5330
1744895646376 7.317100749216412e-05 5340
1744895656536 7.305158687981539e-05 5350
1744895666595 7.293199904089413e-05 5360
1744895676861 7.281224484294424e-05 5370
1744895687057 7.26923251547165e-05 5380
1744895697088 7.257224084616224e-05 5390
1744895707302 7.245199278842702e-05 5400
1744895717456 7.233158185384426e-05 5410
1744895727609 7.221100891592907e-05 5420
1744895737756 7.209027484937168e-05 5430
1744895747789 7.196938053003129e-05 5440
1744895757955 7.184832683492965e-05 5450
1744895768202 7.172711464224467e-05 5460
1744895778351 7.160574483130407e-05 5470
1744895788469 7.148421828257902e-05 5480
1744895798618 7.136253587767772e-05 5490
1744895808819 7.124069849933903e-05 5500
1744895818859 7.111870703142606e-05 5510
1744895829016 7.099656235891976e-05 5520
1744895839132 7.087426536791249e-05 5530
1744895849374 7.075181694560155e-05 5540
1744895859638 7.062921798028289e-05 5550
1744895870457 7.050646936134449e-05 5560
1744895881039 7.038357197925998e-05 5570
1744895891108 7.026052672558225e-05 5580
1744895901309 7.013733449293687e-05 5590
1744895911355 7.001399617501564e-05 5600
1744895921533 6.989051266657019e-05 5610
1744895956503 6.976688486340536e-05 5620
1744895966685 6.964311366237283e-05 5630
1744895976711 6.951919996136453e-05 5640
1744895986847 6.939514465930614e-05 5650
1744895996898 6.927094865615053e-05 5660
1744896006999 6.914661285287143e-05 5670
1744896017215 6.902213815145655e-05 5680
1744896027257 6.889752545490138e-05 5690
1744896037645 6.877277566720241e-05 5700
1744896047684 6.86478896933507e-05 5710
1744896058011 6.852286843932518e-05 5720
1744896068130 6.839771281208628e-05 5730
1744896078195 6.827242371956914e-05 5740
1744896088399 6.814700207067719e-05 5750
1744896098582 6.802144877527541e-05 5760
1744896108782 6.789576474418386e-05 5770
1744896118823 6.776995088917097e-05 5780
1744896129165 6.764400812294702e-05 5790
1744896139293 6.751793735915744e-05 5800
1744896149334 6.739173951237623e-05 5810
1744896159506 6.726541549809925e-05 5820
1744896169543 6.713896623273773e-05 5830
1744896179832 6.701239263361146e-05 5840
1744896189876 6.688569561894222e-05 5850
1744896200348 6.675887610784708e-05 5860
1744896210651 6.663193502033182e-05 5870
1744896220772 6.650487327728412e-05 5880
1744896231004 6.637769180046697e-05 5890
1744896241056 6.6250391512512e-05 5900
1744896251216 6.612297333691268e-05 5910
1744896261418 6.599543819801777e-05 5920
1744896271504 6.586778702102445e-05 5930
1744896281642 6.574002073197177e-05 5940
1744896291701 6.56121402577338e-05 5950
1744896301867 6.548414652601297e-05 5960
1744896311916 6.535604046533338e-05 5970
1744896322142 6.522782300503393e-05 5980
1744896332609 6.509949507526175e-05 5990
1744896342856 6.49710576069653e-05 6000
1744896353217 6.48425115318877e-05 6010
1744896363379 6.471385778255999e-05 6020
1744896373636 6.458509729229426e-05 6030
1744896383890 6.4456230995177e-05 6040
1744896418735 6.432725982606225e-05 6050
1744896429219 6.419818472056485e-05 6060
1744896439374 6.40690066150536e-05 6070
1744896449422 6.393972644664458e-05 6080
1744896459892 6.381034515319422e-05 6090
1744896469993 6.368086367329258e-05 6100
1744896480159 6.35512829462565e-05 6110
1744896490323 6.342160391212288e-05 6120
1744896500371 6.329182751164165e-05 6130
1744896510838 6.316195468626918e-05 6140
1744896521517 6.303198637816132e-05 6150
1744896532130 6.290192353016662e-05 6160
1744896542487 6.277176708581938e-05 6170
1744896552753 6.264151798933303e-05 6180
1744896563036 6.251117718559298e-05 6190
1744896573246 6.238074562015008e-05 6200
1744896583653 6.225022423921347e-05 6210
1744896593744 6.211961398964396e-05 6220
1744896604213 6.198891581894698e-05 6230
1744896614711 6.185813067526582e-05 6240
1744896624905 6.17272595073747e-05 6250
1744896635754 6.159630326467189e-05 6260
1744896646555 6.146526289717283e-05 6270
1744896657070 6.133413935550328e-05 6280
1744896667316 6.120293359089231e-05 6290
1744896677426 6.107164655516552e-05 6300
1744896687655 6.094027920073811e-05 6310
1744896697775 6.080883248060787e-05 6320
1744896707988 6.0677307348348414e-05 6330
1744896718185 6.0545704758102175e-05 6340
1744896728363 6.041402566457348e-05 6350
1744896738719 6.028227102302168e-05 6360
1744896748893 6.015044178925415e-05 6370
1744896759079 6.001853891961944e-05 6380
1744896769174 5.9886563371000196e-05 6390
1744896779394 5.9754516100806423e-05 6400
1744896789616 5.9622398066968344e-05 6410
1744896799706 5.9490210227929555e-05 6420
1744896809928 5.93579535426401e-05 6430
1744896820031 5.922562897054937e-05 6440
1744896830306 5.9093237471599315e-05 6450
1744896840389 5.896078000621736e-05 6460
1744896850625 5.882825753530954e-05 6470
1744896860362 5.869567102025335e-05 6480
1744896895340 5.856302142289105e-05 6490
1744896905384 5.843030970552238e-05 6500
1744896915620 5.829753683089782e-05 6510
1744896925687 5.816470376221147e-05 6520
1744896935827 5.8031811463094135e-05 6530
1744896946002 5.7898860897606255e-05 6540
1744896956347 5.776585303023101e-05 6550
1744896966524 5.7632788825867256e-05 6560
1744896976588 5.749966924982255e-05 6570
1744896986834 5.736649526780611e-05 6580
1744896996855 5.723326784592188e-05 6590
1744897007000 5.7099987950661435e-05 6600
1744897017106 5.696665654889708e-05 6610
1744897027332 5.683327460787471e-05 6620
1744897037991 5.669984309520688e-05 6630
1744897048131 5.656636297886575e-05 6640
1744897058444 5.6432835227176115e-05 6650
1744897068764 5.629926080880828e-05 6660
1744897079232 5.61656406927711e-05 6670
1744897089593 5.603197584840499e-05 6680
1744897100117 5.58982672453748e-05 6690
1744897110242 5.576451585366282e-05 6700
1744897120546 5.5630722643561785e-05 6710
1744897130893 5.549688858566777e-05 6720
1744897140916 5.536301465087319e-05 6730
1744897151128 5.5229101810359726e-05 6740
1744897161188 5.5095151035591355e-05 6750
1744897171394 5.496116329830716e-05 6760
1744897181467 5.482713957051444e-05 6770
1744897191593 5.469308082448155e-05 6780
1744897201763 5.4558988032730896e-05 6790
1744897211904 5.442486216803185e-05 6800
1744897222008 5.429070420339373e-05 6810
1744897232571 5.415651511205873e-05 6820
1744897242778 5.402229586749479e-05 6830
1744897252916 5.388804744338869e-05 6840
1744897263028 5.3753770813638814e-05 6850
1744897273316 5.361946695234818e-05 6860
1744897283441 5.3485136833817396e-05 6870
1744897293504 5.335078143253751e-05 6880
1744897303711 5.321640172318297e-05 6890
1744897313988 5.308199868060462e-05 6900
1744897324399 5.2947573279822525e-05 6910
1744897359604 5.281312649601897e-05 6920
1744897369986 5.267865930453135e-05 6930
1744897380425 5.254417268084514e-05 6940
1744897390651 5.240966760058672e-05 6950
1744897400731 5.227514503951642e-05 6960
1744897411064 5.2140605973521354e-05 6970
1744897421295 5.20060513786084e-05 6980
1744897431397 5.187148223089704e-05 6990
1744897441624 5.173689950661239e-05 7000
1744897451667 5.1602304182077996e-05 7010
1744897461939 5.1467697233708866e-05 7020
1744897472284 5.133307963800429e-05 7030
1744897482422 5.119845237154084e-05 7040
1744897492711 5.106381641096516e-05 7050
1744897502742 5.092917273298711e-05 7060
1744897513107 5.0794522314372385e-05 7070
1744897523152 5.065986613193566e-05 7080
1744897533273 5.052520516253342e-05 7090
1744897543482 5.0390540383056875e-05 7100
1744897553537 5.0255872770424825e-05 7110
1744897563713 5.01212033015767e-05 7120
1744897573811 4.9986532953465355e-05 7130
1744897584036 4.985186270305e-05 7140
1744897594282 4.971719352728918e-05 7150
1744897604770 4.958252640313364e-05 7160
1744897615494 4.9447862307519236e-05 7170
1744897625719 4.931320221735981e-05 7180
1744897635932 4.917854710954021e-05 7190
1744897646081 4.904389796090911e-05 7200
1744897656222 4.890925574827195e-05 7210
1744897666501 4.8774621448383866e-05 7220
1744897676746 4.863999603794258e-05 7230
1744897687296 4.850538049358135e-05 7240
1744897697452 4.8370775791861815e-05 7250
1744897707760 4.8236182909266994e-05 7260
1744897717779 4.8101602822194166e-05 7270
1744897727932 4.796703650694777e-05 7280
1744897738072 4.783248493973233e-05 7290
1744897748072 4.76979490966454e-05 7300
1744897758299 4.756342995367045e-05 7310
1744897768464 4.7428928486669847e-05 7320
1744897778706 4.729444567137763e-05 7330
1744897789111 4.715998248339263e-05 7340
1744897823997 4.702553989817123e-05 7350
1744897834018 4.68911188910204e-05 7360
1744897844231 4.6756720437090516e-05 7370
1744897854301 4.6622345511368385e-05 7380
1744897864446 4.648799508867012e-05 7390
1744897874592 4.635367014363408e-05 7400
1744897884749 4.621937165071378e-05 7410
1744897894892 4.608510058417086e-05 7420
1744897904949 4.5950857918067986e-05 7430
1744897915090 4.581664462626181e-05 7440
1744897925140 4.568246168239586e-05 7450
1744897935374 4.554831005989352e-05 7460
1744897945485 4.541419073195099e-05 7470
1744897955624 4.528010467153016e-05 7480
1744897965744 4.514605285135152e-05 7490
1744897975819 4.501203624388729e-05 7500
1744897986014 4.487805582135415e-05 7510
1744897996071 4.474411255570634e-05 7520
1744898006239 4.461020741862848e-05 7530
1744898016885 4.447634138152862e-05 7540
1744898026909 4.434251541553118e-05 7550
1744898037086 4.4208730491469886e-05 7560
1744898047524 4.4074987579880685e-05 7570
1744898057995 4.394128765099477e-05 7580
1744898068223 4.380763167473155e-05 7590
1744898078844 4.367402062069152e-05 7600
1744898088978 4.3540455458149345e-05 7610
1744898099270 4.340693715604672e-05 7620
1744898109496 4.327346668298548e-05 7630
1744898119531 4.314004500722037e-05 7640
1744898129679 4.300667309665222e-05 7650
1744898139728 4.287335191882083e-05 7660
1744898150046 4.274008244089795e-05 7670
1744898160180 4.260686562968024e-05 7680
1744898170229 4.247370245158235e-05 7690
1744898180536 4.234059387262985e-05 7700
1744898190768 4.220754085845218e-05 7710
1744898201121 4.20745443742757e-05 7720
1744898211336 4.1941605384916707e-05 7730
1744898221431 4.1808724854774365e-05 7740
1744898231801 4.16759037478238e-05 7750
1744898241851 4.154314302760898e-05 7760
1744898251993 4.141044365723587e-05 7770
1744898286528 4.1277806599365334e-05 7780
1744898296796 4.114523281620624e-05 7790
1744898306827 4.1012723269508365e-05 7800
1744898317046 4.088027892055552e-05 7810
1744898327109 4.0747900730158565e-05 7820
1744898337389 4.0615589658648416e-05 7830
1744898347721 4.0483346665869e-05 7840
1744898357870 4.0351172711170466e-05 7850
1744898368267 4.0219068753402076e-05 7860
1744898378297 4.0087035750905346e-05 7870
1744898388457 3.995507466150699e-05 7880
1744898398623 3.982318644251208e-05 7890
1744898408741 3.969137205069703e-05 7900
1744898418784 3.955963244230271e-05 7910
1744898428974 3.9427968573027426e-05 7920
1744898439068 3.929638139802007e-05 7930
1744898449250 3.9164871871873173e-05 7940
1744898459395 3.903344094861594e-05 7950
1744898469457 3.8902089581707356e-05 7960
1744898479955 3.8770818724029276e-05 7970
1744898490007 3.863962932787955e-05 7980
1744898500361 3.850852234496497e-05 7990
1744898510543 3.837749872639452e-05 8000
1744898521020 3.8246559422672465e-05 8010
1744898531578 3.8115705383691355e-05 8020
1744898541809 3.798493755872519e-05 8030
1744898551943 3.7854256896422545e-05 8040
1744898562202 3.772366434479971e-05 8050
1744898572463 3.7593160851233745e-05 8060
1744898582733 3.7462747362455635e-05 8070
1744898592978 3.7332424824543464e-05 8080
1744898603161 3.7202194182915496e-05 8090
1744898613649 3.707205638232334e-05 8100
1744898623791 3.6942012366845096e-05 8110
1744898634124 3.68120630798785e-05 8120
1744898644319 3.6682209464134086e-05 8130
1744898654666 3.65524524616284e-05 8140
1744898664996 3.6422793013676994e-05 8150
1744898675411 3.62932320608878e-05 8160
1744898685638 3.616377054315423e-05 8170
1744898695884 3.603440939964832e-05 8180
1744898706121 3.590514956881392e-05 8190
1744898716284 3.577599198835998e-05 8200
1744898751272 3.5646937595253624e-05 8210
1744898761467 3.5517987325713434e-05 8220
1744898772123 3.5389142115202625e-05 8230
1744898782196 3.526040289842225e-05 8240
1744898792729 3.513177060930448e-05 8250
1744898802788 3.500324618100577e-05 8260
1744898813007 3.4874830545900045e-05 8270
1744898823143 3.4746524635572076e-05 8280
1744898833346 3.461832938081059e-05 8290
1744898843655 3.449024571160163e-05 8300
1744898853924 3.4362274557121633e-05 8310
1744898864405 3.423441684573093e-05 8320
1744898874604 3.410667350496683e-05 8330
1744898884785 3.3979045461536914e-05 8340
1744898894997 3.385153364131239e-05 8350
1744898905116 3.372413896932132e-05 8360
1744898915457 3.3596862369741916e-05 8370
1744898925539 3.346970476589583e-05 8380
1744898935696 3.334266708024149e-05 8390
1744898945751 3.321575023436736e-05 8400
1744898955969 3.30889551489853e-05 8410
1744898966216 3.2962282743923835e-05 8420
1744898976461 3.283573393812153e-05 8430
1744898986915 3.2709309649620304e-05 8440
1744898996953 3.25830107955588e-05 8450
1744899007172 3.245683829216564e-05 8460
1744899017233 3.2330793054752873e-05 8470
1744899027523 3.2204875997709326e-05 8480
1744899037831 3.2079088034493956e-05 8490
1744899047927 3.195343007762912e-05 8500
1744899058608 3.182790303869416e-05 8510
1744899068714 3.170250782831864e-05 8520
1744899078881 3.157724535617579e-05 8530
1744899089020 3.1452116530975844e-05 8540
1744899099229 3.1327122260459576e-05 8550
1744899109470 3.12022634513916e-05 8560
1744899119552 3.107754100955385e-05 8570
1744899129740 3.0952955839738954e-05 8580
1744899139857 3.082850884574374e-05 8590
1744899150072 3.070420093036265e-05 8600
1744899160650 3.05800329953812e-05 8610
1744899170710 3.0456005941569354e-05 8620
1744899181088 3.0332120668675122e-05 8630
1744899190856 3.0208378075417977e-05 8640
1744899225890 3.0084779059482322e-05 8650
1744899236019 2.996132451751092e-05 8660
1744899246187 2.9838015345098552e-05 8670
1744899256641 2.9714852436785368e-05 8680
1744899266843 2.9591836686050485e-05 8690
1744899276886 2.946896898530542e-05 8700
1744899287012 2.9346250225887712e-05 8710
1744899297256 2.922368129805442e-05 8720
1744899307506 2.9101263090975615e-05 8730
1744899317840 2.8978996492727994e-05 8740
1744899327920 2.8856882390288454e-05 8750
1744899338133 2.8734921669527553e-05 8760
1744899348247 2.8613115215203167e-05 8770
1744899358571 2.8491463910954104e-05 8780
1744899368751 2.8369968639293564e-05 8790
1744899378797 2.8248630281602894e-05 8800
1744899388998 2.8127449718125075e-05 8810
1744899399389 2.800642782795835e-05 8820
1744899409581 2.7885565489049946e-05 8830
1744899419616 2.776486357818958e-05 8840
1744899429807 2.764432297100315e-05 8850
1744899440044 2.7523944541946435e-05 8860
1744899450101 2.7403729164298634e-05 8870
1744899460257 2.7283677710156175e-05 8880
1744899470412 2.7163791050426234e-05 8890
1744899480582 2.7044070054820513e-05 8900
1744899490884 2.6924515591848955e-05 8910
1744899501048 2.6805128528813384e-05 8920
1744899511965 2.6685909731801195e-05 8930
1744899522372 2.6566860065679123e-05 8940
1744899532586 2.6447980394086978e-05 8950
1744899542658 2.6329271579431332e-05 8960
1744899552845 2.6210734482879252e-05 8970
1744899563168 2.609236996435216e-05 8980
1744899573536 2.597417888251943e-05 8990
1744899583686 2.5856162094792342e-05 9000
1744899593896 2.5738320457317698e-05 9010
1744899604280 2.562065482497169e-05 9020
1744899614331 2.550316605135372e-05 9030
1744899624476 2.53858549887802e-05 9040
1744899634727 2.5268722488278225e-05 9050
1744899644925 2.515176939957965e-05 9060
1744899655269 2.5034996571114756e-05 9070
1744899689847 2.4918404850006127e-05 9080
1744899699929 2.480199508206248e-05 9090
1744899710073 2.4685768111772644e-05 9100
1744899720085 2.4569724782299276e-05 9110
1744899730110 2.4453865935472837e-05 9120
1744899740314 2.4338192411785503e-05 9130
1744899750330 2.4222705050384987e-05 9140
1744899760737 2.4107404689068553e-05 9150
1744899770920 2.399229216427682e-05 9160
1744899781644 2.3877368311087766e-05 9170
1744899792181 2.3762633963210725e-05 9180
1744899802399 2.3648089952980202e-05 9190
1744899812719 2.3533737111349917e-05 9200
1744899822772 2.3419576267886807e-05 9210
1744899833082 2.330560825076495e-05 9220
1744899843611 2.3191833886759562e-05 9230
1744899853778 2.307825400124099e-05 9240
1744899863944 2.2964869418168822e-05 9250
1744899874243 2.2851680960085752e-05 9260
1744899884404 2.2738689448111762e-05 9270
1744899894690 2.262589570193805e-05 9280
1744899904924 2.2513300539821135e-05 9290
1744899915919 2.2400904778576963e-05 9300
1744899926453 2.22887092335749e-05 9310
1744899936847 2.2176714718731832e-05 9320
1744899947056 2.2064922046506347e-05 9330
1744899957593 2.1953332027892703e-05 9340
1744899967887 2.1841945472415094e-05 9350
1744899977977 2.1730763188121634e-05 9360
1744899988112 2.1619785981578573e-05 9370
1744899998156 2.150901465786446e-05 9380
1744900008379 2.139845002056432e-05 9390
1744900018468 2.1288092871763648e-05 9400
1744900028621 2.1177944012042843e-05 9410
1744900038759 2.1068004240471258e-05 9420
1744900048800 2.0958274354601393e-05 9430
1744900059018 2.084875515046315e-05 9440
1744900069096 2.0739447422558095e-05 9450
1744900079331 2.0630351963853587e-05 9460
1744900089675 2.0521469565777153e-05 9470
1744900099876 2.0412801018210627e-05 9480
1744900110272 2.0304347109484484e-05 9490
1744900120354 2.0196108626372167e-05 9500
1744900154972 2.008808635408426e-05 9510
1744900165185 1.9980281076262863e-05 9520
1744900175255 1.9872693574975937e-05 9530
1744900185314 1.9765324630711613e-05 9540
1744900195828 1.96581750223724e-05 9550
1744900205947 1.9551245527269753e-05 9560
1744900216307 1.9444536921118313e-05 9570
1744900226337 1.9338049978030253e-05 9580
1744900236516 1.9231785470509713e-05 9590
1744900246638 1.9125744169447212e-05 9600
1744900256785 1.9019926844113996e-05 9610
1744900266930 1.891433426215653e-05 9620
1744900276983 1.8808967189590848e-05 9630
1744900287116 1.8703826390797048e-05 9640
1744900297194 1.8598912628513767e-05 9650
1744900307446 1.849422666383258e-05 9660
1744900317689 1.8389769256192518e-05 9670
1744900328035 1.8285541163374592e-05 9680
1744900338260 1.818154314149621e-05 9690
1744900348310 1.8077775945005802e-05 9700
1744900358550 1.7974240326677234e-05 9710
1744900368736 1.7870937037604397e-05 9720
1744900378934 1.7767866827195805e-05 9730
1744900389285 1.7665030443169135e-05 9740
1744900399318 1.7562428631545658e-05 9750
1744900409495 1.746006213664507e-05 9760
1744900419558 1.7357931701079965e-05 9770
1744900429707 1.7256038065750397e-05 9780
1744900439830 1.715438196983859e-05 9790
1744900450040 1.705296415080359e-05 9800
1744900460264 1.6951785344375805e-05 9810
1744900470333 1.68508462845518e-05 9820
1744900480667 1.6750147703588886e-05 9830
1744900490737 1.6649690331999805e-05 9840
1744900500896 1.6549474898547503e-05 9850
1744900511095 1.6449502130239814e-05 9860
1744900521182 1.6349772752324066e-05 9870
1744900531287 1.625028748828203e-05 9880
1744900541337 1.6151047059824555e-05 9890
1744900551505 1.6052052186886257e-05 9900
1744900561899 1.595330358762047e-05 9910
1744900572136 1.585480197839394e-05 9920
1744900582292 1.5756548073781603e-05 9930
1744900617120 1.5658542586561413e-05 9940
1744900627157 1.5560786227709273e-05 9950
1744900637302 1.546327970639371e-05 9960
1744900647368 1.5366023729970898e-05 9970
1744900657595 1.5269019003979386e-05 9980
1744900667899 1.5172266232135035e-05 9990
1744900677967 1.5075766116325985e-05 10000
1744900688145 1.4979519356607425e-05 10010
1744900698263 1.4883526651196599e-05 10020
1744900708533 1.4787788696467769e-05 10030
1744900719187 1.469230618694707e-05 10040
1744900729248 1.4597079815307562e-05 10050
1744900739615 1.4502110272364122e-05 10060
1744900749650 1.4407398247068538e-05 10070
1744900759820 1.431294442650437e-05 10080
1744900770298 1.4218749495882133e-05 10090
1744900781168 1.4124814138534165e-05 10100
1744900791531 1.4031139035909762e-05 10110
1744900801604 1.3937724867570257e-05 10120
1744900811797 1.3844572311183995e-05 10130
1744900821835 1.3751682042521474e-05 10140
1744900832029 1.3659054735450494e-05 10150
1744900842218 1.3566691061931136e-05 10160
1744900852279 1.3474591692011036e-05 10170
1744900862498 1.3382757293820409e-05 10180
1744900872549 1.3291188533567239e-05 10190
1744900882809 1.3199886075532492e-05 10200
1744900892855 1.3108850582065257e-05 10210
1744900903451 1.3018082713577877e-05 10220
1744900913912 1.2927583128541287e-05 10230
1744900924156 1.2837352483480191e-05 10240
1744900934422 1.2747391432968187e-05 10250
1744900944646 1.2657700629623192e-05 10260
1744900955252 1.2568280724102632e-05 10270
1744900965503 1.2479132365098678e-05 10280
1744900975757 1.2390256199333583e-05 10290
1744900985888 1.230165287155503e-05 10300
1744900995943 1.2213323024531353e-05 10310
1744901006075 1.2125267299046993e-05 10320
1744901016133 1.2037486333897751e-05 10330
1744901026282 1.1949980765886198e-05 10340
1744901036486 1.1862751229817054e-05 10350
1744901046549 1.1775798358492629e-05 10360
1744901081264 1.1689122782708062e-05 10370
1744901091681 1.1602725131246978e-05 10380
1744901101744 1.151660603087678e-05 10390
1744901112025 1.1430766106344132e-05 10400
1744901122108 1.1345205980370405e-05 10410
1744901132156 1.1259926273647236e-05 10420
1744901142299 1.117492760483193e-05 10430
1744901152333 1.1090210590543065e-05 10440
1744901162554 1.100577584535592e-05 10450
1744901172604 1.0921623981798073e-05 10460
1744901182757 1.0837755610345008e-05 10470
1744901192804 1.0754171339415563e-05 10480
1744901203015 1.0670871775367603e-05 10490
1744901213228 1.0587857522493627e-05 10500
1744901223264 1.0505129183016322e-05 10510
1744901233489 1.0422687357084266e-05 10520
1744901243593 1.0340532642767514e-05 10530
1744901253762 1.0258665636053272e-05 10540
1744901264257 1.0177086930841617e-05 10550
1744901274320 1.0095797118941175e-05 10560
1744901284763 1.0014796790064728e-05 10570
1744901294821 9.934086531825093e-06 10580
1744901304981 9.853666929730782e-06 10590
1744901315033 9.773538567181711e-06 10600
1744901325317 9.693702025465035e-06 10610
1744901335459 9.614157883750935e-06 10620
1744901345604 9.534906719088355e-06 10630
1744901355880 9.455949106400858e-06 10640
1744901366015 9.377285618482473e-06 10650
1744901376392 9.298916825993481e-06 10660
1744901386666 9.220843297456356e-06 10670
1744901396717 9.14306559925155e-06 10680
1744901406832 9.065584295613428e-06 10690
1744901416916 8.988399948626214e-06 10700
1744901427070 8.911513118219872e-06 10710
1744901437146 8.834924362165992e-06 10720
1744901447313 8.758634236073843e-06 10730
1744901457464 8.682643293386317e-06 10740
1744901467755 8.606952085375852e-06 10750
1744901477973 8.531561161140483e-06 10760
1744901488364 8.45647106759988e-06 10770
1744901498728 8.381682349491315e-06 10780
1744901508894 8.307195549365793e-06 10790
1744901518603 8.233011207584019e-06 10800
1744901554365 8.159129862312548e-06 10810
1744901565134 8.08555204951989e-06 10820
1744901575645 8.01227830297256e-06 10830
1744901586092 7.939309154231239e-06 10840
1744901596667 7.866645132646955e-06 10850
1744901606801 7.79428676535715e-06 10860
1744901617013 7.722234577281983e-06 10870
1744901627135 7.650489091120388e-06 10880
1744901637446 7.5790508273463675e-06 10890
1744901647551 7.507920304205202e-06 10900
1744901657815 7.437098037709694e-06 10910
1744901667856 7.366584541636384e-06 10920
1744901678009 7.296380327521857e-06 10930
1744901688137 7.226485904659058e-06 10940
1744901698335 7.156901780093539e-06 10950
1744901708741 7.087628458619811e-06 10960
1744901718832 7.018666442777693e-06 10970
1744901729345 6.950016232848638e-06 10980
1744901740198 6.881678326852136e-06 10990
1744901750276 6.813653220542071e-06 11000
1744901760468 6.745941407403128e-06 11010
1744901770577 6.678543378647256e-06 11020
1744901780777 6.611459623210037e-06 11030
1744901790843 6.544690627747174e-06 11040
1744901801085 6.478236876630988e-06 11050
1744901811363 6.41209885194688e-06 11060
1744901821778 6.346277033489762e-06 11070
1744901832015 6.280771898760718e-06 11080
1744901842084 6.215583922963442e-06 11090
1744901852281 6.150713579000805e-06 11100
1744901862342 6.086161337471436e-06 11110
1744901872508 6.021927666666322e-06 11120
1744901882698 5.9580130325653625e-06 11130
1744901892816 5.89441789883407e-06 11140
1744901903411 5.831142726820116e-06 11150
1744901913603 5.768187975550027e-06 11160
1744901923942 5.7055541017258855e-06 11170
1744901934357 5.643241559721957e-06 11180
1744901944467 5.581250801581417e-06 11190
1744901954688 5.5195822770131074e-06 11200
1744901964765 5.458236433388225e-06 11210
1744901974960 5.397213715737093e-06 11220
1744901985157 5.336514566745909e-06 11230
1744902019648 5.276139426753618e-06 11240
1744902029869 5.216088733748597e-06 11250
1744902040073 5.156362923365588e-06 11260
1744902050145 5.096962428882446e-06 11270
1744902060283 5.0378876812170575e-06 11280
1744902070339 4.979139108924213e-06 11290
1744902080610 4.920717138192455e-06 11300
1744902090782 4.8626221928409985e-06 11310
1744902100908 4.804854694316724e-06 11320
1744902111148 4.747415061690996e-06 11330
1744902121225 4.6903037116567625e-06 11340
1744902131361 4.633521058525408e-06 11350
1744902141499 4.577067514223815e-06 11360
1744902151653 4.520943488291379e-06 11370
1744902161716 4.465149387877027e-06 11380
1744902171845 4.409685617736209e-06 11390
1744902181988 4.354552580228055e-06 11400
1744902192047 4.2997506753124304e-06 11410
1744902202207 4.2452803005469384e-06 11420
1744902212323 4.191141851084185e-06 11430
1744902222512 4.137335719668822e-06 11440
1744902232671 4.083862296634705e-06 11450
1744902242808 4.030721969902074e-06 11460
1744902253078 3.977915124974763e-06 11470
1744902263379 3.925442144937336e-06 11480
1744902273991 3.8733034104524004e-06 11490
1744902284226 3.821499299757758e-06 11500
1744902294472 3.770030188663709e-06 11510
1744902304595 3.718896450550324e-06 11520
1744902315014 3.6680984563647434e-06 11530
1744902325670 3.617636574618416e-06 11540
1744902335825 3.5675111713845298e-06 11550
1744902345853 3.517722610295299e-06 11560
1744902356154 3.468271252539318e-06 11570
1744902366356 3.419157456858951e-06 11580
1744902376885 3.3703815795477658e-06 11590
1744902387021 3.3219439744478885e-06 11600
1744902397173 3.273844992947489e-06 11610
1744902407314 3.226084983978195e-06 11620
1744902417373 3.178664294012568e-06 11630
1744902427520 3.131583267061622e-06 11640
1744902437764 3.0848422446722867e-06 11650
1744902447884 3.038441565924938e-06 11660
1744902482900 2.9923815674309683e-06 11670
1744902493296 2.946662583330301e-06 11680
1744902503353 2.9012849452890013e-06 11690
1744902513577 2.8562489824968563e-06 11700
1744902523640 2.811555021664969e-06 11710
1744902533823 2.767203387023426e-06 11720
1744902543878 2.7231944003189346e-06 11730
1744902554069 2.6795283808124515e-06 11740
1744902564502 2.636205645276907e-06 11750
1744902574765 2.5932265079949115e-06 11760
1744902585239 2.5505912807564367e-06 11770
1744902595299 2.5083002728565785e-06 11780
1744902605451 2.4663537910933286e-06 11790
1744902615785 2.424752139765318e-06 11800
1744902626023 2.3834956206696125e-06 11810
1744902636223 2.3425845330995623e-06 11820
1744902646716 2.3020191738425735e-06 11830
1744902656917 2.261799837178008e-06 11840
1744902667078 2.2219268148750027e-06 11850
1744902677344 2.1824003961903815e-06 11860
1744902687482 2.143220867866552e-06 11870
1744902697680 2.1043885141294463e-06 11880
1744902707996 2.0659036166863766e-06 11890
1744902718062 2.027766454724106e-06 11900
1744902728239 1.9899773049067537e-06 11910
1744902738405 1.952536441373798e-06 11920
1744902748487 1.9154441357380757e-06 11930
1744902758771 1.8787006570838595e-06 11940
1744902769179 1.8423062719648553e-06 11950
1744902779644 1.8062612444022909e-06 11960
1744902789757 1.7705658358830036e-06 11970
1744902800042 1.7352203053575157e-06 11980
1744902810223 1.7002249092382129e-06 11990
1744902820294 1.6655799013974184e-06 12000
1744902830452 1.631285533165583e-06 12010
1744902840502 1.5973420533294813e-06 12020
1744902850696 1.5637497081303686e-06 12030
1744902860863 1.530508741262221e-06 12040
1744902870977 1.497619393869948e-06 12050
1744902881236 1.4650819045476605e-06 12060
1744902891291 1.4328965093369283e-06 12070
1744902901499 1.4010634417250812e-06 12080
1744902911675 1.3695829326434927e-06 12090
1744902946358 1.338455210465933e-06 12100
1744902956684 1.307680501006886e-06 12110
1744902966843 1.277259027519928e-06 12120
1744902976943 1.247191010696097e-06 12130
1744902987247 1.2174766686623095e-06 12140
1744902997546 1.1881162169797565e-06 12150
1744903007767 1.1591098686423496e-06 12160
1744903017829 1.1304578340751826e-06 12170
1744903027967 1.1021603211329835e-06 12180
1744903038252 1.0742175350986372e-06 12190
1744903048297 1.0466296786816766e-06 12200
1744903058557 1.0193969520168046e-06 12210
1744903068611 9.925195526624575e-07 12220
1744903078779 9.65997675599395e-07 12230
1744903089092 9.398315132292057e-07 12240
1744903099212 9.140212553730043e-07 12250
1744903109535 8.885670892700093e-07 12260
1744903119617 8.634691995761723e-07 12270
1744903129797 8.38727768362868e-07 12280
1744903139926 8.143429751155674e-07 12290
1744903150082 7.903149967325163e-07 12300
1744903160241 7.666440075234648e-07 12310
1744903170295 7.43330179208418e-07 12320
1744903180451 7.203736809163586e-07 12330
1744903190516 6.977746791840434e-07 12340
1744903200914 6.755333379547979e-07 12350
1744903211093 6.536498185772955e-07 12360
1744903221143 6.321242798044302e-07 12370
1744903231695 6.109568777921404e-07 12380
1744903241770 5.901477660982646e-07 12390
1744903251936 5.696970956814541e-07 12400
1744903262118 5.496050149000676e-07 12410
1744903272313 5.298716695110894e-07 12420
1744903282479 5.104972026690802e-07 12430
1744903292532 4.914817549251216e-07 12440
1744903302790 4.728254642258234e-07 12450
1744903313154 4.545284659123128e-07 12460
1744903323395 4.3659089271922973e-07 12470
1744903333444 4.190128747737887e-07 12480
1744903343816 4.0179453959484636e-07 12490
1744903354112 3.849360120919354e-07 12500
1744903364169 3.6843741456439317e-07 12510
1744903374740 3.5229886670046783e-07 12520
1744903409333 3.365204855764359e-07 12530
1744903419438 3.211023856557638e-07 12540
1744903429712 3.060446787882809e-07 12550
1744903439856 2.9134747420935803e-07 12560
1744903449858 2.770108785391301e-07 12570
1744903460087 2.6303499578169686e-07 12580
1744903470619 2.4941992732440686e-07 12590
1744903480870 2.3616577193707468e-07 12600
1744903491110 2.232726257713036e-07 12610
1744903501270 2.1074058235977522e-07 12620
1744903511404 1.9856973261556112e-07 12630
1744903521446 1.8676016483147872e-07 12640
1744903531599 1.753119646794421e-07 12650
1744903541860 1.6422521520983448e-07 12660
1744903552230 1.534999968509254e-07 12670
1744903562524 1.431363874082714e-07 12680
1744903572615 1.3313446206414394e-07 12690
1744903582820 1.234942933770189e-07 12700
1744903592902 1.1421595128100482e-07 12710
1744903603027 1.052995030853654e-07 12720
1744903613073 9.674501347402554e-08 12730
1744903623192 8.855254450509387e-08 12740
1744903633339 8.072215561042984e-08 12750
1744903643378 7.325390359519402e-08 12760
1744903653506 6.614784263743179e-08 12770
1744903663557 5.9404024287718075e-08 12780
1744903673829 5.3022497468735446e-08 12790
1744903683998 4.7003308474946607e-08 12800
1744903694358 4.134650097225579e-08 12810
1744903704576 3.605211599769231e-08 12820
1744903714798 3.1120191959094216e-08 12830
1744903724950 2.6550764634863944e-08 12840
1744903734978 2.2343867173674205e-08 12850
1744903745094 1.849953009425698e-08 12860
1744903755151 1.5017781285153743e-08 12870
1744903765526 1.189864600454338e-08 12880
1744903775652 9.142146880031232e-09 12890
1744903785946 6.748303908504783e-09 12900
1744903796067 4.71713445596711e-09 12910
1744903806338 3.0486532574480753e-09 12920
1744903816757 1.7428724168488952e-09 12930
1744903826885 7.998014068921756e-10 12940
1744903837042 2.1944706904419854e-10 12950
1744903846649 1.813613453860441e-12 12960
