1744889899903 3.7671 10
1744889910693 3.7588 20
1744889921033 3.7525 30
1744889931730 3.7223 40
1744889941787 3.6958 50
1744889952092 3.6682 60
1744889962337 3.6257 70
1744889972486 3.5713 80
1744889982710 3.5087 90
1744889992767 3.4242 100
1744890003084 3.3866 110
1744890013240 3.2879 120
1744890023474 3.2083 130
1744890034046 3.1362 140
1744890044112 3.0456 150
1744890054596 3.0059 160
1744890064757 2.9571 170
1744890074944 2.8758 180
1744890085180 2.7804 190
1744890095372 2.7112 200
1744890106121 2.6316 210
1744890116342 2.635 220
1744890127309 2.5964 230
1744890137479 2.5503 240
1744890147583 2.4373 250
1744890157911 2.4127 260
1744890168092 2.2899 270
1744890178285 2.302 280
1744890188473 2.3435 290
1744890198587 2.2528 300
1744890209006 2.2266 310
1744890219262 2.2097 320
1744890229448 2.2354 330
1744890239494 2.1417 340
1744890249733 2.057 350
1744890259949 2.0827 360
1744890270039 2.0304 370
1744890280268 2.099 380
1744890290320 1.9676 390
1744890300614 1.9881 400
1744890311308 1.9446 410
1744890321415 1.9236 420
1744890331576 1.8799 430
1744890365955 1.8579 440
1744890375987 1.8616 450
1744890386208 1.8967 460
1744890396369 1.8656 470
1744890406615 1.7349 480
1744890416906 1.7682 490
1744890427004 1.7493 500
1744890437221 1.8128 510
1744890447457 1.8006 520
1744890457674 1.7858 530
1744890468186 1.8109 540
1744890478380 1.7048 550
1744890488537 1.7537 560
1744890498557 1.7013 570
1744890508682 1.6834 580
1744890518783 1.7081 590
1744890529222 1.6952 600
1744890539574 1.6555 610
1744890549699 1.6198 620
1744890559894 1.6766 630
1744890569993 1.6906 640
1744890580444 1.6995 650
1744890590678 1.6422 660
1744890600922 1.6615 670
1744890611235 1.7142 680
1744890621577 1.58 690
1744890632011 1.5604 700
1744890642546 1.6067 710
1744890652648 1.5498 720
1744890662787 1.5842 730
1744890672832 1.637 740
1744890683033 1.6143 750
1744890693526 1.6495 760
1744890703665 1.5664 770
1744890713703 1.548 780
1744890723973 1.5215 790
1744890734117 1.5342 800
1744890744267 1.5413 810
1744890754515 1.5081 820
1744890764588 1.5993 830
1744890775054 1.6036 840
1744890785210 1.4925 850
1744890795663 1.5332 860
1744890830647 1.5077 870
1744890840918 1.5203 880
1744890851487 1.4706 890
1744890861748 1.502 900
1744890871799 1.4986 910
1744890882178 1.4535 920
1744890892385 1.502 930
1744890902426 1.5021 940
1744890912579 1.4042 950
1744890922611 1.4524 960
1744890932879 1.466 970
1744890942914 1.4089 980
1744890953044 1.4062 990
1744890963775 1.4468 1000
1744890973911 1.463 1010
1744890984165 1.4355 1020
1744890994414 1.437 1030
1744891004571 1.4768 1040
1744891014590 1.4212 1050
1744891024799 1.4513 1060
1744891035174 1.4411 1070
1744891045321 1.5105 1080
1744891055544 1.4136 1090
1744891065686 1.4119 1100
1744891075920 1.4166 1110
1744891086059 1.4592 1120
1744891096120 1.4549 1130
1744891106366 1.4221 1140
1744891116488 1.4797 1150
1744891126658 1.5208 1160
1744891136724 1.4747 1170
1744891147112 1.4834 1180
1744891157365 1.4008 1190
1744891167398 1.3399 1200
1744891177813 1.3776 1210
1744891188113 1.4475 1220
1744891198344 1.4113 1230
1744891208593 1.4112 1240
1744891218742 1.4176 1250
1744891229111 1.3678 1260
1744891239425 1.2931 1270
1744891249638 1.3603 1280
1744891259772 1.3393 1290
1744891294392 1.3939 1300
1744891304653 1.3414 1310
1744891315412 1.321 1320
1744891325934 1.3686 1330
1744891336637 1.2889 1340
1744891346774 1.2992 1350
1744891357692 1.3429 1360
1744891368007 1.2716 1370
1744891378679 1.3266 1380
1744891388824 1.2665 1390
1744891398899 1.3229 1400
1744891409182 1.3404 1410
1744891419199 1.4232 1420
1744891429562 1.3559 1430
1744891439602 1.282 1440
1744891449732 1.3368 1450
1744891460370 1.334 1460
1744891470468 1.3427 1470
1744891480602 1.3003 1480
1744891490743 1.323 1490
1744891500925 1.2856 1500
1744891511059 1.2699 1510
1744891521531 1.2547 1520
1744891532147 1.2401 1530
1744891542269 1.2979 1540
1744891552640 1.3446 1550
1744891563154 1.2783 1560
1744891573516 1.2367 1570
1744891583604 1.3168 1580
1744891593623 1.2901 1590
1744891603721 1.2736 1600
1744891613786 1.234 1610
1744891623961 1.2772 1620
1744891634205 1.1989 1630
1744891644414 1.3361 1640
1744891654790 1.2638 1650
1744891664915 1.2524 1660
1744891675720 1.2822 1670
1744891686428 1.2269 1680
1744891696635 1.2884 1690
1744891706999 1.2565 1700
1744891717077 1.2544 1710
1744891727221 1.3129 1720
1744891761968 1.2061 1730
1744891772504 1.1668 1740
1744891782745 1.2137 1750
1744891792861 1.2065 1760
1744891802872 1.2029 1770
1744891813011 1.2071 1780
1744891823042 1.2085 1790
1744891833788 1.1557 1800
1744891844000 1.2074 1810
1744891854027 1.1712 1820
1744891864055 1.2576 1830
1744891874099 1.2019 1840
1744891884275 1.2012 1850
1744891894757 1.2301 1860
1744891905043 1.1784 1870
1744891915400 1.1578 1880
1744891925469 1.1535 1890
1744891935676 1.2009 1900
1744891945791 1.2407 1910
1744891956014 1.2834 1920
1744891966455 1.2275 1930
1744891976613 1.1415 1940
1744891986853 1.1796 1950
1744891997235 1.2845 1960
1744892007466 1.2148 1970
1744892017955 1.16 1980
1744892028290 1.1571 1990
1744892038811 1.1884 2000
1744892049643 1.2482 2010
1744892060099 1.1898 2020
1744892070893 1.196 2030
1744892081435 1.1759 2040
1744892091767 1.2259 2050
1744892102085 1.2037 2060
1744892112452 1.1698 2070
1744892122992 1.1399 2080
1744892133226 1.2007 2090
1744892143404 1.1896 2100
1744892153686 1.202 2110
1744892163814 1.1433 2120
1744892173845 1.2205 2130
1744892183974 1.1807 2140
1744892194169 1.1584 2150
1744892203779 1.2725 2160
1744892239784 1.148 2170
1744892249985 1.1171 2180
1744892260084 1.1114 2190
1744892270324 1.1164 2200
1744892280686 1.1893 2210
1744892291041 1.1591 2220
1744892301177 1.1035 2230
1744892311408 1.1391 2240
1744892321570 1.1802 2250
1744892331668 1.1672 2260
1744892341874 1.095 2270
1744892351879 1.1591 2280
1744892361978 1.1237 2290
1744892372007 1.09 2300
1744892382036 1.1308 2310
1744892392179 1.1108 2320
1744892402521 1.077 2330
1744892412867 1.1918 2340
1744892422892 1.1442 2350
1744892433334 1.1677 2360
1744892443625 1.1334 2370
1744892453873 1.1322 2380
1744892463993 1.1121 2390
1744892474001 1.1443 2400
1744892484130 1.1349 2410
1744892494276 1.1158 2420
1744892504550 1.1087 2430
1744892514834 1.1657 2440
1744892524979 1.0944 2450
1744892535593 1.1229 2460
1744892545936 1.1423 2470
1744892556095 1.1631 2480
1744892566601 1.115 2490
1744892576695 1.1174 2500
1744892586897 1.0908 2510
1744892597100 1.1528 2520
1744892607300 1.0789 2530
1744892617498 1.1338 2540
1744892627600 1.1175 2550
1744892637688 1.1328 2560
1744892647803 1.1159 2570
1744892657982 1.1003 2580
1744892668119 1.0648 2590
1744892702850 1.1165 2600
1744892712937 1.117 2610
1744892723191 1.0845 2620
1744892733243 1.0432 2630
1744892743378 1.0499 2640
1744892753399 1.0708 2650
1744892763553 1.0768 2660
1744892773681 1.0635 2670
1744892783858 1.114 2680
1744892793983 1.0709 2690
1744892804158 1.0633 2700
1744892814306 1.1172 2710
1744892824477 1.0696 2720
1744892834636 1.0638 2730
1744892844811 1.0774 2740
1744892854903 1.0844 2750
1744892865069 1.0618 2760
1744892875326 1.0952 2770
1744892885465 1.14 2780
1744892895619 1.1386 2790
1744892905718 1.0697 2800
1744892915944 1.0796 2810
1744892926494 1.0493 2820
1744892936796 1.0583 2830
1744892946949 1.0795 2840
1744892957215 1.0931 2850
1744892967794 1.0311 2860
1744892977926 1.0435 2870
1744892988179 1.1072 2880
1744892998305 1.0631 2890
1744893008622 1.079 2900
1744893018806 1.04 2910
1744893028891 1.1056 2920
1744893039172 1.0591 2930
1744893049223 1.0823 2940
1744893059625 1.1103 2950
1744893069647 1.0534 2960
1744893079814 1.0794 2970
1744893089947 1.0963 2980
1744893100010 1.0702 2990
1744893110155 1.0111 3000
1744893120188 1.1056 3010
1744893130362 1.0816 3020
1744893165157 1.0131 3030
1744893175468 1.0328 3040
1744893185551 1.03 3050
1744893196080 1.0782 3060
1744893206194 1.0746 3070
1744893216692 1.083 3080
1744893226823 1.0394 3090
1744893237039 1.0436 3100
1744893247323 1.0537 3110
1744893257340 1.045 3120
1744893267548 1.1247 3130
1744893277608 1.0245 3140
1744893287769 1.0499 3150
1744893297916 1.0495 3160
1744893307930 1.0657 3170
1744893318070 1.0046 3180
1744893328132 1.068 3190
1744893338294 1.0226 3200
1744893348496 1.0732 3210
1744893358544 1.08 3220
1744893368702 1.0682 3230
1744893378736 1.0162 3240
1744893388945 1.0258 3250
1744893399087 1.0741 3260
1744893409220 1.0826 3270
1744893419376 0.9811 3280
1744893429441 1.0853 3290
1744893440070 1.0156 3300
1744893450127 1.09 3310
1744893460544 1.061 3320
1744893470764 1.0537 3330
1744893480953 1.0645 3340
1744893491191 1.0405 3350
1744893501376 1.0439 3360
1744893511668 1.0659 3370
1744893521780 1.0579 3380
1744893531935 1.0525 3390
1744893542198 1.0852 3400
1744893552370 0.9857 3410
1744893562712 1.0035 3420
1744893572978 1.0168 3430
1744893583502 1.0095 3440
1744893593683 0.9981 3450
1744893628684 1.0057 3460
1744893638982 1.0289 3470
1744893649161 1.0016 3480
1744893659223 1.0094 3490
1744893669460 0.998 3500
1744893679499 0.9937 3510
1744893689744 1.0374 3520
1744893699789 1.0186 3530
1744893709925 0.9754 3540
1744893720058 1.0094 3550
1744893730215 1.0515 3560
1744893740368 1.0593 3570
1744893750465 1.0573 3580
1744893760758 1.0207 3590
1744893770906 1.0162 3600
1744893780922 1.0071 3610
1744893791113 0.9877 3620
1744893801424 0.9891 3630
1744893811685 1.0087 3640
1744893821704 1.0254 3650
1744893831919 1.0447 3660
1744893842035 1.0558 3670
1744893852032 1.095 3680
1744893862247 1.0491 3690
1744893872287 1.0519 3700
1744893882518 0.9965 3710
1744893892697 1.0309 3720
1744893902810 1.0345 3730
1744893913013 0.9695 3740
1744893923062 1.0015 3750
1744893933198 0.9788 3760
1744893943425 0.9904 3770
1744893953602 1.0483 3780
1744893963743 1.024 3790
1744893973787 1.0107 3800
1744893983913 1.0301 3810
1744893994035 1.0414 3820
1744894004383 1.0101 3830
1744894014608 1.021 3840
1744894024971 1.0277 3850
1744894035278 0.9657 3860
1744894045669 1.0321 3870
1744894055786 1.0322 3880
1744894090557 1.0486 3890
1744894100747 1.0138 3900
1744894110888 1.0073 3910
1744894120938 0.9653 3920
1744894130969 1.0068 3930
1744894141180 0.9961 3940
1744894151397 0.9876 3950
1744894161860 1.0059 3960
1744894171941 0.9599 3970
1744894182266 0.9561 3980
1744894192910 0.9678 3990
1744894203699 0.9864 4000
1744894213850 0.965 4010
1744894223909 1.0016 4020
1744894234042 0.9822 4030
1744894244150 1.003 4040
1744894254160 1.0107 4050
1744894264429 1.0361 4060
1744894274751 1.0103 4070
1744894284897 0.9499 4080
1744894295001 1.0017 4090
1744894305163 0.9802 4100
1744894315661 0.9945 4110
1744894326066 0.9753 4120
1744894336274 0.9917 4130
1744894346802 0.9825 4140
1744894356999 1.0428 4150
1744894367178 1.0224 4160
1744894377206 1.0007 4170
1744894387470 0.9846 4180
1744894397498 1.0078 4190
1744894407630 0.9839 4200
1744894417657 1.0235 4210
1744894427991 0.9826 4220
1744894438137 0.9795 4230
1744894448284 0.9819 4240
1744894458465 0.9652 4250
1744894468654 1.02 4260
1744894479016 0.9576 4270
1744894489139 0.9868 4280
1744894499425 1.0345 4290
1744894509810 1.019 4300
1744894519913 1.0107 4310
1744894529501 0.9936 4320
1744894564858 0.9543 4330
1744894574912 0.9142 4340
1744894585108 0.9487 4350
1744894595262 0.9717 4360
1744894605318 0.9568 4370
1744894615423 0.9481 4380
1744894625511 0.9653 4390
1744894635846 0.9529 4400
1744894646004 0.9324 4410
1744894656488 0.9657 4420
1744894666805 0.9755 4430
1744894676895 1.0059 4440
1744894687080 1.0083 4450
1744894697177 0.9463 4460
1744894707372 0.977 4470
1744894717729 0.9687 4480
1744894727869 1.0028 4490
1744894738012 0.9726 4500
1744894748071 0.9571 4510
1744894758309 0.9978 4520
1744894768607 0.9645 4530
1744894778749 0.9826 4540
1744894788765 0.9721 4550
1744894799280 0.9425 4560
1744894809612 1.0076 4570
1744894819773 0.943 4580
1744894830106 0.9565 4590
1744894840236 0.9383 4600
1744894850389 0.9744 4610
1744894860609 0.9455 4620
1744894870809 0.9873 4630
1744894881000 0.9013 4640
1744894891192 0.9886 4650
1744894901344 1.0238 4660
1744894911414 0.9985 4670
1744894921570 1.0093 4680
1744894931919 0.9849 4690
1744894942015 0.9554 4700
1744894952157 0.9884 4710
1744894962185 0.9531 4720
1744894972771 0.9148 4730
1744894982833 0.9836 4740
1744894992977 0.9371 4750
1744895028044 0.9336 4760
1744895038484 0.9128 4770
1744895048601 0.9356 4780
1744895059059 0.9194 4790
1744895069096 0.9472 4800
1744895079262 0.9651 4810
1744895089421 0.9227 4820
1744895099535 0.9473 4830
1744895109663 0.9457 4840
1744895119757 0.9149 4850
1744895130073 0.9253 4860
1744895140204 0.9631 4870
1744895150300 0.9292 4880
1744895160769 0.9334 4890
1744895170861 0.9308 4900
1744895181031 0.9414 4910
1744895191102 0.8926 4920
1744895201455 0.986 4930
1744895211602 0.9557 4940
1744895221635 0.938 4950
1744895231799 0.9107 4960
1744895241859 0.953 4970
1744895251991 0.938 4980
1744895262136 0.9378 4990
1744895272486 0.9496 5000
1744895282650 0.9236 5010
1744895292668 0.9327 5020
1744895303356 0.9404 5030
1744895313832 0.9551 5040
1744895324024 0.971 5050
1744895334164 0.9958 5060
1744895344233 0.9291 5070
1744895354396 1.0099 5080
1744895364548 0.9701 5090
1744895374821 0.9691 5100
1744895385155 0.8808 5110
1744895395463 0.9674 5120
1744895405757 0.9074 5130
1744895415906 0.9164 5140
1744895426148 0.9094 5150
1744895436248 0.9817 5160
1744895446819 0.9372 5170
1744895457307 0.9379 5180
1744895491976 0.9036 5190
1744895502128 0.9341 5200
1744895512339 0.9459 5210
1744895522862 0.9728 5220
1744895533277 0.9535 5230
1744895543421 0.9151 5240
1744895553707 0.9483 5250
1744895563874 0.9067 5260
1744895574391 0.9309 5270
1744895584879 0.8797 5280
1744895594942 0.9056 5290
1744895605171 0.979 5300
1744895615314 0.9344 5310
1744895625956 0.9445 5320
1744895636250 0.9098 5330
1744895646376 0.9128 5340
1744895656536 0.9338 5350
1744895666595 0.9177 5360
1744895676861 0.954 5370
1744895687057 0.9274 5380
1744895697088 0.9381 5390
1744895707302 0.9442 5400
1744895717456 0.9496 5410
1744895727609 0.9675 5420
1744895737756 0.9262 5430
1744895747789 0.9249 5440
1744895757955 0.8561 5450
1744895768202 0.9276 5460
1744895778351 0.9449 5470
1744895788469 0.9244 5480
1744895798618 0.9609 5490
1744895808819 0.9241 5500
1744895818859 0.9128 5510
1744895829016 0.9078 5520
1744895839132 0.8856 5530
1744895849374 0.935 5540
1744895859638 0.9126 5550
1744895870457 0.9518 5560
1744895881039 0.936 5570
1744895891108 0.9291 5580
1744895901309 0.9099 5590
1744895911355 0.8694 5600
1744895921533 0.9009 5610
1744895956503 0.9208 5620
1744895966685 0.9179 5630
1744895976711 0.9306 5640
1744895986847 0.8789 5650
1744895996898 0.8821 5660
1744896006999 0.9214 5670
1744896017215 0.9147 5680
1744896027257 0.8901 5690
1744896037645 0.902 5700
1744896047684 0.8475 5710
1744896058011 0.9493 5720
1744896068130 0.9088 5730
1744896078195 0.9601 5740
1744896088399 0.9097 5750
1744896098582 0.8836 5760
1744896108782 0.8797 5770
1744896118823 0.8791 5780
1744896129165 0.9065 5790
1744896139293 0.9182 5800
1744896149334 0.9295 5810
1744896159506 0.9229 5820
1744896169543 0.9072 5830
1744896179832 0.8903 5840
1744896189876 0.9432 5850
1744896200348 0.8798 5860
1744896210651 0.8924 5870
1744896220772 0.9676 5880
1744896231004 0.8853 5890
1744896241056 0.905 5900
1744896251216 0.8945 5910
1744896261418 0.9176 5920
1744896271504 0.8925 5930
1744896281642 0.9101 5940
1744896291701 0.9396 5950
1744896301867 0.8839 5960
1744896311916 0.8738 5970
1744896322142 0.9245 5980
1744896332609 0.8771 5990
1744896342856 0.923 6000
1744896353217 0.9656 6010
1744896363379 0.868 6020
1744896373636 0.9178 6030
1744896383890 0.8781 6040
1744896418735 0.9211 6050
1744896429219 0.8644 6060
1744896439374 0.8985 6070
1744896449422 0.854 6080
1744896459892 0.9049 6090
1744896469993 0.9207 6100
1744896480159 0.9002 6110
1744896490323 0.9046 6120
1744896500371 0.8493 6130
1744896510838 0.9264 6140
1744896521517 0.8793 6150
1744896532130 0.9135 6160
1744896542487 0.8821 6170
1744896552753 0.8971 6180
1744896563036 0.9067 6190
1744896573246 0.9343 6200
1744896583653 0.9157 6210
1744896593744 0.9317 6220
1744896604213 0.9227 6230
1744896614711 0.9183 6240
1744896624905 0.878 6250
1744896635754 0.8677 6260
1744896646555 0.8935 6270
1744896657070 0.8896 6280
1744896667316 0.8893 6290
1744896677426 0.9203 6300
1744896687655 0.8868 6310
1744896697775 0.8831 6320
1744896707988 0.8867 6330
1744896718185 0.8914 6340
1744896728363 0.8737 6350
1744896738719 0.8844 6360
1744896748893 0.8577 6370
1744896759079 0.903 6380
1744896769174 0.903 6390
1744896779394 0.9265 6400
1744896789616 0.9166 6410
1744896799706 0.8968 6420
1744896809928 0.8785 6430
1744896820031 0.8917 6440
1744896830306 0.9067 6450
1744896840389 0.8579 6460
1744896850625 0.8644 6470
1744896860362 0.903 6480
1744896895340 0.8763 6490
1744896905384 0.8642 6500
1744896915620 0.8771 6510
1744896925687 0.8511 6520
1744896935827 0.915 6530
1744896946002 0.8893 6540
1744896956347 0.8375 6550
1744896966524 0.8492 6560
1744896976588 0.9108 6570
1744896986834 0.8787 6580
1744896996855 0.8903 6590
1744897007000 0.844 6600
1744897017106 0.83 6610
1744897027332 0.9233 6620
1744897037991 0.9086 6630
1744897048131 0.83 6640
1744897058444 0.8684 6650
1744897068764 0.8758 6660
1744897079232 0.8583 6670
1744897089593 0.8533 6680
1744897100117 0.8875 6690
1744897110242 0.8499 6700
1744897120546 0.8613 6710
1744897130893 0.9253 6720
1744897140916 0.887 6730
1744897151128 0.8551 6740
1744897161188 0.8216 6750
1744897171394 0.8974 6760
1744897181467 0.8934 6770
1744897191593 0.8735 6780
1744897201763 0.9055 6790
1744897211904 0.8893 6800
1744897222008 0.8984 6810
1744897232571 0.8183 6820
1744897242778 0.8646 6830
1744897252916 0.87 6840
1744897263028 0.8646 6850
1744897273316 0.9021 6860
1744897283441 0.9085 6870
1744897293504 0.9133 6880
1744897303711 0.8841 6890
1744897313988 0.8611 6900
1744897324399 0.9039 6910
1744897359604 0.8801 6920
1744897369986 0.8747 6930
1744897380425 0.8785 6940
1744897390651 0.8628 6950
1744897400731 0.8765 6960
1744897411064 0.8688 6970
1744897421295 0.8458 6980
1744897431397 0.9032 6990
1744897441624 0.8732 7000
1744897451667 0.8605 7010
1744897461939 0.8614 7020
1744897472284 0.8469 7030
1744897482422 0.8845 7040
1744897492711 0.8222 7050
1744897502742 0.8623 7060
1744897513107 0.8469 7070
1744897523152 0.8673 7080
1744897533273 0.897 7090
1744897543482 0.853 7100
1744897553537 0.8689 7110
1744897563713 0.8488 7120
1744897573811 0.8306 7130
1744897584036 0.8797 7140
1744897594282 0.8638 7150
1744897604770 0.8596 7160
1744897615494 0.8627 7170
1744897625719 0.8646 7180
1744897635932 0.8395 7190
1744897646081 0.8592 7200
1744897656222 0.8699 7210
1744897666501 0.8711 7220
1744897676746 0.8557 7230
1744897687296 0.8796 7240
1744897697452 0.826 7250
1744897707760 0.8793 7260
1744897717779 0.8869 7270
1744897727932 0.8768 7280
1744897738072 0.8459 7290
1744897748072 0.8862 7300
1744897758299 0.8556 7310
1744897768464 0.8884 7320
1744897778706 0.8834 7330
1744897789111 0.9152 7340
1744897823997 0.8582 7350
1744897834018 0.8663 7360
1744897844231 0.8996 7370
1744897854301 0.8512 7380
1744897864446 0.885 7390
1744897874592 0.8655 7400
1744897884749 0.8796 7410
1744897894892 0.8637 7420
1744897904949 0.7814 7430
1744897915090 0.8376 7440
1744897925140 0.8441 7450
1744897935374 0.8643 7460
1744897945485 0.8639 7470
1744897955624 0.8419 7480
1744897965744 0.8639 7490
1744897975819 0.8826 7500
1744897986014 0.841 7510
1744897996071 0.8143 7520
1744898006239 0.8337 7530
1744898016885 0.8511 7540
1744898026909 0.8823 7550
1744898037086 0.8704 7560
1744898047524 0.7998 7570
1744898057995 0.8779 7580
1744898068223 0.8473 7590
1744898078844 0.8101 7600
1744898088978 0.8844 7610
1744898099270 0.8259 7620
1744898109496 0.8768 7630
1744898119531 0.8772 7640
1744898129679 0.8476 7650
1744898139728 0.8542 7660
1744898150046 0.8528 7670
1744898160180 0.8536 7680
1744898170229 0.8591 7690
1744898180536 0.8657 7700
1744898190768 0.821 7710
1744898201121 0.855 7720
1744898211336 0.8605 7730
1744898221431 0.8147 7740
1744898231801 0.8598 7750
1744898241851 0.8464 7760
1744898251993 0.8138 7770
1744898286528 0.8431 7780
1744898296796 0.8452 7790
1744898306827 0.8274 7800
1744898317046 0.8827 7810
1744898327109 0.844 7820
1744898337389 0.8216 7830
1744898347721 0.8352 7840
1744898357870 0.8516 7850
1744898368267 0.8122 7860
1744898378297 0.8418 7870
1744898388457 0.8346 7880
1744898398623 0.8353 7890
1744898408741 0.8195 7900
1744898418784 0.8331 7910
1744898428974 0.8361 7920
1744898439068 0.8487 7930
1744898449250 0.8152 7940
1744898459395 0.8612 7950
1744898469457 0.8724 7960
1744898479955 0.8386 7970
1744898490007 0.842 7980
1744898500361 0.8193 7990
1744898510543 0.8176 8000
1744898521020 0.8652 8010
1744898531578 0.8167 8020
1744898541809 0.8382 8030
1744898551943 0.8387 8040
1744898562202 0.8174 8050
1744898572463 0.8364 8060
1744898582733 0.85 8070
1744898592978 0.8608 8080
1744898603161 0.8257 8090
1744898613649 0.8868 8100
1744898623791 0.854 8110
1744898634124 0.8163 8120
1744898644319 0.8203 8130
1744898654666 0.8198 8140
1744898664996 0.8461 8150
1744898675411 0.8622 8160
1744898685638 0.8358 8170
1744898695884 0.8387 8180
1744898706121 0.8434 8190
1744898716284 0.8285 8200
1744898751272 0.8231 8210
1744898761467 0.8218 8220
1744898772123 0.8439 8230
1744898782196 0.8458 8240
1744898792729 0.8174 8250
1744898802788 0.8102 8260
1744898813007 0.8312 8270
1744898823143 0.8561 8280
1744898833346 0.8169 8290
1744898843655 0.804 8300
1744898853924 0.8647 8310
1744898864405 0.8019 8320
1744898874604 0.8114 8330
1744898884785 0.8168 8340
1744898894997 0.8487 8350
1744898905116 0.8412 8360
1744898915457 0.8399 8370
1744898925539 0.8284 8380
1744898935696 0.8563 8390
1744898945751 0.8281 8400
1744898955969 0.8259 8410
1744898966216 0.8043 8420
1744898976461 0.8274 8430
1744898986915 0.8134 8440
1744898996953 0.8167 8450
1744899007172 0.8285 8460
1744899017233 0.8035 8470
1744899027523 0.8167 8480
1744899037831 0.8323 8490
1744899047927 0.8165 8500
1744899058608 0.8338 8510
1744899068714 0.8371 8520
1744899078881 0.8281 8530
1744899089020 0.8362 8540
1744899099229 0.8058 8550
1744899109470 0.818 8560
1744899119552 0.8359 8570
1744899129740 0.8408 8580
1744899139857 0.8464 8590
1744899150072 0.8176 8600
1744899160650 0.8227 8610
1744899170710 0.8332 8620
1744899181088 0.8182 8630
1744899190856 0.8361 8640
1744899225890 0.8846 8650
1744899236019 0.8064 8660
1744899246187 0.7777 8670
1744899256641 0.8015 8680
1744899266843 0.8579 8690
1744899276886 0.8213 8700
1744899287012 0.8368 8710
1744899297256 0.7865 8720
1744899307506 0.8369 8730
1744899317840 0.8175 8740
1744899327920 0.8292 8750
1744899338133 0.7919 8760
1744899348247 0.8202 8770
1744899358571 0.8114 8780
1744899368751 0.785 8790
1744899378797 0.8344 8800
1744899388998 0.8511 8810
1744899399389 0.8227 8820
1744899409581 0.837 8830
1744899419616 0.8381 8840
1744899429807 0.8109 8850
1744899440044 0.8133 8860
1744899450101 0.8136 8870
1744899460257 0.8404 8880
1744899470412 0.8286 8890
1744899480582 0.7969 8900
1744899490884 0.8041 8910
1744899501048 0.7929 8920
1744899511965 0.8091 8930
1744899522372 0.829 8940
1744899532586 0.7878 8950
1744899542658 0.831 8960
1744899552845 0.8208 8970
1744899563168 0.8139 8980
1744899573536 0.8588 8990
1744899583686 0.8285 9000
1744899593896 0.8017 9010
1744899604280 0.8154 9020
1744899614331 0.78 9030
1744899624476 0.8281 9040
1744899634727 0.827 9050
1744899644925 0.8161 9060
1744899655269 0.8335 9070
1744899689847 0.7982 9080
1744899699929 0.8144 9090
1744899710073 0.7801 9100
1744899720085 0.8371 9110
1744899730110 0.804 9120
1744899740314 0.8189 9130
1744899750330 0.8016 9140
1744899760737 0.7848 9150
1744899770920 0.8034 9160
1744899781644 0.7942 9170
1744899792181 0.7977 9180
1744899802399 0.826 9190
1744899812719 0.8326 9200
1744899822772 0.8307 9210
1744899833082 0.8151 9220
1744899843611 0.8247 9230
1744899853778 0.8398 9240
1744899863944 0.826 9250
1744899874243 0.7819 9260
1744899884404 0.8274 9270
1744899894690 0.8167 9280
1744899904924 0.8225 9290
1744899915919 0.7712 9300
1744899926453 0.8016 9310
1744899936847 0.817 9320
1744899947056 0.824 9330
1744899957593 0.7983 9340
1744899967887 0.8108 9350
1744899977977 0.827 9360
1744899988112 0.8245 9370
1744899998156 0.7964 9380
1744900008379 0.8086 9390
1744900018468 0.8135 9400
1744900028621 0.8006 9410
1744900038759 0.7938 9420
1744900048800 0.8251 9430
1744900059018 0.7948 9440
1744900069096 0.7992 9450
1744900079331 0.7933 9460
1744900089675 0.8288 9470
1744900099876 0.8074 9480
1744900110272 0.7949 9490
1744900120354 0.8066 9500
1744900154972 0.81 9510
1744900165185 0.8495 9520
1744900175255 0.7954 9530
1744900185314 0.8207 9540
1744900195828 0.8221 9550
1744900205947 0.8204 9560
1744900216307 0.809 9570
1744900226337 0.8082 9580
1744900236516 0.8257 9590
1744900246638 0.8176 9600
1744900256785 0.8062 9610
1744900266930 0.8398 9620
1744900276983 0.7958 9630
1744900287116 0.8037 9640
1744900297194 0.7995 9650
1744900307446 0.8038 9660
1744900317689 0.7909 9670
1744900328035 0.796 9680
1744900338260 0.7741 9690
1744900348310 0.7851 9700
1744900358550 0.7955 9710
1744900368736 0.802 9720
1744900378934 0.8045 9730
1744900389285 0.7606 9740
1744900399318 0.8334 9750
1744900409495 0.7992 9760
1744900419558 0.815 9770
1744900429707 0.8048 9780
1744900439830 0.8042 9790
1744900450040 0.8069 9800
1744900460264 0.7811 9810
1744900470333 0.8021 9820
1744900480667 0.78 9830
1744900490737 0.8116 9840
1744900500896 0.7682 9850
1744900511095 0.8213 9860
1744900521182 0.7904 9870
1744900531287 0.8149 9880
1744900541337 0.8116 9890
1744900551505 0.7869 9900
1744900561899 0.7859 9910
1744900572136 0.8008 9920
1744900582292 0.7993 9930
1744900617120 0.7836 9940
1744900627157 0.7957 9950
1744900637302 0.8066 9960
1744900647368 0.7924 9970
1744900657595 0.7818 9980
1744900667899 0.7879 9990
1744900677967 0.8147 10000
1744900688145 0.7978 10010
1744900698263 0.7996 10020
1744900708533 0.8352 10030
1744900719187 0.7934 10040
1744900729248 0.8198 10050
1744900739615 0.7915 10060
1744900749650 0.7937 10070
1744900759820 0.8266 10080
1744900770298 0.7995 10090
1744900781168 0.792 10100
1744900791531 0.7677 10110
1744900801604 0.8045 10120
1744900811797 0.8048 10130
1744900821835 0.8078 10140
1744900832029 0.781 10150
1744900842218 0.7831 10160
1744900852279 0.7877 10170
1744900862498 0.7933 10180
1744900872549 0.8173 10190
1744900882809 0.8 10200
1744900892855 0.7885 10210
1744900903451 0.8164 10220
1744900913912 0.79 10230
1744900924156 0.794 10240
1744900934422 0.7748 10250
1744900944646 0.8017 10260
1744900955252 0.7838 10270
1744900965503 0.8034 10280
1744900975757 0.8234 10290
1744900985888 0.8179 10300
1744900995943 0.7902 10310
1744901006075 0.7883 10320
1744901016133 0.7861 10330
1744901026282 0.7946 10340
1744901036486 0.7531 10350
1744901046549 0.8097 10360
1744901081264 0.77 10370
1744901091681 0.7874 10380
1744901101744 0.8107 10390
1744901112025 0.782 10400
1744901122108 0.7842 10410
1744901132156 0.7908 10420
1744901142299 0.7864 10430
1744901152333 0.8192 10440
1744901162554 0.7729 10450
1744901172604 0.7949 10460
1744901182757 0.7788 10470
1744901192804 0.8144 10480
1744901203015 0.7861 10490
1744901213228 0.7773 10500
1744901223264 0.8103 10510
1744901233489 0.7764 10520
1744901243593 0.7526 10530
1744901253762 0.808 10540
1744901264257 0.777 10550
1744901274320 0.7728 10560
1744901284763 0.8131 10570
1744901294821 0.7874 10580
1744901304981 0.7962 10590
1744901315033 0.7796 10600
1744901325317 0.7969 10610
1744901335459 0.8045 10620
1744901345604 0.7912 10630
1744901355880 0.8056 10640
1744901366015 0.7779 10650
1744901376392 0.7678 10660
1744901386666 0.8156 10670
1744901396717 0.8044 10680
1744901406832 0.8293 10690
1744901416916 0.7811 10700
1744901427070 0.8005 10710
1744901437146 0.7796 10720
1744901447313 0.7731 10730
1744901457464 0.7881 10740
1744901467755 0.7622 10750
1744901477973 0.7965 10760
1744901488364 0.7698 10770
1744901498728 0.7925 10780
1744901508894 0.8013 10790
1744901518603 0.7725 10800
1744901554365 0.7773 10810
1744901565134 0.7879 10820
1744901575645 0.7906 10830
1744901586092 0.763 10840
1744901596667 0.781 10850
1744901606801 0.819 10860
1744901617013 0.7943 10870
1744901627135 0.8099 10880
1744901637446 0.7872 10890
1744901647551 0.8058 10900
1744901657815 0.8146 10910
1744901667856 0.7926 10920
1744901678009 0.7764 10930
1744901688137 0.8405 10940
1744901698335 0.7816 10950
1744901708741 0.7959 10960
1744901718832 0.7881 10970
1744901729345 0.7849 10980
1744901740198 0.7663 10990
1744901750276 0.7715 11000
1744901760468 0.7813 11010
1744901770577 0.8219 11020
1744901780777 0.7629 11030
1744901790843 0.8028 11040
1744901801085 0.795 11050
1744901811363 0.7723 11060
1744901821778 0.7744 11070
1744901832015 0.7711 11080
1744901842084 0.7569 11090
1744901852281 0.7795 11100
1744901862342 0.8124 11110
1744901872508 0.7667 11120
1744901882698 0.7629 11130
1744901892816 0.7817 11140
1744901903411 0.7969 11150
1744901913603 0.7674 11160
1744901923942 0.7795 11170
1744901934357 0.7722 11180
1744901944467 0.7773 11190
1744901954688 0.783 11200
1744901964765 0.7629 11210
1744901974960 0.7868 11220
1744901985157 0.7906 11230
1744902019648 0.7753 11240
1744902029869 0.7535 11250
1744902040073 0.7949 11260
1744902050145 0.7509 11270
1744902060283 0.7709 11280
1744902070339 0.7671 11290
1744902080610 0.7765 11300
1744902090782 0.7699 11310
1744902100908 0.7934 11320
1744902111148 0.76 11330
1744902121225 0.758 11340
1744902131361 0.7924 11350
1744902141499 0.7728 11360
1744902151653 0.7881 11370
1744902161716 0.7818 11380
1744902171845 0.7865 11390
1744902181988 0.7531 11400
1744902192047 0.7874 11410
1744902202207 0.7736 11420
1744902212323 0.8028 11430
1744902222512 0.7755 11440
1744902232671 0.7968 11450
1744902242808 0.7845 11460
1744902253078 0.7811 11470
1744902263379 0.7946 11480
1744902273991 0.7742 11490
1744902284226 0.7756 11500
1744902294472 0.7812 11510
1744902304595 0.7763 11520
1744902315014 0.7512 11530
1744902325670 0.7963 11540
1744902335825 0.8011 11550
1744902345853 0.7721 11560
1744902356154 0.7991 11570
1744902366356 0.7403 11580
1744902376885 0.8023 11590
1744902387021 0.7731 11600
1744902397173 0.7743 11610
1744902407314 0.7634 11620
1744902417373 0.7979 11630
1744902427520 0.7929 11640
1744902437764 0.8328 11650
1744902447884 0.7702 11660
1744902482900 0.8076 11670
1744902493296 0.779 11680
1744902503353 0.7847 11690
1744902513577 0.8269 11700
1744902523640 0.7612 11710
1744902533823 0.758 11720
1744902543878 0.7534 11730
1744902554069 0.7711 11740
1744902564502 0.7886 11750
1744902574765 0.7818 11760
1744902585239 0.7898 11770
1744902595299 0.7738 11780
1744902605451 0.769 11790
1744902615785 0.7833 11800
1744902626023 0.7784 11810
1744902636223 0.7727 11820
1744902646716 0.7877 11830
1744902656917 0.7923 11840
1744902667078 0.7903 11850
1744902677344 0.8202 11860
1744902687482 0.7913 11870
1744902697680 0.7638 11880
1744902707996 0.8136 11890
1744902718062 0.7973 11900
1744902728239 0.787 11910
1744902738405 0.813 11920
1744902748487 0.7758 11930
1744902758771 0.7721 11940
1744902769179 0.8141 11950
1744902779644 0.7458 11960
1744902789757 0.7671 11970
1744902800042 0.777 11980
1744902810223 0.7565 11990
1744902820294 0.7758 12000
1744902830452 0.7985 12010
1744902840502 0.7875 12020
1744902850696 0.7637 12030
1744902860863 0.7643 12040
1744902870977 0.7866 12050
1744902881236 0.7689 12060
1744902891291 0.7777 12070
1744902901499 0.7607 12080
1744902911675 0.8137 12090
1744902946358 0.794 12100
1744902956684 0.7751 12110
1744902966843 0.7939 12120
1744902976943 0.779 12130
1744902987247 0.7751 12140
1744902997546 0.7842 12150
1744903007767 0.7823 12160
1744903017829 0.7708 12170
1744903027967 0.769 12180
1744903038252 0.7884 12190
1744903048297 0.7835 12200
1744903058557 0.7715 12210
1744903068611 0.7783 12220
1744903078779 0.7984 12230
1744903089092 0.7817 12240
1744903099212 0.7719 12250
1744903109535 0.7788 12260
1744903119617 0.7828 12270
1744903129797 0.823 12280
1744903139926 0.7805 12290
1744903150082 0.7602 12300
1744903160241 0.7561 12310
1744903170295 0.7885 12320
1744903180451 0.7483 12330
1744903190516 0.7723 12340
1744903200914 0.7573 12350
1744903211093 0.7757 12360
1744903221143 0.7872 12370
1744903231695 0.7874 12380
1744903241770 0.769 12390
1744903251936 0.7736 12400
1744903262118 0.7493 12410
1744903272313 0.7652 12420
1744903282479 0.7819 12430
1744903292532 0.774 12440
1744903302790 0.7585 12450
1744903313154 0.8072 12460
1744903323395 0.7877 12470
1744903333444 0.7812 12480
1744903343816 0.8031 12490
1744903354112 0.7625 12500
1744903364169 0.7672 12510
1744903374740 0.756 12520
1744903409333 0.7639 12530
1744903419438 0.8009 12540
1744903429712 0.7988 12550
1744903439856 0.7784 12560
1744903449858 0.7842 12570
1744903460087 0.7909 12580
1744903470619 0.7725 12590
1744903480870 0.7529 12600
1744903491110 0.7691 12610
1744903501270 0.7727 12620
1744903511404 0.7641 12630
1744903521446 0.7702 12640
1744903531599 0.7805 12650
1744903541860 0.8041 12660
1744903552230 0.7835 12670
1744903562524 0.7551 12680
1744903572615 0.7979 12690
1744903582820 0.7805 12700
1744903592902 0.7768 12710
1744903603027 0.7648 12720
1744903613073 0.7487 12730
1744903623192 0.7838 12740
1744903633339 0.7603 12750
1744903643378 0.7977 12760
1744903653506 0.8152 12770
1744903663557 0.7954 12780
1744903673829 0.7871 12790
1744903683998 0.7691 12800
1744903694358 0.8006 12810
1744903704576 0.808 12820
1744903714798 0.7842 12830
1744903724950 0.7965 12840
1744903734978 0.7811 12850
1744903745094 0.766 12860
1744903755151 0.8026 12870
1744903765526 0.7765 12880
1744903775652 0.7384 12890
1744903785946 0.7828 12900
1744903796067 0.7956 12910
1744903806338 0.7703 12920
1744903816757 0.7773 12930
1744903826885 0.7939 12940
1744903837042 0.7752 12950
1744903846649 0.7516 12960
