1744596026720 0.2631578947368421 10
1744596035729 0.5263157894736842 20
1744596044335 0.7894736842105263 30
1744596060511 1.0 38
1744596064232 1.0526315789473684 40
1744596072619 1.3157894736842106 50
1744596081400 1.5789473684210527 60
1744596089523 1.8421052631578947 70
1744596100751 2.0 76
1744596105974 2.1052631578947367 80
1744596114446 2.3684210526315788 90
1744596122877 2.6315789473684212 100
1744596131118 2.8947368421052633 110
1744596140607 3.0 114
1744596147499 3.1578947368421053 120
1744596155889 3.4210526315789473 130
1744596164056 3.6842105263157894 140
1744596172543 3.9473684210526314 150
1744596180335 4.0 152
1744596189275 4.2105263157894735 160
1744596197801 4.473684210526316 170
1744596206031 4.7368421052631575 180
1744596213574 5.0 190
1744596220601 5.0 190
1744596231159 5.2631578947368425 200
1744596239527 5.526315789473684 210
1744596247685 5.7894736842105265 220
1744596260408 6.0 228
1744596264141 6.052631578947368 230
1744596272483 6.315789473684211 240
1744596280608 6.578947368421053 250
1744596289204 6.842105263157895 260
1744596300392 7.0 266
1744596305751 7.105263157894737 270
1744596314192 7.368421052631579 280
1744596322382 7.631578947368421 290
1744596330786 7.894736842105263 300
1744596340537 8.0 304
1744596347723 8.157894736842104 310
1744596356240 8.421052631578947 320
1744596364444 8.68421052631579 330
1744596372888 8.947368421052632 340
1744596380550 9.0 342
1744596389676 9.210526315789474 350
1744596397960 9.473684210526315 360
1744596406489 9.736842105263158 370
1744596413937 10.0 380
1744596420679 10.0 380
1744596422468 10.0 380
1744596423020 10.0 0
1744596430054 10.0 380
