1744596026720 1.0257421731948853 10
1744596035729 1.1068278551101685 20
1744596044335 1.1280604600906372 30
1744596064232 1.2051631212234497 40
1744596072619 1.1815521717071533 50
1744596081400 1.241636037826538 60
1744596089523 1.2836706638336182 70
1744596105974 1.496424913406372 80
1744596114446 1.4826003313064575 90
1744596122877 1.422472357749939 100
1744596131118 1.4743939638137817 110
1744596147499 1.7980566024780273 120
1744596155889 1.5679289102554321 130
1744596164056 1.6595367193222046 140
1744596172543 1.8768720626831055 150
1744596189275 1.9106048345565796 160
1744596197801 2.0728325843811035 170
1744596206031 2.005303382873535 180
1744596213574 8.378803253173828 190
1744596231159 1.5217695236206055 200
1744596239527 1.898687481880188 210
1744596247685 2.02437686920166 220
1744596264141 2.0549890995025635 230
1744596272483 2.3134710788726807 240
1744596280608 3.0329742431640625 250
1744596289204 2.1979618072509766 260
1744596305751 1.9329355955123901 270
1744596314192 3.1547067165374756 280
1744596322382 1.9372719526290894 290
1744596330786 1.7511084079742432 300
1744596347723 2.1365301609039307 310
1744596356240 1.8937909603118896 320
1744596364444 2.169985771179199 330
1744596372888 2.249326229095459 340
1744596389676 1.9329118728637695 350
1744596397960 1.8886429071426392 360
1744596406489 1.8579528331756592 370
1744596413937 3.9058403968811035 380
