1744596026720 4.881578947368421e-05 10
1744596035729 4.75e-05 20
1744596044335 4.618421052631579e-05 30
1744596064232 4.486842105263158e-05 40
1744596072619 4.355263157894737e-05 50
1744596081400 4.223684210526316e-05 60
1744596089523 4.092105263157895e-05 70
1744596105974 3.960526315789474e-05 80
1744596114446 3.828947368421053e-05 90
1744596122877 3.6973684210526316e-05 100
1744596131118 3.5657894736842106e-05 110
1744596147499 3.4342105263157895e-05 120
1744596155889 3.302631578947369e-05 130
1744596164056 3.1710526315789473e-05 140
1744596172543 3.0394736842105266e-05 150
1744596189275 2.9078947368421055e-05 160
1744596197801 2.776315789473684e-05 170
1744596206031 2.644736842105263e-05 180
1744596213574 2.5131578947368423e-05 190
1744596231159 2.3815789473684212e-05 200
1744596239527 2.25e-05 210
1744596247685 2.118421052631579e-05 220
1744596264141 1.986842105263158e-05 230
1744596272483 1.855263157894737e-05 240
1744596280608 1.723684210526316e-05 250
1744596289204 1.5921052631578948e-05 260
1744596305751 1.4605263157894739e-05 270
1744596314192 1.3289473684210526e-05 280
1744596322382 1.1973684210526315e-05 290
1744596330786 1.0657894736842106e-05 300
1744596347723 9.342105263157895e-06 310
1744596356240 8.026315789473685e-06 320
1744596364444 6.710526315789474e-06 330
1744596372888 5.394736842105263e-06 340
1744596389676 4.078947368421053e-06 350
1744596397960 2.763157894736842e-06 360
1744596406489 1.4473684210526317e-06 370
1744596413937 1.3157894736842107e-07 380
