1744596026720 2.6467 10
1744596035729 2.5049 20
1744596044335 2.3596 30
1744596064232 2.2693 40
1744596072619 2.1191 50
1744596081400 1.996 60
1744596089523 1.8855 70
1744596105974 1.7709 80
1744596114446 1.7146 90
1744596122877 1.608 100
1744596131118 1.5802 110
1744596147499 1.4345 120
1744596155889 1.4331 130
1744596164056 1.3742 140
1744596172543 1.3504 150
1744596189275 1.2634 160
1744596197801 1.2461 170
1744596206031 1.2131 180
1744596213574 1.1888 190
1744596231159 1.1352 200
1744596239527 1.0834 210
1744596247685 1.0898 220
1744596264141 1.0539 230
1744596272483 1.0228 240
1744596280608 1.0037 250
1744596289204 0.967 260
1744596305751 0.939 270
1744596314192 0.9541 280
1744596322382 0.9264 290
1744596330786 0.9935 300
1744596347723 0.9519 310
1744596356240 0.9041 320
1744596364444 0.8421 330
1744596372888 0.9045 340
1744596389676 0.8731 350
1744596397960 0.88 360
1744596406489 0.8664 370
1744596413937 0.8855 380
