1744602976222 0.5263157894736842 10
1744602994669 1.0 19
1744602998344 1.0526315789473684 20
1744603011903 1.5789473684210527 30
1744603027160 2.0 38
1744603032971 2.1052631578947367 40
1744603046162 2.6315789473684212 50
1744603060667 3.0 57
1744603066991 3.1578947368421053 60
1744603080155 3.6842105263157894 70
1744603093226 4.0 76
1744603101026 4.2105263157894735 80
1744603114304 4.7368421052631575 90
1744603125960 5.0 95
1744603135022 5.2631578947368425 100
1744603148336 5.7894736842105265 110
1744603158595 6.0 114
1744603168908 6.315789473684211 120
1744603182239 6.842105263157895 130
1744603191332 7.0 133
1744603203904 7.368421052631579 140
1744603217153 7.894736842105263 150
1744603225005 8.0 152
1744603238481 8.421052631578947 160
1744603251270 8.947368421052632 170
1744603258227 9.0 171
1744603272651 9.473684210526315 180
1744603284673 10.0 190
1744603290815 10.0 190
1744603306541 10.526315789473685 200
1744603323124 11.0 209
1744603327025 11.052631578947368 210
1744603340144 11.578947368421053 220
1744603355647 12.0 228
1744603360799 12.105263157894736 230
1744603374254 12.631578947368421 240
1744603388570 13.0 247
1744603394958 13.157894736842104 250
1744603408102 13.68421052631579 260
1744603420856 14.0 266
1744603428583 14.210526315789474 270
1744603442096 14.736842105263158 280
1744603453618 15.0 285
1744603462805 15.263157894736842 290
1744603475763 15.789473684210526 300
1744603485885 16.0 304
1744603496505 16.31578947368421 310
1744603509830 16.842105263157894 320
1744603518772 17.0 323
1744603530522 17.36842105263158 330
1744603543689 17.894736842105264 340
1744603551161 18.0 342
1744603564353 18.42105263157895 350
1744603576895 18.94736842105263 360
1744603583381 19.0 361
1744603597953 19.473684210526315 370
1744603609928 20.0 380
1744603616186 20.0 380
1744603618048 20.0 380
1744603618590 20.0 0
1744603624748 20.0 380
