1744602976222 0.7721173167228699 10
1744602998344 0.9246325492858887 20
1744603011903 0.9534545540809631 30
1744603032971 1.0685367584228516 40
1744603046162 1.0969796180725098 50
1744603066991 1.0783345699310303 60
1744603080155 1.0163629055023193 70
1744603101026 1.1620712280273438 80
1744603114304 1.312613844871521 90
1744603135022 1.8381335735321045 100
1744603148336 1.5826654434204102 110
1744603168908 1.4828161001205444 120
1744603182239 1.4500067234039307 130
1744603203904 1.3737252950668335 140
1744603217153 1.6279305219650269 150
1744603238481 2.0607705116271973 160
1744603251270 1.4427584409713745 170
1744603272651 1.5569795370101929 180
1744603284673 1.8741137981414795 190
1744603306541 1.6654645204544067 200
1744603327025 1.5333565473556519 210
1744603340144 1.6428478956222534 220
1744603360799 1.7356748580932617 230
1744603374254 1.7772936820983887 240
1744603394958 1.7828917503356934 250
1744603408102 1.8139160871505737 260
1744603428583 1.8703982830047607 270
1744603442096 2.034702777862549 280
1744603462805 1.5765794515609741 290
1744603475763 1.85126793384552 300
1744603496505 1.7403899431228638 310
1744603509830 1.7576886415481567 320
1744603530522 2.122403860092163 330
1744603543689 2.297440528869629 340
1744603564353 1.8120571374893188 350
1744603576895 2.1905107498168945 360
1744603597953 1.7506382465362549 370
1744603609928 1.9845517873764038 380
