1744602976222 4.881578947368421e-05 10
1744602998344 4.75e-05 20
1744603011903 4.618421052631579e-05 30
1744603032971 4.486842105263158e-05 40
1744603046162 4.355263157894737e-05 50
1744603066991 4.223684210526316e-05 60
1744603080155 4.092105263157895e-05 70
1744603101026 3.960526315789474e-05 80
1744603114304 3.828947368421053e-05 90
1744603135022 3.6973684210526316e-05 100
1744603148336 3.5657894736842106e-05 110
1744603168908 3.4342105263157895e-05 120
1744603182239 3.302631578947369e-05 130
1744603203904 3.1710526315789473e-05 140
1744603217153 3.0394736842105266e-05 150
1744603238481 2.9078947368421055e-05 160
1744603251270 2.776315789473684e-05 170
1744603272651 2.644736842105263e-05 180
1744603284673 2.5131578947368423e-05 190
1744603306541 2.3815789473684212e-05 200
1744603327025 2.25e-05 210
1744603340144 2.118421052631579e-05 220
1744603360799 1.986842105263158e-05 230
1744603374254 1.855263157894737e-05 240
1744603394958 1.723684210526316e-05 250
1744603408102 1.5921052631578948e-05 260
1744603428583 1.4605263157894739e-05 270
1744603442096 1.3289473684210526e-05 280
1744603462805 1.1973684210526315e-05 290
1744603475763 1.0657894736842106e-05 300
1744603496505 9.342105263157895e-06 310
1744603509830 8.026315789473685e-06 320
1744603530522 6.710526315789474e-06 330
1744603543689 5.394736842105263e-06 340
1744603564353 4.078947368421053e-06 350
1744603576895 2.763157894736842e-06 360
1744603597953 1.4473684210526317e-06 370
1744603609928 1.3157894736842107e-07 380
