1744602976222 2.6304 10
1744602998344 2.4393 20
1744603011903 2.2355 30
1744603032971 2.0582 40
1744603046162 1.9124 50
1744603066991 1.7703 60
1744603080155 1.6262 70
1744603101026 1.545 80
1744603114304 1.4502 90
1744603135022 1.3298 100
1744603148336 1.2967 110
1744603168908 1.2478 120
1744603182239 1.1722 130
1744603203904 1.1088 140
1744603217153 1.0803 150
1744603238481 1.0249 160
1744603251270 0.9907 170
1744603272651 0.9322 180
1744603284673 0.9345 190
1744603306541 0.8921 200
1744603327025 0.8782 210
1744603340144 0.8532 220
1744603360799 0.8013 230
1744603374254 0.8003 240
1744603394958 0.7692 250
1744603408102 0.7902 260
1744603428583 0.7474 270
1744603442096 0.7412 280
1744603462805 0.7277 290
1744603475763 0.7367 300
1744603496505 0.6943 310
1744603509830 0.7097 320
1744603530522 0.7023 330
1744603543689 0.684 340
1744603564353 0.6535 350
1744603576895 0.7025 360
1744603597953 0.6688 370
1744603609928 0.6618 380
