1744595601340 0.2631578947368421 10
1744595609949 0.5263157894736842 20
1744595618174 0.7894736842105263 30
1744595633241 1.0 38
1744595636919 1.0526315789473684 40
1744595645370 1.3157894736842106 50
1744595653961 1.5789473684210527 60
1744595662288 1.8421052631578947 70
1744595674058 2.0 76
1744595679301 2.1052631578947367 80
1744595687734 2.3684210526315788 90
1744595695925 2.6315789473684212 100
1744595704363 2.8947368421052633 110
1744595713829 3.0 114
1744595720722 3.1578947368421053 120
1744595729054 3.4210526315789473 130
1744595737270 3.6842105263157894 140
1744595745690 3.9473684210526314 150
1744595753567 4.0 152
1744595762403 4.2105263157894735 160
1744595770776 4.473684210526316 170
1744595778965 4.7368421052631575 180
1744595786785 5.0 190
1744595793855 5.0 190
1744595795630 5.0 190
1744595796206 5.0 0
1744595803455 5.0 190
