1744595601340 1.0206758975982666 10
1744595609949 1.109446406364441 20
1744595618174 1.103858232498169 30
1744595636919 1.243649959564209 40
1744595645370 1.1935135126113892 50
1744595653961 1.2471414804458618 60
1744595662288 1.3014171123504639 70
1744595679301 1.3412142992019653 80
1744595687734 1.3523156642913818 90
1744595695925 1.2838170528411865 100
1744595704363 1.364524006843567 110
1744595720722 1.6480257511138916 120
1744595729054 1.3033560514450073 130
1744595737270 1.49673330783844 140
1744595745690 1.4910449981689453 150
1744595762403 1.4444221258163452 160
1744595770776 1.5293465852737427 170
1744595778965 1.3846774101257324 180
1744595786785 5.271072864532471 190
