1744595601340 4.7631578947368424e-05 10
1744595609949 4.5e-05 20
1744595618174 4.236842105263158e-05 30
1744595636919 3.973684210526316e-05 40
1744595645370 3.710526315789474e-05 50
1744595653961 3.447368421052632e-05 60
1744595662288 3.1842105263157895e-05 70
1744595679301 2.9210526315789477e-05 80
1744595687734 2.6578947368421052e-05 90
1744595695925 2.394736842105263e-05 100
1744595704363 2.1315789473684212e-05 110
1744595720722 1.868421052631579e-05 120
1744595729054 1.605263157894737e-05 130
1744595737270 1.3421052631578948e-05 140
1744595745690 1.0789473684210526e-05 150
1744595762403 8.157894736842106e-06 160
1744595770776 5.526315789473684e-06 170
1744595778965 2.8947368421052634e-06 180
1744595786785 2.6315789473684213e-07 190
