1744578628022 0.2631578947368421 10
1744578636239 0.5263157894736842 20
1744578644343 0.7894736842105263 30
1744578659578 1.0 38
1744578663162 1.0526315789473684 40
1744578671510 1.3157894736842106 50
1744578679925 1.5789473684210527 60
1744578688070 1.8421052631578947 70
1744578699218 2.0 76
1744578704456 2.1052631578947367 80
1744578713295 2.3684210526315788 90
1744578722005 2.6315789473684212 100
1744578730395 2.8947368421052633 110
1744578739824 3.0 114
1744578741436 3.0 114
1744578741979 3.0 0
1744578748831 3.0 114
