1744750931040 0.20408163265306123 10
1744750948020 0.40816326530612246 20
1744750965113 0.6122448979591837 30
1744750982469 0.8163265306122449 40
1744751014118 1.0 49
1744751018197 1.0204081632653061 50
1744751035200 1.2244897959183674 60
1744751052145 1.4285714285714286 70
1744751068783 1.6326530612244898 80
1744751085626 1.836734693877551 90
1744751113609 2.0 98
1744751119331 2.0408163265306123 100
1744751135916 2.2448979591836733 110
1744751152695 2.4489795918367347 120
1744751169463 2.6530612244897958 130
1744751186134 2.857142857142857 140
1744751212791 3.0 147
1744751220251 3.061224489795918 150
1744751236783 3.2653061224489797 160
1744751253518 3.4693877551020407 170
1744751270385 3.673469387755102 180
1744751286988 3.877551020408163 190
1744751311764 4.0 196
1744751320897 4.081632653061225 200
1744751337550 4.285714285714286 210
1744751354118 4.489795918367347 220
1744751370711 4.6938775510204085 230
1744751387527 4.8979591836734695 240
1744751410397 5.0 245
1744751421367 5.1020408163265305 250
1744751438166 5.3061224489795915 260
1744751454691 5.510204081632653 270
1744751471406 5.714285714285714 280
1744751488169 5.918367346938775 290
1744751509819 6.0 294
1744751522672 6.122448979591836 300
1744751539593 6.326530612244898 310
1744751556333 6.530612244897959 320
1744751573380 6.73469387755102 330
1744751590461 6.938775510204081 340
1744751610490 7.0 343
1744751624694 7.142857142857143 350
1744751641496 7.346938775510204 360
1744751658475 7.551020408163265 370
1744751675632 7.755102040816326 380
1744751692592 7.959183673469388 390
1744751710764 8.0 392
1744751726715 8.16326530612245 400
1744751743620 8.36734693877551 410
1744751760551 8.571428571428571 420
1744751777368 8.775510204081632 430
1744751793328 8.979591836734693 440
1744751811008 9.0 441
1744751828713 9.183673469387756 450
1744751845602 9.387755102040817 460
1744751862437 9.591836734693878 470
1744751879146 9.795918367346939 480
1744751893872 10.0 490
1744751911003 10.0 490
1744751930555 10.204081632653061 500
1744751947704 10.408163265306122 510
1744751964637 10.612244897959183 520
1744751981633 10.816326530612244 530
1744752011688 11.0 539
1744752015929 11.020408163265307 540
1744752032840 11.224489795918368 550
1744752049630 11.428571428571429 560
1744752066387 11.63265306122449 570
1744752083383 11.83673469387755 580
1744752111576 12.0 588
1744752117505 12.040816326530612 590
1744752134352 12.244897959183673 600
1744752151135 12.448979591836734 610
1744752167887 12.653061224489797 620
1744752184916 12.857142857142858 630
1744752211488 13.0 637
1744752219198 13.061224489795919 640
1744752235924 13.26530612244898 650
1744752252659 13.46938775510204 660
1744752269464 13.673469387755102 670
1744752286314 13.877551020408163 680
1744752311164 14.0 686
1744752320430 14.081632653061224 690
1744752337267 14.285714285714286 700
1744752353958 14.489795918367347 710
1744752370865 14.693877551020408 720
1744752387806 14.89795918367347 730
1744752410996 15.0 735
1744752422027 15.10204081632653 740
1744752439032 15.306122448979592 750
1744752455662 15.510204081632653 760
1744752472422 15.714285714285714 770
1744752489215 15.918367346938776 780
1744752510803 16.0 784
1744752523545 16.122448979591837 790
1744752540321 16.3265306122449 800
1744752556849 16.53061224489796 810
1744752573937 16.73469387755102 820
1744752590990 16.93877551020408 830
1744752611000 17.0 833
1744752625235 17.142857142857142 840
1744752642023 17.346938775510203 850
1744752658786 17.551020408163264 860
1744752675886 17.755102040816325 870
1744752692653 17.959183673469386 880
1744752710941 18.0 882
1744752727128 18.163265306122447 890
1744752743937 18.367346938775512 900
1744752760722 18.571428571428573 910
1744752777467 18.775510204081634 920
1744752793403 18.979591836734695 930
1744752810514 19.0 931
1744752828236 19.183673469387756 940
1744752844862 19.387755102040817 950
1744752861524 19.591836734693878 960
1744752878239 19.79591836734694 970
1744752893091 20.0 980
1744752910059 20.0 980
1744752929258 20.20408163265306 990
1744752946126 20.408163265306122 1000
1744752962820 20.612244897959183 1010
1744752979614 20.816326530612244 1020
1744753009339 21.0 1029
1744753013635 21.020408163265305 1030
1744753030580 21.224489795918366 1040
1744753047598 21.428571428571427 1050
1744753064615 21.632653061224488 1060
1744753081545 21.836734693877553 1070
1744753109621 22.0 1078
1744753115658 22.040816326530614 1080
1744753132394 22.244897959183675 1090
1744753149205 22.448979591836736 1100
1744753165793 22.653061224489797 1110
1744753182361 22.857142857142858 1120
1744753208554 23.0 1127
1744753216344 23.06122448979592 1130
1744753232880 23.26530612244898 1140
1744753249612 23.46938775510204 1150
1744753266355 23.6734693877551 1160
1744753282866 23.877551020408163 1170
1744753307740 24.0 1176
1744753317111 24.081632653061224 1180
1744753333634 24.285714285714285 1190
1744753350155 24.489795918367346 1200
1744753366872 24.693877551020407 1210
1744753383498 24.897959183673468 1220
1744753406702 25.0 1225
1744753417640 25.102040816326532 1230
1744753434256 25.306122448979593 1240
1744753451038 25.510204081632654 1250
1744753467801 25.714285714285715 1260
1744753484555 25.918367346938776 1270
1744753505791 26.0 1274
1744753518496 26.122448979591837 1280
1744753535224 26.3265306122449 1290
1744753551958 26.53061224489796 1300
1744753568849 26.73469387755102 1310
1744753585382 26.93877551020408 1320
1744753605130 27.0 1323
1744753619477 27.142857142857142 1330
1744753636336 27.346938775510203 1340
1744753653182 27.551020408163264 1350
1744753669705 27.755102040816325 1360
1744753686459 27.959183673469386 1370
1744753704981 28.0 1372
1744753720948 28.163265306122447 1380
1744753737668 28.367346938775512 1390
1744753754328 28.571428571428573 1400
1744753770934 28.775510204081634 1410
1744753786715 28.979591836734695 1420
1744753803945 29.0 1421
1744753821428 29.183673469387756 1430
1744753838194 29.387755102040817 1440
1744753854887 29.591836734693878 1450
1744753871485 29.79591836734694 1460
1744753886161 30.0 1470
1744753902940 30.0 1470
1744753904597 30.0 1470
1744753905080 30.0 0
1744753921997 30.0 1470
