1744750931040 0.5995804667472839 10
1744750948020 0.6843022704124451 20
1744750965113 0.7080302834510803 30
1744750982469 0.66617751121521 40
1744751018197 0.7575569748878479 50
1744751035200 0.7071316242218018 60
1744751052145 0.90121990442276 70
1744751068783 1.0366380214691162 80
1744751085626 1.2901755571365356 90
1744751119331 1.0975874662399292 100
1744751135916 1.110395073890686 110
1744751152695 1.1799745559692383 120
1744751169463 1.3614771366119385 130
1744751186134 1.731107234954834 140
1744751220251 2.1799075603485107 150
1744751236783 1.3834832906723022 160
1744751253518 1.5841690301895142 170
1744751270385 1.4032191038131714 180
1744751286988 1.5870758295059204 190
1744751320897 1.385633945465088 200
1744751337550 1.2435359954833984 210
1744751354118 1.2566999197006226 220
1744751370711 1.4270285367965698 230
1744751387527 1.4168181419372559 240
1744751421367 1.467329502105713 250
1744751438166 1.3576821088790894 260
1744751454691 1.4699859619140625 270
1744751471406 1.3358336687088013 280
1744751488169 1.434079647064209 290
1744751522672 1.3922450542449951 300
1744751539593 1.2411177158355713 310
1744751556333 1.712127923965454 320
1744751573380 1.4229974746704102 330
1744751590461 1.19490647315979 340
1744751624694 1.574718713760376 350
1744751641496 1.5081040859222412 360
1744751658475 1.372627854347229 370
1744751675632 1.5333757400512695 380
1744751692592 1.4768272638320923 390
1744751726715 1.3505769968032837 400
1744751743620 1.482384443283081 410
1744751760551 1.123213768005371 420
1744751777368 1.2483655214309692 430
1744751793328 1.1693333387374878 440
1744751828713 1.1417815685272217 450
1744751845602 1.4501771926879883 460
1744751862437 1.5848286151885986 470
1744751879146 1.1473679542541504 480
1744751893872 3.5166234970092773 490
1744751930555 1.1051642894744873 500
1744751947704 1.4102327823638916 510
1744751964637 1.3617616891860962 520
1744751981633 1.182369589805603 530
1744752015929 1.3997102975845337 540
1744752032840 1.1022820472717285 550
1744752049630 1.2448054552078247 560
1744752066387 1.2875251770019531 570
1744752083383 1.1821460723876953 580
1744752117505 1.2705574035644531 590
1744752134352 1.3891692161560059 600
1744752151135 1.3313583135604858 610
1744752167887 1.3255424499511719 620
1744752184916 1.3374630212783813 630
1744752219198 1.0477941036224365 640
1744752235924 1.207787036895752 650
1744752252659 1.2160673141479492 660
1744752269464 2.479975700378418 670
1744752286314 1.2662098407745361 680
1744752320430 1.3306087255477905 690
1744752337267 1.2452019453048706 700
1744752353958 1.230757474899292 710
1744752370865 1.435509204864502 720
1744752387806 1.1430714130401611 730
1744752422027 1.2203936576843262 740
1744752439032 0.9821736216545105 750
1744752455662 1.0957523584365845 760
1744752472422 1.26190185546875 770
1744752489215 1.200197696685791 780
1744752523545 0.9804003238677979 790
1744752540321 1.253435492515564 800
1744752556849 1.2312997579574585 810
1744752573937 1.2646000385284424 820
1744752590990 1.0198875665664673 830
1744752625235 1.266552448272705 840
1744752642023 1.2356754541397095 850
1744752658786 0.9110785722732544 860
1744752675886 1.2538304328918457 870
1744752692653 0.9474117159843445 880
1744752727128 1.1399668455123901 890
1744752743937 1.1320923566818237 900
1744752760722 1.366864800453186 910
1744752777467 1.2172832489013672 920
1744752793403 0.7933014631271362 930
1744752828236 1.207633137702942 940
1744752844862 0.907094419002533 950
1744752861524 1.0493378639221191 960
1744752878239 1.102660894393921 970
1744752893091 2.731074571609497 980
1744752929258 1.1361409425735474 990
1744752946126 1.220826506614685 1000
1744752962820 1.0786190032958984 1010
1744752979614 1.1099200248718262 1020
1744753013635 1.097252607345581 1030
1744753030580 1.0689014196395874 1040
1744753047598 0.8600830435752869 1050
1744753064615 0.9835315942764282 1060
1744753081545 1.1327563524246216 1070
1744753115658 0.9609132409095764 1080
1744753132394 1.205458164215088 1090
1744753149205 0.9802243709564209 1100
1744753165793 0.9826961755752563 1110
1744753182361 1.2201327085494995 1120
1744753216344 0.9505660533905029 1130
1744753232880 0.8830137848854065 1140
1744753249612 1.0514501333236694 1150
1744753266355 1.0725116729736328 1160
1744753282866 1.0755784511566162 1170
1744753317111 1.0048738718032837 1180
1744753333634 1.2702298164367676 1190
1744753350155 1.296332597732544 1200
1744753366872 0.9647926092147827 1210
1744753383498 0.9475720524787903 1220
1744753417640 1.204033613204956 1230
1744753434256 0.8941903114318848 1240
1744753451038 0.7351639866828918 1250
1744753467801 1.1639113426208496 1260
1744753484555 0.9627797603607178 1270
1744753518496 1.0008692741394043 1280
1744753535224 1.0148804187774658 1290
1744753551958 1.0030009746551514 1300
1744753568849 1.0761207342147827 1310
1744753585382 0.9341286420822144 1320
1744753619477 0.7628353238105774 1330
1744753636336 0.8994960784912109 1340
1744753653182 0.8856847882270813 1350
1744753669705 1.1309927701950073 1360
1744753686459 1.1028941869735718 1370
1744753720948 0.9293327331542969 1380
1744753737668 1.0050854682922363 1390
1744753754328 0.9643417596817017 1400
1744753770934 1.4713504314422607 1410
1744753786715 0.7096254229545593 1420
1744753821428 0.8460759520530701 1430
1744753838194 1.0586726665496826 1440
1744753854887 0.9243453145027161 1450
1744753871485 1.0558383464813232 1460
1744753886161 1.8159031867980957 1470
