1744750931040 1.8367346938775508e-05 10
1744750948020 3.8775510204081634e-05 20
1744750965113 5.9183673469387746e-05 30
1744750982469 7.959183673469388e-05 40
1744751018197 9.999999999999999e-05 50
1744751035200 0.00012040816326530612 60
1744751052145 0.00014081632653061224 70
1744751068783 0.00016122448979591836 80
1744751085626 0.00018163265306122447 90
1744751119331 0.00020204081632653058 100
1744751135916 0.00022244897959183672 110
1744751152695 0.00024285714285714283 120
1744751169463 0.00026326530612244894 130
1744751186134 0.0002836734693877551 140
1744751220251 0.0002999983083890199 150
1744751236783 0.0002999391060107877 160
1744751253518 0.0002997953612336532 170
1744751270385 0.0002995671551073745 180
1744751286988 0.0002992546163048102 190
1744751320897 0.00029885792104936723 200
1744751337550 0.0002983772930156389 210
1744751354118 0.00029781300320328634 220
1744751370711 0.00029716536978423747 230
1744751387527 0.000296434757923287 240
1744751421367 0.00029562157957219995 250
1744751438166 0.0002947262932374352 260
1744751454691 0.0002937494037216188 270
1744751471406 0.0002926914618389133 280
1744751488169 0.00029155306410444436 290
1744751522672 0.0002903348523979587 300
1744751539593 0.0002890375136019032 310
1744751556333 0.0002876617792141302 320
1744751573380 0.0002862084249354457 330
1744751590461 0.0002846782702322347 340
1744751624694 0.0002830721778744093 350
1744751641496 0.00028139105344894 360
1744751658475 0.0002796358448492455 370
1744751675632 0.00027780754174072756 380
1744751692592 0.0002759071750027533 390
1744751726715 0.00027393581614739923 400
1744751743620 0.0002718945767152844 410
1744751760551 0.00026978460764883426 420
1744751777368 0.00026760709864332723 430
1744751793328 0.00026536327747609154 440
1744751828713 0.0002630544093142288 450
1744751845602 0.0002606817960012563 460
1744751862437 0.0002582467753230693 470
1744751879146 0.0002557507202536368 480
1744751893872 0.0002531950381808578 490
1744751930555 0.00025058117011301216 500
1744751947704 0.00024791058986625616 510
1744751964637 0.0002451848032336181 520
1744751981633 0.00024240534713596505 530
1744752015929 0.00023957378875541792 540
1744752032840 0.00023669172465170328 550
1744752049630 0.00023376077986194202 560
1744752066387 0.00023078260698437987 570
1744752083383 0.00022775888524657878 580
1744752117505 0.00022469131955859265 590
1744752134352 0.0002215816395516629 600
1744752151135 0.00021843159860297442 610
1744752167887 0.00021524297284702295 620
1744752184916 0.00021201756017415055 630
1744752219198 0.0002087571792168147 640
1744752235924 0.00020546366832416114 650
1744752252659 0.00020213888452548065 660
1744752269464 0.00019878470248313208 670
1744752286314 0.00019540301343552388 680
1744752320430 0.00019199572413074891 690
1744752337267 0.00018856475575147418 700
1744752353958 0.000185112042831692 710
1744752370865 0.00018163953216594254 720
1744752387806 0.00017814918171162413 730
1744752422027 0.00017464295948500856 740
1744752439032 0.0001711228424515855 750
1744752455662 0.00016759081541136027 760
1744752472422 0.00016404886987973484 770
1744752489215 0.00016049900296460183 780
1744752523545 0.00015694321624028535 790
1744752540321 0.00015338351461896397 800
1744752556849 0.00014982190522021065 810
1744752573937 0.00014626039623928907 820
1744752590990 0.00014270099581484275 830
1744752625235 0.0001391457108966164 840
1744752642023 0.00013559654611384773 850
1744752658786 0.0001320555026449671 860
1744752675886 0.00012852457708924377 870
1744752692653 0.00012500576034101313 880
1744752727128 0.00012150103646712153 890
1744752743937 0.00011801238158821992 900
1744752760722 0.00011454176276453865 910
1744752777467 0.00011109113688677057 920
1744752793403 0.00010766244957268787 930
1744752828236 0.00010425763407011593 940
1744752844862 0.00010087861016688095 950
1744752861524 9.752728310834782e-05 960
1744752878239 9.420554252315683e-05 970
1744752893091 9.091526135776664e-05 980
1744752929258 8.765829482040268e-05 990
1744752946126 8.443647933500755e-05 1000
1744752962820 8.125163150578274e-05 1010
1744752979614 7.810554709290585e-05 1020
1744753013635 7.500000000000002e-05 1030
1744753030580 7.193674127392771e-05 1040
1744753047598 6.891749811747173e-05 1050
1744753064615 6.594397291546092e-05 1060
1744753081545 6.301784227488909e-05 1070
1744753115658 6.0140756079568586e-05 1080
1744753132394 5.7314336559851955e-05 1090
1744753149205 5.4540177377945465e-05 1100
1744753165793 5.181984272933105e-05 1110
1744753182361 4.9154866460802464e-05 1120
1744753216344 4.6546751205613635e-05 1130
1744753232880 4.399696753622661e-05 1140
1744753249612 4.1506953135136794e-05 1150
1744753266355 3.907811198424312e-05 1160
1744753282866 3.67118135732198e-05 1170
1744753317111 3.44093921273367e-05 1180
1744753333634 3.217214585516336e-05 1190
1744753350155 3.0001336216580425e-05 1200
1744753366872 2.789818721151227e-05 1210
1744753383498 2.58638846897806e-05 1220
1744753417640 2.38995756824693e-05 1230
1744753434256 2.2006367755176655e-05 1240
1744753451038 2.0185328383520318e-05 1250
1744753467801 1.8437484351246556e-05 1260
1744753484555 1.676382117128341e-05 1270
1744753518496 1.516528253006432e-05 1280
1744753535224 1.3642769755435368e-05 1290
1744753551958 1.2197141308446246e-05 1300
1744753568849 1.0829212299311197e-05 1310
1744753585382 9.539754027813412e-06 1320
1744753619477 8.32949354841163e-06 1330
1744753636336 7.199113260294026e-06 1340
1744753653182 6.149250522611121e-06 1350
1744753669705 5.180497295103892e-06 1360
1744753686459 4.2933998043304385e-06 1370
1744753720948 3.4884582356788206e-06 1380
1744753737668 2.7661264513401837e-06 1390
1744753754328 2.1268117344008517e-06 1400
1744753770934 1.5708745591977545e-06 1410
1744753786715 1.0986283880668968e-06 1420
1744753821428 7.10339494599238e-07 1430
1744753838194 4.062268135036406e-07 1440
1744753854887 1.8646181716164831e-07 1450
1744753871485 5.116841894369228e-08 1460
1744753886161 4.2290334117955903e-10 1470
