1744750931040 3.7186 10
1744750948020 3.6394 20
1744750965113 3.4654 30
1744750982469 3.278 40
1744751018197 3.1026 50
1744751035200 2.8954 60
1744751052145 2.6888 70
1744751068783 2.5125 80
1744751085626 2.3422 90
1744751119331 2.2212 100
1744751135916 2.0785 110
1744751152695 1.996 120
1744751169463 1.9102 130
1744751186134 1.8757 140
1744751220251 1.8149 150
1744751236783 1.7661 160
1744751253518 1.7728 170
1744751270385 1.7428 180
1744751286988 1.7153 190
1744751320897 1.7323 200
1744751337550 1.6381 210
1744751354118 1.6772 220
1744751370711 1.6306 230
1744751387527 1.6629 240
1744751421367 1.6047 250
1744751438166 1.5443 260
1744751454691 1.5424 270
1744751471406 1.5194 280
1744751488169 1.5921 290
1744751522672 1.5613 300
1744751539593 1.4903 310
1744751556333 1.4868 320
1744751573380 1.5044 330
1744751590461 1.52 340
1744751624694 1.4608 350
1744751641496 1.4469 360
1744751658475 1.4686 370
1744751675632 1.4652 380
1744751692592 1.4283 390
1744751726715 1.3717 400
1744751743620 1.3813 410
1744751760551 1.4302 420
1744751777368 1.3914 430
1744751793328 1.3599 440
1744751828713 1.3272 450
1744751845602 1.3637 460
1744751862437 1.3349 470
1744751879146 1.373 480
1744751893872 1.3589 490
1744751930555 1.2743 500
1744751947704 1.3114 510
1744751964637 1.3171 520
1744751981633 1.2715 530
1744752015929 1.3081 540
1744752032840 1.2424 550
1744752049630 1.2317 560
1744752066387 1.2843 570
1744752083383 1.257 580
1744752117505 1.2452 590
1744752134352 1.2175 600
1744752151135 1.1712 610
1744752167887 1.2007 620
1744752184916 1.2201 630
1744752219198 1.2268 640
1744752235924 1.1433 650
1744752252659 1.1729 660
1744752269464 1.1734 670
1744752286314 1.2023 680
1744752320430 1.1778 690
1744752337267 1.1129 700
1744752353958 1.1529 710
1744752370865 1.1604 720
1744752387806 1.1623 730
1744752422027 1.1038 740
1744752439032 1.1439 750
1744752455662 1.0948 760
1744752472422 1.1183 770
1744752489215 1.1016 780
1744752523545 1.1314 790
1744752540321 1.0756 800
1744752556849 1.0885 810
1744752573937 1.0723 820
1744752590990 1.0915 830
1744752625235 1.0858 840
1744752642023 1.0494 850
1744752658786 1.0566 860
1744752675886 1.0649 870
1744752692653 1.0596 880
1744752727128 1.009 890
1744752743937 1.0487 900
1744752760722 1.0227 910
1744752777467 1.032 920
1744752793403 1.025 930
1744752828236 1.0242 940
1744752844862 0.998 950
1744752861524 0.9883 960
1744752878239 1.0144 970
1744752893091 1.0197 980
1744752929258 0.9949 990
1744752946126 0.9723 1000
1744752962820 0.9849 1010
1744752979614 0.9901 1020
1744753013635 0.9808 1030
1744753030580 0.9527 1040
1744753047598 0.9462 1050
1744753064615 0.9627 1060
1744753081545 0.9479 1070
1744753115658 0.9729 1080
1744753132394 0.965 1090
1744753149205 0.9625 1100
1744753165793 0.9387 1110
1744753182361 0.9322 1120
1744753216344 0.969 1130
1744753232880 0.929 1140
1744753249612 0.9412 1150
1744753266355 0.9182 1160
1744753282866 0.9571 1170
1744753317111 0.9018 1180
1744753333634 0.9151 1190
1744753350155 0.9108 1200
1744753366872 0.9351 1210
1744753383498 0.9018 1220
1744753417640 0.9382 1230
1744753434256 0.9247 1240
1744753451038 0.9091 1250
1744753467801 0.898 1260
1744753484555 0.9162 1270
1744753518496 0.899 1280
1744753535224 0.897 1290
1744753551958 0.9029 1300
1744753568849 0.9072 1310
1744753585382 0.9199 1320
1744753619477 0.9396 1330
1744753636336 0.908 1340
1744753653182 0.9018 1350
1744753669705 0.9105 1360
1744753686459 0.9208 1370
1744753720948 0.9117 1380
1744753737668 0.9007 1390
1744753754328 0.9212 1400
1744753770934 0.8964 1410
1744753786715 0.9074 1420
1744753821428 0.8816 1430
1744753838194 0.9001 1440
1744753854887 0.9014 1450
1744753871485 0.8969 1460
1744753886161 0.9021 1470
