1746026047085 0.0006957005704744677 10
1746026090843 0.0013914011409489355 20
1746026134408 0.0020871017114234033 30
1746026178051 0.002782802281897871 40
1746026221688 0.003478502852372339 50
1746026265741 0.004174203422846807 60
1746026309735 0.004869903993321274 70
1746026353394 0.005565604563795742 80
1746026397276 0.00626130513427021 90
1746026441086 0.006957005704744678 100
1746026485819 0.007652706275219146 110
1746026530201 0.008348406845693613 120
1746026573812 0.009044107416168082 130
1746026617454 0.009739807986642549 140
1746026660346 0.010435508557117017 150
1746026703559 0.011131209127591484 160
1746026747460 0.011826909698065952 170
1746026790213 0.01252261026854042 180
1746026834069 0.013218310839014888 190
1746026878978 0.013914011409489356 200
1746026923032 0.014609711979963823 210
1746026967545 0.015305412550438291 220
1746027011898 0.01600111312091276 230
1746027054923 0.016696813691387227 240
1746027100233 0.017392514261861693 250
1746027143211 0.018088214832336164 260
1746027187572 0.01878391540281063 270
1746027231054 0.019479615973285097 280
1746027275617 0.020175316543759567 290
1746027320960 0.020871017114234034 300
1746027363682 0.0215667176847085 310
1746027407104 0.022262418255182968 320
1746027449744 0.022958118825657438 330
1746027492205 0.023653819396131905 340
1746027535018 0.02434951996660637 350
1746027580083 0.02504522053708084 360
1746027622652 0.02574092110755531 370
1746027667282 0.026436621678029775 380
1746027710893 0.027132322248504245 390
1746027755612 0.027828022818978712 400
1746027798689 0.02852372338945318 410
1746027842755 0.029219423959927646 420
1746027886510 0.029915124530402116 430
1746027930006 0.030610825100876583 440
1746027973671 0.03130652567135105 450
1746028017183 0.03200222624182552 460
1746028062693 0.032697926812299986 470
1746028106723 0.03339362738277445 480
1746028150767 0.03408932795324892 490
1746028194962 0.03478502852372339 500
1746028237709 0.03548072909419786 510
1746028282010 0.03617642966467233 520
1746028325423 0.036872130235146794 530
1746028369406 0.03756783080562126 540
1746028413036 0.03826353137609573 550
1746028456903 0.038959231946570194 560
1746028500168 0.03965493251704466 570
1746028544454 0.040350633087519135 580
1746028588106 0.0410463336579936 590
1746028631094 0.04174203422846807 600
1746028675741 0.042437734798942535 610
1746028718995 0.043133435369417 620
1746028762720 0.04382913593989147 630
1746028805881 0.044524836510365935 640
1746028848687 0.04522053708084041 650
1746028893637 0.045916237651314876 660
1746028936970 0.04661193822178934 670
1746028982088 0.04730763879226381 680
1746029025264 0.048003339362738276 690
1746029068960 0.04869903993321274 700
1746029112851 0.049394740503687216 710
1746029156005 0.05009044107416168 720
1746029198818 0.05078614164463615 730
1746029242971 0.05148184221511062 740
1746029287026 0.05217754278558508 750
1746029329387 0.05287324335605955 760
1746029372924 0.05356894392653402 770
1746029415384 0.05426464449700849 780
1746029460159 0.05496034506748296 790
1746029504329 0.055656045637957424 800
1746029548025 0.05635174620843189 810
1746029592126 0.05704744677890636 820
1746029636847 0.057743147349380824 830
1746029679999 0.05843884791985529 840
1746029723339 0.059134548490329765 850
1746029766868 0.05983024906080423 860
1746029811211 0.0605259496312787 870
1746029854530 0.061221650201753165 880
1746029897501 0.06191735077222763 890
1746029941229 0.0626130513427021 900
1746029985250 0.06330875191317657 910
1746030027908 0.06400445248365104 920
1746030070977 0.0647001530541255 930
1746030114513 0.06539585362459997 940
1746030158861 0.06609155419507444 950
1746030201332 0.0667872547655489 960
1746030244788 0.06748295533602337 970
1746030287862 0.06817865590649784 980
1746030332486 0.0688743564769723 990
1746030375685 0.06957005704744677 1000
1746030418789 0.07026575761792124 1010
1746030463614 0.07096145818839572 1020
1746030507094 0.07165715875887019 1030
1746030551010 0.07235285932934465 1040
1746030595429 0.07304855989981912 1050
1746030638918 0.07374426047029359 1060
1746030682865 0.07443996104076805 1070
1746030726864 0.07513566161124252 1080
1746030770940 0.07583136218171699 1090
1746030814422 0.07652706275219145 1100
1746030858560 0.07722276332266592 1110
1746030902534 0.07791846389314039 1120
1746030946391 0.07861416446361486 1130
1746030989684 0.07930986503408932 1140
1746031033223 0.0800055656045638 1150
1746031077330 0.08070126617503827 1160
1746031119948 0.08139696674551274 1170
1746031164229 0.0820926673159872 1180
1746031208187 0.08278836788646167 1190
1746031252043 0.08348406845693614 1200
1746031296143 0.0841797690274106 1210
1746031338969 0.08487546959788507 1220
1746031382485 0.08557117016835954 1230
1746031426162 0.086266870738834 1240
1746031469426 0.08696257130930847 1250
1746031511561 0.08765827187978294 1260
1746031555102 0.0883539724502574 1270
1746031598346 0.08904967302073187 1280
1746031642306 0.08974537359120635 1290
1746031686616 0.09044107416168082 1300
1746031730577 0.09113677473215528 1310
1746031774651 0.09183247530262975 1320
1746031818350 0.09252817587310422 1330
1746031862535 0.09322387644357868 1340
1746031906268 0.09391957701405315 1350
1746031950031 0.09461527758452762 1360
1746031993431 0.09531097815500209 1370
1746032036779 0.09600667872547655 1380
1746032080975 0.09670237929595102 1390
1746032124003 0.09739807986642549 1400
1746032168037 0.09809378043689995 1410
1746032211979 0.09878948100737443 1420
1746032254834 0.0994851815778489 1430
1746032298098 0.10018088214832337 1440
1746032342031 0.10087658271879783 1450
1746032385809 0.1015722832892723 1460
1746032430063 0.10226798385974677 1470
1746032473233 0.10296368443022123 1480
1746032517607 0.1036593850006957 1490
1746032561123 0.10435508557117017 1500
1746032606663 0.10505078614164463 1510
1746032650110 0.1057464867121191 1520
1746032695015 0.10644218728259357 1530
1746032740343 0.10713788785306803 1540
1746032783282 0.1078335884235425 1550
1746032827680 0.10852928899401698 1560
1746032871283 0.10922498956449145 1570
1746032915325 0.10992069013496591 1580
1746032960990 0.11061639070544038 1590
1746033004927 0.11131209127591485 1600
1746033048496 0.11200779184638932 1610
1746033092210 0.11270349241686378 1620
1746033135141 0.11339919298733825 1630
1746033178729 0.11409489355781272 1640
1746033222385 0.11479059412828718 1650
1746033266003 0.11548629469876165 1660
1746033310090 0.11618199526923612 1670
1746033354127 0.11687769583971058 1680
1746033398892 0.11757339641018506 1690
1746033443688 0.11826909698065953 1700
1746033488227 0.118964797551134 1710
1746033531836 0.11966049812160846 1720
1746033577783 0.12035619869208293 1730
1746033621409 0.1210518992625574 1740
1746033666116 0.12174759983303186 1750
1746033709067 0.12244330040350633 1760
1746033752144 0.1231390009739808 1770
1746033795689 0.12383470154445526 1780
1746033838749 0.12453040211492973 1790
1746033882892 0.1252261026854042 1800
1746033927156 0.12592180325587868 1810
1746033971225 0.12661750382635314 1820
1746034014109 0.1273132043968276 1830
1746034057502 0.12800890496730208 1840
1746034102158 0.12870460553777655 1850
1746034146454 0.129400306108251 1860
1746034189318 0.13009600667872548 1870
1746034233721 0.13079170724919995 1880
1746034278409 0.1314874078196744 1890
1746034322252 0.13218310839014888 1900
1746034366269 0.13287880896062335 1910
1746034410356 0.1335745095310978 1920
1746034454796 0.13427021010157228 1930
1746034499452 0.13496591067204675 1940
1746034543115 0.1356616112425212 1950
1746034586812 0.13635731181299568 1960
1746034632021 0.13705301238347015 1970
1746034676247 0.1377487129539446 1980
1746034719668 0.13844441352441908 1990
1746034764273 0.13914011409489355 2000
1746034808014 0.139835814665368 2010
1746034853451 0.14053151523584248 2020
1746034896662 0.14122721580631697 2030
1746034940392 0.14192291637679144 2040
1746034983659 0.1426186169472659 2050
1746035027462 0.14331431751774037 2060
1746035071304 0.14401001808821484 2070
1746035115922 0.1447057186586893 2080
1746035158628 0.14540141922916378 2090
1746035203535 0.14609711979963824 2100
1746035246974 0.1467928203701127 2110
1746035291433 0.14748852094058718 2120
1746035336940 0.14818422151106164 2130
1746035381686 0.1488799220815361 2140
