1746026047085 5.95739221572876 10
1746026090843 4.395779132843018 20
1746026134408 4.918386459350586 30
1746026178051 5.233050346374512 40
1746026221688 4.987943649291992 50
1746026265741 5.264763355255127 60
1746026309735 6.591331958770752 70
1746026353394 6.072057247161865 80
1746026397276 5.528113842010498 90
1746026441086 7.155175685882568 100
1746026485819 6.2732157707214355 110
1746026530201 4.341970920562744 120
1746026573812 4.258980751037598 130
1746026617454 5.315639972686768 140
1746026660346 4.888208866119385 150
1746026703559 4.807634353637695 160
1746026747460 5.512588024139404 170
1746026790213 8.053532600402832 180
1746026834069 5.039502143859863 190
1746026878978 4.339427947998047 200
1746026923032 5.396961688995361 210
1746026967545 6.69334077835083 220
1746027011898 7.895800590515137 230
1746027054923 7.106113433837891 240
1746027100233 4.753963470458984 250
1746027143211 5.753996849060059 260
1746027187572 5.017166614532471 270
1746027231054 7.113554000854492 280
1746027275617 8.517996788024902 290
1746027320960 4.710519790649414 300
1746027363682 7.202542304992676 310
1746027407104 4.945639133453369 320
1746027449744 4.228527069091797 330
1746027492205 5.015565872192383 340
1746027535018 7.475988388061523 350
1746027580083 6.4094157218933105 360
1746027622652 6.563833236694336 370
1746027667282 5.5323286056518555 380
1746027710893 9.069973945617676 390
1746027755612 6.18150520324707 400
1746027798689 5.647078990936279 410
1746027842755 5.138464450836182 420
1746027886510 4.751278877258301 430
1746027930006 5.3494391441345215 440
1746027973671 9.586358070373535 450
1746028017183 4.307494163513184 460
1746028062693 6.766545295715332 470
1746028106723 5.1701459884643555 480
1746028150767 8.62764835357666 490
1746028194962 4.857023239135742 500
1746028237709 5.3892412185668945 510
1746028282010 10.15225887298584 520
1746028325423 5.765315055847168 530
1746028369406 6.375242710113525 540
1746028413036 6.684057235717773 550
1746028456903 7.250827312469482 560
1746028500168 5.680394172668457 570
1746028544454 5.679853916168213 580
1746028588106 4.121793270111084 590
1746028631094 5.948734760284424 600
1746028675741 6.408757209777832 610
1746028718995 6.2110772132873535 620
1746028762720 9.280611038208008 630
1746028805881 7.498969078063965 640
1746028848687 4.776717662811279 650
1746028893637 5.84127950668335 660
1746028936970 6.105908393859863 670
1746028982088 5.927644729614258 680
1746029025264 7.8292388916015625 690
1746029068960 7.912800312042236 700
1746029112851 5.525362014770508 710
1746029156005 4.806036472320557 720
1746029198818 4.333872318267822 730
1746029242971 7.440184116363525 740
1746029287026 8.915731430053711 750
1746029329387 11.763581275939941 760
1746029372924 8.860858917236328 770
1746029415384 5.60051155090332 780
1746029460159 6.101572036743164 790
1746029504329 4.9791340827941895 800
1746029548025 7.458327293395996 810
1746029592126 6.996334552764893 820
1746029636847 5.226259708404541 830
1746029679999 8.175776481628418 840
1746029723339 8.664021492004395 850
1746029766868 15.72929859161377 860
1746029811211 6.274473190307617 870
1746029854530 7.309332847595215 880
1746029897501 8.85234260559082 890
1746029941229 7.663185119628906 900
1746029985250 8.364494323730469 910
1746030027908 6.959575653076172 920
1746030070977 7.418605804443359 930
1746030114513 14.403531074523926 940
1746030158861 10.414533615112305 950
1746030201332 7.02712345123291 960
1746030244788 10.086892127990723 970
1746030287862 7.500459671020508 980
1746030332486 10.465420722961426 990
1746030375685 12.408077239990234 1000
1746030418789 7.761577606201172 1010
1746030463614 10.461435317993164 1020
1746030507094 10.052868843078613 1030
1746030551010 6.94830322265625 1040
1746030595429 5.363436222076416 1050
1746030638918 5.488717555999756 1060
1746030682865 6.233431339263916 1070
1746030726864 7.358189105987549 1080
1746030770940 10.425468444824219 1090
1746030814422 9.90120792388916 1100
1746030858560 13.226192474365234 1110
1746030902534 7.011437892913818 1120
1746030946391 5.189502716064453 1130
1746030989684 15.551982879638672 1140
1746031033223 7.701974868774414 1150
1746031077330 14.526982307434082 1160
1746031119948 10.721014976501465 1170
1746031164229 11.337189674377441 1180
1746031208187 6.7084808349609375 1190
1746031252043 5.337242603302002 1200
1746031296143 7.314435005187988 1210
1746031338969 10.072064399719238 1220
1746031382485 10.781147003173828 1230
1746031426162 9.585415840148926 1240
1746031469426 10.436026573181152 1250
1746031511561 7.609137535095215 1260
1746031555102 11.755213737487793 1270
1746031598346 11.740474700927734 1280
1746031642306 5.394443988800049 1290
1746031686616 10.071831703186035 1300
1746031730577 12.394014358520508 1310
1746031774651 8.429970741271973 1320
1746031818350 7.784690856933594 1330
1746031862535 6.593952655792236 1340
1746031906268 10.805946350097656 1350
1746031950031 9.875480651855469 1360
1746031993431 7.198777198791504 1370
1746032036779 16.308788299560547 1380
1746032080975 6.8544206619262695 1390
1746032124003 7.785079479217529 1400
1746032168037 10.321358680725098 1410
1746032211979 14.4412202835083 1420
1746032254834 6.19052267074585 1430
1746032298098 10.60240650177002 1440
1746032342031 10.60362434387207 1450
1746032385809 10.058527946472168 1460
1746032430063 8.191722869873047 1470
1746032473233 11.398798942565918 1480
1746032517607 13.884965896606445 1490
1746032561123 6.531351089477539 1500
1746032606663 8.729878425598145 1510
1746032650110 6.2808122634887695 1520
1746032695015 9.898144721984863 1530
1746032740343 11.665918350219727 1540
1746032783282 9.920854568481445 1550
1746032827680 9.569076538085938 1560
1746032871283 5.773252964019775 1570
1746032915325 6.653001308441162 1580
1746032960990 6.475699424743652 1590
1746033004927 9.590031623840332 1600
1746033048496 9.368279457092285 1610
1746033092210 19.34096908569336 1620
1746033135141 15.18177318572998 1630
1746033178729 7.953584671020508 1640
1746033222385 9.66260814666748 1650
1746033266003 14.795559883117676 1660
1746033310090 9.850188255310059 1670
1746033354127 8.929322242736816 1680
1746033398892 9.611910820007324 1690
1746033443688 9.538146018981934 1700
1746033488227 11.029694557189941 1710
1746033531836 10.53291130065918 1720
1746033577783 7.415737628936768 1730
1746033621409 9.761764526367188 1740
1746033666116 7.754509449005127 1750
1746033709067 10.85838508605957 1760
1746033752144 8.768272399902344 1770
1746033795689 10.498480796813965 1780
1746033838749 7.603598594665527 1790
1746033882892 7.941836833953857 1800
1746033927156 7.258047580718994 1810
1746033971225 7.678900241851807 1820
1746034014109 10.574965476989746 1830
1746034057502 8.172800064086914 1840
1746034102158 16.978801727294922 1850
1746034146454 7.214709758758545 1860
1746034189318 7.468186378479004 1870
1746034233721 7.417375564575195 1880
1746034278409 5.542340278625488 1890
1746034322252 13.340007781982422 1900
1746034366269 9.846671104431152 1910
1746034410356 5.860687255859375 1920
1746034454796 7.268002986907959 1930
1746034499452 17.85142707824707 1940
1746034543115 11.678298950195312 1950
1746034586812 6.487096309661865 1960
1746034632021 7.370772838592529 1970
1746034676247 8.275298118591309 1980
1746034719668 12.459616661071777 1990
1746034764273 18.107980728149414 2000
1746034808014 10.900822639465332 2010
1746034853451 13.921184539794922 2020
1746034896662 10.786298751831055 2030
1746034940392 13.112419128417969 2040
1746034983659 7.629209995269775 2050
1746035027462 7.285755634307861 2060
1746035071304 10.962716102600098 2070
1746035115922 6.055549144744873 2080
1746035158628 9.897271156311035 2090
1746035203535 12.04571533203125 2100
1746035246974 15.167601585388184 2110
1746035291433 8.05562973022461 2120
1746035336940 8.609369277954102 2130
1746035381686 13.669557571411133 2140
