1746026047085 1.252261026854042e-08 10
1746026090843 2.6436621678029776e-08 20
1746026134408 4.035063308751914e-08 30
1746026178051 5.4264644497008495e-08 40
1746026221688 6.817865590649785e-08 50
1746026265741 8.20926673159872e-08 60
1746026309735 9.600667872547656e-08 70
1746026353394 1.0992069013496592e-07 80
1746026397276 1.2383470154445528e-07 90
1746026441086 1.377487129539446e-07 100
1746026485819 1.5166272436343397e-07 110
1746026530201 1.6557673577292335e-07 120
1746026573812 1.794907471824127e-07 130
1746026617454 1.9340475859190207e-07 140
1746026660346 2.073187700013914e-07 150
1746026703559 2.2123278141088079e-07 160
1746026747460 2.3514679282037014e-07 170
1746026790213 2.490608042298595e-07 180
1746026834069 2.6297481563934886e-07 190
1746026878978 2.768888270488382e-07 200
1746026923032 2.908028384583276e-07 210
1746026967545 3.047168498678169e-07 220
1746027011898 3.1863086127730624e-07 230
1746027054923 3.325448726867956e-07 240
1746027100233 3.4645888409628496e-07 250
1746027143211 3.6037289550577434e-07 260
1746027187572 3.7428690691526367e-07 270
1746027231054 3.88200918324753e-07 280
1746027275617 4.0211492973424244e-07 290
1746027320960 4.160289411437318e-07 300
1746027363682 4.299429525532211e-07 310
1746027407104 4.438569639627105e-07 320
1746027449744 4.577709753721998e-07 330
1746027492205 4.716849867816892e-07 340
1746027535018 4.855989981911785e-07 350
1746027580083 4.995130096006679e-07 360
1746027622652 5.134270210101572e-07 370
1746027667282 5.273410324196466e-07 380
1746027710893 5.41255043829136e-07 390
1746027755612 5.551690552386254e-07 400
1746027798689 5.690830666481146e-07 410
1746027842755 5.82997078057604e-07 420
1746027886510 5.969110894670934e-07 430
1746027930006 6.108251008765827e-07 440
1746027973671 6.247391122860721e-07 450
1746028017183 6.386531236955615e-07 460
1746028062693 6.525671351050507e-07 470
1746028106723 6.664811465145401e-07 480
1746028150767 6.803951579240296e-07 490
1746028194962 6.943091693335189e-07 500
1746028237709 7.082231807430083e-07 510
1746028282010 7.221371921524977e-07 520
1746028325423 7.36051203561987e-07 530
1746028369406 7.499652149714763e-07 540
1746028413036 7.638792263809657e-07 550
1746028456903 7.777932377904551e-07 560
1746028500168 7.917072491999444e-07 570
1746028544454 8.056212606094336e-07 580
1746028588106 8.195352720189231e-07 590
1746028631094 8.334492834284124e-07 600
1746028675741 8.473632948379018e-07 610
1746028718995 8.612773062473911e-07 620
1746028762720 8.751913176568806e-07 630
1746028805881 8.8910532906637e-07 640
1746028848687 9.030193404758592e-07 650
1746028893637 9.169333518853486e-07 660
1746028936970 9.308473632948379e-07 670
1746028982088 9.447613747043274e-07 680
1746029025264 9.586753861138166e-07 690
1746029068960 9.72589397523306e-07 700
1746029112851 9.865034089327953e-07 710
1746029156005 1.0004174203422848e-06 720
1746029198818 1.014331431751774e-06 730
1746029242971 1.0282454431612636e-06 740
1746029287026 1.0421594545707529e-06 750
1746029329387 1.0560734659802421e-06 760
1746029372924 1.0699874773897314e-06 770
1746029415384 1.083901488799221e-06 780
1746029460159 1.0978155002087102e-06 790
1746029504329 1.1117295116181997e-06 800
1746029548025 1.125643523027689e-06 810
1746029592126 1.1395575344371782e-06 820
1746029636847 1.1534715458466675e-06 830
1746029679999 1.167385557256157e-06 840
1746029723339 1.1812995686656463e-06 850
1746029766868 1.1952135800751358e-06 860
1746029811211 1.209127591484625e-06 870
1746029854530 1.2230416028941143e-06 880
1746029897501 1.2369556143036036e-06 890
1746029941229 1.250869625713093e-06 900
1746029985250 1.2647836371225826e-06 910
1746030027908 1.2786976485320719e-06 920
1746030070977 1.2926116599415614e-06 930
1746030114513 1.3065256713510506e-06 940
1746030158861 1.32043968276054e-06 950
1746030201332 1.3343536941700292e-06 960
1746030244788 1.3482677055795187e-06 970
1746030287862 1.362181716989008e-06 980
1746030332486 1.3760957283984975e-06 990
1746030375685 1.3900097398079867e-06 1000
1746030418789 1.403923751217476e-06 1010
1746030463614 1.4178377626269653e-06 1020
1746030507094 1.4317517740364548e-06 1030
1746030551010 1.445665785445944e-06 1040
1746030595429 1.4595797968554336e-06 1050
1746030638918 1.4734938082649228e-06 1060
1746030682865 1.4874078196744123e-06 1070
1746030726864 1.5013218310839016e-06 1080
1746030770940 1.5152358424933909e-06 1090
1746030814422 1.5291498539028802e-06 1100
1746030858560 1.5430638653123696e-06 1110
1746030902534 1.556977876721859e-06 1120
1746030946391 1.5708918881313484e-06 1130
1746030989684 1.5848058995408377e-06 1140
1746031033223 1.598719910950327e-06 1150
1746031077330 1.6126339223598165e-06 1160
1746031119948 1.6265479337693057e-06 1170
1746031164229 1.640461945178795e-06 1180
1746031208187 1.6543759565882847e-06 1190
1746031252043 1.668289967997774e-06 1200
1746031296143 1.6822039794072633e-06 1210
1746031338969 1.6961179908167524e-06 1220
1746031382485 1.710032002226242e-06 1230
1746031426162 1.7239460136357313e-06 1240
1746031469426 1.7378600250452206e-06 1250
1746031511561 1.7517740364547099e-06 1260
1746031555102 1.7656880478641994e-06 1270
1746031598346 1.7796020592736887e-06 1280
1746031642306 1.793516070683178e-06 1290
1746031686616 1.8074300820926672e-06 1300
1746031730577 1.821344093502157e-06 1310
1746031774651 1.8352581049116462e-06 1320
1746031818350 1.8491721163211355e-06 1330
1746031862535 1.8630861277306248e-06 1340
1746031906268 1.8770001391401142e-06 1350
1746031950031 1.8909141505496035e-06 1360
1746031993431 1.9048281619590928e-06 1370
1746032036779 1.918742173368582e-06 1380
1746032080975 1.9326561847780718e-06 1390
1746032124003 1.946570196187561e-06 1400
1746032168037 1.9604842075970503e-06 1410
1746032211979 1.9743982190065396e-06 1420
1746032254834 1.9883122304160293e-06 1430
1746032298098 2.0022262418255186e-06 1440
1746032342031 2.0161402532350075e-06 1450
1746032385809 2.030054264644497e-06 1460
1746032430063 2.0439682760539864e-06 1470
1746032473233 2.0578822874634757e-06 1480
1746032517607 2.071796298872965e-06 1490
1746032561123 2.0857103102824547e-06 1500
1746032606663 2.099624321691944e-06 1510
1746032650110 2.1135383331014333e-06 1520
1746032695015 2.1274523445109225e-06 1530
1746032740343 2.1413663559204122e-06 1540
1746032783282 2.1552803673299015e-06 1550
1746032827680 2.169194378739391e-06 1560
1746032871283 2.18310839014888e-06 1570
1746032915325 2.1970224015583693e-06 1580
1746032960990 2.2109364129678586e-06 1590
1746033004927 2.224850424377348e-06 1600
1746033048496 2.238764435786837e-06 1610
1746033092210 2.252678447196327e-06 1620
1746033135141 2.266592458605816e-06 1630
1746033178729 2.2805064700153054e-06 1640
1746033222385 2.2944204814247947e-06 1650
1746033266003 2.3083344928342844e-06 1660
1746033310090 2.3222485042437737e-06 1670
1746033354127 2.336162515653263e-06 1680
1746033398892 2.3500765270627523e-06 1690
1746033443688 2.3639905384722415e-06 1700
1746033488227 2.377904549881731e-06 1710
1746033531836 2.39181856129122e-06 1720
1746033577783 2.40573257270071e-06 1730
1746033621409 2.419646584110199e-06 1740
1746033666116 2.4335605955196884e-06 1750
1746033709067 2.4474746069291776e-06 1760
1746033752144 2.4613886183386673e-06 1770
1746033795689 2.4753026297481566e-06 1780
1746033838749 2.489216641157646e-06 1790
1746033882892 2.503130652567135e-06 1800
1746033927156 2.517044663976625e-06 1810
1746033971225 2.530958675386114e-06 1820
1746034014109 2.5448726867956034e-06 1830
1746034057502 2.5587866982050927e-06 1840
1746034102158 2.572700709614582e-06 1850
1746034146454 2.5866147210240713e-06 1860
1746034189318 2.6005287324335606e-06 1870
1746034233721 2.61444274384305e-06 1880
1746034278409 2.6283567552525395e-06 1890
1746034322252 2.642270766662029e-06 1900
1746034366269 2.656184778071518e-06 1910
1746034410356 2.6700987894810074e-06 1920
1746034454796 2.684012800890497e-06 1930
1746034499452 2.6979268122999863e-06 1940
1746034543115 2.7118408237094756e-06 1950
1746034586812 2.725754835118965e-06 1960
1746034632021 2.739668846528454e-06 1970
1746034676247 2.7535828579379435e-06 1980
1746034719668 2.7674968693474327e-06 1990
1746034764273 2.7814108807569224e-06 2000
1746034808014 2.7953248921664117e-06 2010
1746034853451 2.809238903575901e-06 2020
1746034896662 2.8231529149853903e-06 2030
1746034940392 2.83706692639488e-06 2040
1746034983659 2.8509809378043693e-06 2050
1746035027462 2.8648949492138585e-06 2060
1746035071304 2.878808960623348e-06 2070
1746035115922 2.8927229720328375e-06 2080
1746035158628 2.906636983442327e-06 2090
1746035203535 2.920550994851816e-06 2100
1746035246974 2.9344650062613054e-06 2110
1746035291433 2.9483790176707946e-06 2120
1746035336940 2.962293029080284e-06 2130
1746035381686 2.976207040489773e-06 2140
