1746026047085 2.5571 10
1746026090843 2.5912 20
1746026134408 2.5804 30
1746026178051 2.6052 40
1746026221688 2.5772 50
1746026265741 2.6074 60
1746026309735 2.5764 70
1746026353394 2.5824 80
1746026397276 2.5609 90
1746026441086 2.5861 100
1746026485819 2.5765 110
1746026530201 2.5871 120
1746026573812 2.556 130
1746026617454 2.5718 140
1746026660346 2.5794 150
1746026703559 2.5737 160
1746026747460 2.5824 170
1746026790213 2.5688 180
1746026834069 2.5857 190
1746026878978 2.5838 200
1746026923032 2.5538 210
1746026967545 2.5777 220
1746027011898 2.5725 230
1746027054923 2.5765 240
1746027100233 2.5284 250
1746027143211 2.5549 260
1746027187572 2.5322 270
1746027231054 2.5413 280
1746027275617 2.5401 290
1746027320960 2.5408 300
1746027363682 2.5572 310
1746027407104 2.5269 320
1746027449744 2.5251 330
1746027492205 2.5695 340
1746027535018 2.5396 350
1746027580083 2.5335 360
1746027622652 2.5248 370
1746027667282 2.5379 380
1746027710893 2.5062 390
1746027755612 2.5215 400
1746027798689 2.5321 410
1746027842755 2.5234 420
1746027886510 2.5145 430
1746027930006 2.4763 440
1746027973671 2.5589 450
1746028017183 2.5278 460
1746028062693 2.4534 470
1746028106723 2.4988 480
1746028150767 2.5082 490
1746028194962 2.4942 500
1746028237709 2.4671 510
1746028282010 2.4851 520
1746028325423 2.4953 530
1746028369406 2.4537 540
1746028413036 2.4723 550
1746028456903 2.4515 560
1746028500168 2.4473 570
1746028544454 2.4766 580
1746028588106 2.4755 590
1746028631094 2.444 600
1746028675741 2.445 610
1746028718995 2.4477 620
1746028762720 2.4252 630
1746028805881 2.4599 640
1746028848687 2.4602 650
1746028893637 2.4337 660
1746028936970 2.4662 670
1746028982088 2.3874 680
1746029025264 2.4039 690
1746029068960 2.3683 700
1746029112851 2.4071 710
1746029156005 2.4259 720
1746029198818 2.3899 730
1746029242971 2.3647 740
1746029287026 2.3828 750
1746029329387 2.4338 760
1746029372924 2.3539 770
1746029415384 2.3368 780
1746029460159 2.3493 790
1746029504329 2.3888 800
1746029548025 2.3323 810
1746029592126 2.3814 820
1746029636847 2.4015 830
1746029679999 2.2709 840
1746029723339 2.4106 850
1746029766868 2.3526 860
1746029811211 2.3023 870
1746029854530 2.3469 880
1746029897501 2.3599 890
1746029941229 2.2879 900
1746029985250 2.3667 910
1746030027908 2.2599 920
1746030070977 2.3703 930
1746030114513 2.2868 940
1746030158861 2.2172 950
1746030201332 2.3365 960
1746030244788 2.295 970
1746030287862 2.2845 980
1746030332486 2.2756 990
1746030375685 2.3129 1000
1746030418789 2.2954 1010
1746030463614 2.2388 1020
1746030507094 2.3265 1030
1746030551010 2.2681 1040
1746030595429 2.2794 1050
1746030638918 2.1934 1060
1746030682865 2.2635 1070
1746030726864 2.2523 1080
1746030770940 2.2042 1090
1746030814422 2.2248 1100
1746030858560 2.2955 1110
1746030902534 2.2438 1120
1746030946391 2.2008 1130
1746030989684 2.2729 1140
1746031033223 2.1588 1150
1746031077330 2.204 1160
1746031119948 2.2358 1170
1746031164229 2.1898 1180
1746031208187 2.2624 1190
1746031252043 2.2689 1200
1746031296143 2.2838 1210
1746031338969 2.1726 1220
1746031382485 2.148 1230
1746031426162 2.2175 1240
1746031469426 2.1949 1250
1746031511561 2.1812 1260
1746031555102 2.1303 1270
1746031598346 2.0854 1280
1746031642306 2.1112 1290
1746031686616 2.0963 1300
1746031730577 2.207 1310
1746031774651 2.1568 1320
1746031818350 2.1891 1330
1746031862535 2.248 1340
1746031906268 2.2152 1350
1746031950031 2.0598 1360
1746031993431 2.0101 1370
1746032036779 2.3095 1380
1746032080975 2.2766 1390
1746032124003 2.182 1400
1746032168037 2.0983 1410
1746032211979 2.2675 1420
1746032254834 2.1991 1430
1746032298098 2.194 1440
1746032342031 2.1277 1450
1746032385809 2.2052 1460
1746032430063 2.1558 1470
1746032473233 2.225 1480
1746032517607 2.0907 1490
1746032561123 2.132 1500
1746032606663 2.1687 1510
1746032650110 2.236 1520
1746032695015 2.1494 1530
1746032740343 2.0083 1540
1746032783282 2.1241 1550
1746032827680 2.0671 1560
1746032871283 2.2542 1570
1746032915325 2.128 1580
1746032960990 2.0525 1590
1746033004927 1.903 1600
1746033048496 2.0645 1610
1746033092210 1.9584 1620
1746033135141 2.0835 1630
1746033178729 2.158 1640
1746033222385 2.0238 1650
1746033266003 2.0255 1660
1746033310090 2.0333 1670
1746033354127 2.0496 1680
1746033398892 2.068 1690
1746033443688 2.0995 1700
1746033488227 1.9662 1710
1746033531836 2.0829 1720
1746033577783 2.119 1730
1746033621409 2.1009 1740
1746033666116 2.0899 1750
1746033709067 2.0292 1760
1746033752144 2.244 1770
1746033795689 2.0045 1780
1746033838749 2.0311 1790
1746033882892 2.0452 1800
1746033927156 1.9976 1810
1746033971225 1.9793 1820
1746034014109 2.2066 1830
1746034057502 2.1156 1840
1746034102158 1.9955 1850
1746034146454 1.9344 1860
1746034189318 1.9827 1870
1746034233721 1.9198 1880
1746034278409 1.871 1890
1746034322252 2.0265 1900
1746034366269 1.9445 1910
1746034410356 2.14 1920
1746034454796 1.8398 1930
1746034499452 1.9953 1940
1746034543115 2.0566 1950
1746034586812 1.9924 1960
1746034632021 1.8985 1970
1746034676247 2.0672 1980
1746034719668 2.0277 1990
1746034764273 2.0674 2000
1746034808014 2.0104 2010
1746034853451 2.0019 2020
1746034896662 1.833 2030
1746034940392 2.0618 2040
1746034983659 1.9603 2050
1746035027462 1.8821 2060
1746035071304 2.025 2070
1746035115922 1.9117 2080
1746035158628 1.9827 2090
1746035203535 1.827 2100
1746035246974 1.9682 2110
1746035291433 1.8217 2120
1746035336940 1.9945 2130
1746035381686 1.9915 2140
