1744572444457 0.5263157894736842 10
1744572462589 1.0 19
1744572466170 1.0526315789473684 20
1744572479524 1.5789473684210527 30
1744572495284 2.0 38
1744572500687 2.1052631578947367 40
1744572514102 2.6315789473684212 50
1744572528144 3.0 57
1744572534322 3.1578947368421053 60
1744572547401 3.6842105263157894 70
1744572560077 4.0 76
1744572567656 4.2105263157894735 80
1744572580817 4.7368421052631575 90
1744572592415 5.0 95
1744572601330 5.2631578947368425 100
1744572614568 5.7894736842105265 110
1744572624832 6.0 114
1744572635101 6.315789473684211 120
1744572648406 6.842105263157895 130
1744572657497 7.0 133
1744572669179 7.368421052631579 140
1744572682326 7.894736842105263 150
1744572689744 8.0 152
1744572702620 8.421052631578947 160
1744572716020 8.947368421052632 170
1744572722666 9.0 171
1744572737280 9.473684210526315 180
1744572749137 10.0 190
1744572755375 10.0 190
1744572770808 10.526315789473685 200
1744572787567 11.0 209
1744572791334 11.052631578947368 210
1744572804625 11.578947368421053 220
1744572820236 12.0 228
1744572825384 12.105263157894736 230
1744572838332 12.631578947368421 240
1744572852304 13.0 247
1744572858619 13.157894736842104 250
1744572871860 13.68421052631579 260
1744572884804 14.0 266
1744572892380 14.210526315789474 270
1744572905690 14.736842105263158 280
1744572917133 15.0 285
1744572918780 15.0 285
1744572919263 15.0 0
1744572925532 15.0 285
