1744572444457 0.8383896350860596 10
1744572466170 0.8755623698234558 20
1744572479524 0.8100818991661072 30
1744572500687 0.7922950983047485 40
1744572514102 0.8903369903564453 50
1744572534322 0.8584480285644531 60
1744572547401 0.8613707423210144 70
1744572567656 0.8859981894493103 80
1744572580817 0.884187638759613 90
1744572601330 0.9465660452842712 100
1744572614568 0.9081479907035828 110
1744572635101 0.8521653413772583 120
1744572648406 0.9722725749015808 130
1744572669179 0.8943475484848022 140
1744572682326 0.9273660778999329 150
1744572702620 0.986412763595581 160
1744572716020 0.9739418029785156 170
1744572737280 1.0213066339492798 180
1744572749137 1.179638385772705 190
1744572770808 0.9475970268249512 200
1744572791334 0.967322051525116 210
1744572804625 1.0105059146881104 220
1744572825384 1.0498074293136597 230
1744572838332 0.9447958469390869 240
1744572858619 0.9840058088302612 250
1744572871860 1.0427793264389038 260
1744572892380 1.3730716705322266 270
1744572905690 0.9486023783683777 280
