1744572444457 9.68421052631579e-06 10
1744572466170 9.333333333333334e-06 20
1744572479524 8.982456140350878e-06 30
1744572500687 8.631578947368422e-06 40
1744572514102 8.280701754385965e-06 50
1744572534322 7.929824561403509e-06 60
1744572547401 7.578947368421054e-06 70
1744572567656 7.228070175438597e-06 80
1744572580817 6.877192982456141e-06 90
1744572601330 6.526315789473685e-06 100
1744572614568 6.175438596491229e-06 110
1744572635101 5.824561403508773e-06 120
1744572648406 5.4736842105263165e-06 130
1744572669179 5.12280701754386e-06 140
1744572682326 4.771929824561404e-06 150
1744572702620 4.4210526315789476e-06 160
1744572716020 4.070175438596491e-06 170
1744572737280 3.7192982456140354e-06 180
1744572749137 3.368421052631579e-06 190
1744572770808 3.017543859649123e-06 200
1744572791334 2.666666666666667e-06 210
1744572804625 2.3157894736842105e-06 220
1744572825384 1.9649122807017546e-06 230
1744572838332 1.6140350877192983e-06 240
1744572858619 1.2631578947368422e-06 250
1744572871860 9.122807017543861e-07 260
1744572892380 5.614035087719299e-07 270
1744572905690 2.105263157894737e-07 280
