1744572444457 2.6891 10
1744572466170 2.6545 20
1744572479524 2.6162 30
1744572500687 2.5744 40
1744572514102 2.5379 50
1744572534322 2.5 60
1744572547401 2.4571 70
1744572567656 2.4236 80
1744572580817 2.3924 90
1744572601330 2.3558 100
1744572614568 2.3234 110
1744572635101 2.2955 120
1744572648406 2.2766 130
1744572669179 2.2438 140
1744572682326 2.2258 150
1744572702620 2.1932 160
1744572716020 2.1717 170
1744572737280 2.1603 180
1744572749137 2.1343 190
1744572770808 2.1006 200
1744572791334 2.1294 210
1744572804625 2.1013 220
1744572825384 2.0823 230
1744572838332 2.0783 240
1744572858619 2.0798 250
1744572871860 2.073 260
1744572892380 2.0465 270
1744572905690 2.0704 280
