1744591130630 0.2631578947368421 10
1744591139023 0.5263157894736842 20
1744591147378 0.7894736842105263 30
1744591162824 1.0 38
1744591166417 1.0526315789473684 40
1744591174823 1.3157894736842106 50
1744591183406 1.5789473684210527 60
1744591191789 1.8421052631578947 70
1744591203057 2.0 76
1744591208542 2.1052631578947367 80
1744591216972 2.3684210526315788 90
1744591225465 2.6315789473684212 100
1744591233567 2.8947368421052633 110
1744591243158 3.0 114
1744591244708 3.0 114
1744591245253 3.0 0
1744591252328 3.0 114
