1744600633046 0.5263157894736842 10
1744600652516 1.0 19
1744600656128 1.0526315789473684 20
1744600669602 1.5789473684210527 30
1744600685017 2.0 38
1744600690011 2.1052631578947367 40
1744600703236 2.6315789473684212 50
1744600717255 3.0 57
1744600723497 3.1578947368421053 60
1744600736750 3.6842105263157894 70
1744600749910 4.0 76
1744600757615 4.2105263157894735 80
1744600770833 4.7368421052631575 90
1744600782291 5.0 95
1744600791339 5.2631578947368425 100
1744600804460 5.7894736842105265 110
1744600814585 6.0 114
1744600824765 6.315789473684211 120
1744600837914 6.842105263157895 130
1744600846531 7.0 133
1744600858183 7.368421052631579 140
1744600871634 7.894736842105263 150
1744600878949 8.0 152
1744600892124 8.421052631578947 160
1744600904891 8.947368421052632 170
1744600911443 9.0 171
1744600926614 9.473684210526315 180
1744600938353 10.0 190
1744600944657 10.0 190
1744600946438 10.0 190
1744600946965 10.0 0
1744600952880 10.0 190
