1744600633046 0.7831827998161316 10
1744600656128 0.9586606025695801 20
1744600669602 1.0323796272277832 30
1744600690011 1.1325020790100098 40
1744600703236 1.133306622505188 50
1744600723497 1.0783300399780273 60
1744600736750 1.1437360048294067 70
1744600757615 1.0906480550765991 80
1744600770833 1.1973661184310913 90
1744600791339 1.2048074007034302 100
1744600804460 1.4990519285202026 110
1744600824765 1.2760511636734009 120
1744600837914 1.486588478088379 130
1744600858183 1.4346468448638916 140
1744600871634 1.1634082794189453 150
1744600892124 1.5874801874160767 160
1744600904891 1.4694783687591553 170
1744600926614 1.4331408739089966 180
1744600938353 1.6453741788864136 190
