1744600633046 4.7631578947368424e-05 10
1744600656128 4.5e-05 20
1744600669602 4.236842105263158e-05 30
1744600690011 3.973684210526316e-05 40
1744600703236 3.710526315789474e-05 50
1744600723497 3.447368421052632e-05 60
1744600736750 3.1842105263157895e-05 70
1744600757615 2.9210526315789477e-05 80
1744600770833 2.6578947368421052e-05 90
1744600791339 2.394736842105263e-05 100
1744600804460 2.1315789473684212e-05 110
1744600824765 1.868421052631579e-05 120
1744600837914 1.605263157894737e-05 130
1744600858183 1.3421052631578948e-05 140
1744600871634 1.0789473684210526e-05 150
1744600892124 8.157894736842106e-06 160
1744600904891 5.526315789473684e-06 170
1744600926614 2.8947368421052634e-06 180
1744600938353 2.6315789473684213e-07 190
