1744877918687 0.07874015748031496 10
1744877929421 0.15748031496062992 20
1744877939693 0.23622047244094488 30
1744877950397 0.31496062992125984 40
1744877960734 0.3937007874015748 50
1744877971143 0.47244094488188976 60
1744877981562 0.5511811023622047 70
1744877991630 0.6299212598425197 80
1744878002098 0.7086614173228346 90
1744878012409 0.7874015748031497 100
1744878023120 0.8661417322834646 110
1744878033554 0.9448818897637795 120
1744878055656 1.0 127
1744878060679 1.0236220472440944 130
1744878070795 1.1023622047244095 140
1744878081320 1.1811023622047245 150
1744878091584 1.2598425196850394 160
1744878101897 1.3385826771653544 170
1744878112054 1.4173228346456692 180
1744878122203 1.4960629921259843 190
1744878132728 1.574803149606299 200
1744878142820 1.6535433070866141 210
1744878152987 1.7322834645669292 220
1744878163414 1.811023622047244 230
1744878173584 1.889763779527559 240
1744878184180 1.968503937007874 250
1744878203549 2.0 254
1744878211517 2.047244094488189 260
1744878221587 2.1259842519685037 270
1744878232100 2.204724409448819 280
1744878242572 2.283464566929134 290
1744878252630 2.362204724409449 300
1744878263068 2.440944881889764 310
1744878273226 2.5196850393700787 320
1744878283509 2.5984251968503935 330
1744878293753 2.677165354330709 340
1744878304047 2.7559055118110236 350
1744878314447 2.8346456692913384 360
1744878324588 2.9133858267716537 370
1744878334776 2.9921259842519685 380
1744878350497 3.0 381
1744878361432 3.0708661417322833 390
1744878371562 3.1496062992125986 400
1744878381797 3.2283464566929134 410
1744878392249 3.3070866141732282 420
1744878402626 3.3858267716535435 430
1744878413171 3.4645669291338583 440
1744878423482 3.543307086614173 450
1744878434017 3.622047244094488 460
1744878444374 3.7007874015748032 470
1744878454454 3.779527559055118 480
1744878464877 3.8582677165354333 490
1744878475120 3.937007874015748 500
1744878497853 4.0 508
1744878502293 4.015748031496063 510
1744878512534 4.094488188976378 520
1744878522901 4.173228346456693 530
1744878532984 4.251968503937007 540
1744878543302 4.330708661417323 550
1744878553517 4.409448818897638 560
1744878563899 4.488188976377953 570
1744878574565 4.566929133858268 580
1744878584970 4.645669291338582 590
1744878595536 4.724409448818898 600
1744878605670 4.803149606299213 610
1744878615974 4.881889763779528 620
1744878626611 4.960629921259843 630
1744878646310 5.0 635
1744878653657 5.039370078740157 640
1744878663859 5.118110236220472 650
1744878674263 5.196850393700787 660
1744878684775 5.275590551181103 670
1744878694931 5.354330708661418 680
1744878705104 5.433070866141732 690
1744878715138 5.511811023622047 700
1744878725305 5.590551181102362 710
1744878735327 5.669291338582677 720
1744878745819 5.748031496062993 730
1744878756156 5.826771653543307 740
1744878766237 5.905511811023622 750
1744878776435 5.984251968503937 760
1744878792993 6.0 762
1744878803209 6.062992125984252 770
1744878813404 6.141732283464567 780
1744878823588 6.2204724409448815 790
1744878834166 6.299212598425197 800
1744878844537 6.377952755905512 810
1744878854750 6.456692913385827 820
1744878864955 6.535433070866142 830
1744878875203 6.6141732283464565 840
1744878885476 6.692913385826771 850
1744878895491 6.771653543307087 860
1744878906071 6.850393700787402 870
1744878916610 6.929133858267717 880
1744878940643 7.0 889
1744878943638 7.0078740157480315 890
1744878953888 7.086614173228346 900
1744878964178 7.165354330708661 910
1744878974266 7.244094488188976 920
1744878984781 7.322834645669292 930
1744878994896 7.4015748031496065 940
1744879005336 7.480314960629921 950
1744879015593 7.559055118110236 960
1744879026032 7.637795275590551 970
1744879036651 7.716535433070866 980
1744879047089 7.7952755905511815 990
1744879057522 7.874015748031496 1000
1744879067769 7.952755905511811 1010
1744879088425 8.0 1016
1744879094541 8.031496062992126 1020
1744879104569 8.11023622047244 1030
1744879115568 8.188976377952756 1040
1744879125874 8.26771653543307 1050
1744879136312 8.346456692913385 1060
1744879146537 8.4251968503937 1070
1744879156860 8.503937007874015 1080
1744879167125 8.582677165354331 1090
1744879177164 8.661417322834646 1100
1744879187350 8.740157480314961 1110
1744879197668 8.818897637795276 1120
1744879207651 8.89763779527559 1130
1744879217716 8.976377952755906 1140
1744879235290 9.0 1143
1744879244225 9.05511811023622 1150
1744879254214 9.133858267716535 1160
1744879264340 9.21259842519685 1170
1744879274523 9.291338582677165 1180
1744879284596 9.37007874015748 1190
1744879295572 9.448818897637794 1200
1744879305682 9.527559055118111 1210
1744879315861 9.606299212598426 1220
1744879326128 9.68503937007874 1230
1744879336391 9.763779527559056 1240
1744879347122 9.84251968503937 1250
1744879357336 9.921259842519685 1260
1744879367397 10.0 1270
1744879382466 10.0 1270
1744879394615 10.078740157480315 1280
1744879404790 10.15748031496063 1290
1744879414848 10.236220472440944 1300
1744879425221 10.31496062992126 1310
1744879435286 10.393700787401574 1320
1744879445642 10.472440944881889 1330
1744879456028 10.551181102362206 1340
1744879466339 10.62992125984252 1350
1744879476517 10.708661417322835 1360
1744879486629 10.78740157480315 1370
1744879496792 10.866141732283465 1380
1744879506900 10.94488188976378 1390
1744879528969 11.0 1397
1744879533937 11.023622047244094 1400
1744879544569 11.10236220472441 1410
1744879555005 11.181102362204724 1420
1744879565041 11.259842519685039 1430
1744879575480 11.338582677165354 1440
1744879585845 11.417322834645669 1450
1744879596079 11.496062992125985 1460
1744879606836 11.5748031496063 1470
1744879617626 11.653543307086615 1480
1744879628009 11.73228346456693 1490
1744879638376 11.811023622047244 1500
1744879648658 11.88976377952756 1510
1744879658851 11.968503937007874 1520
1744879677593 12.0 1524
1744879685794 12.047244094488189 1530
1744879696019 12.125984251968504 1540
1744879706184 12.204724409448819 1550
1744879716407 12.283464566929133 1560
1744879726433 12.362204724409448 1570
1744879736561 12.440944881889763 1580
1744879746594 12.519685039370078 1590
1744879756805 12.598425196850394 1600
1744879767128 12.67716535433071 1610
1744879777218 12.755905511811024 1620
1744879787830 12.834645669291339 1630
1744879798035 12.913385826771654 1640
1744879808418 12.992125984251969 1650
1744879824085 13.0 1651
1744879835476 13.070866141732283 1660
1744879845896 13.149606299212598 1670
1744879856080 13.228346456692913 1680
1744879866484 13.307086614173228 1690
1744879876560 13.385826771653543 1700
1744879887135 13.464566929133857 1710
1744879897296 13.543307086614174 1720
1744879907344 13.622047244094489 1730
1744879917919 13.700787401574804 1740
1744879928175 13.779527559055119 1750
1744879938627 13.858267716535433 1760
1744879948726 13.937007874015748 1770
1744879971688 14.0 1778
1744879975806 14.015748031496063 1780
1744879986128 14.094488188976378 1790
1744879996373 14.173228346456693 1800
1744880006412 14.251968503937007 1810
1744880016802 14.330708661417322 1820
1744880027234 14.409448818897637 1830
1744880037554 14.488188976377952 1840
1744880048129 14.566929133858268 1850
1744880058288 14.645669291338583 1860
1744880068434 14.724409448818898 1870
1744880078502 14.803149606299213 1880
1744880088730 14.881889763779528 1890
1744880098995 14.960629921259843 1900
1744880118942 15.0 1905
1744880126035 15.039370078740157 1910
1744880136109 15.118110236220472 1920
1744880146259 15.196850393700787 1930
1744880156678 15.275590551181102 1940
1744880166709 15.354330708661417 1950
1744880177159 15.433070866141732 1960
1744880187272 15.511811023622048 1970
1744880197458 15.590551181102363 1980
1744880207600 15.669291338582678 1990
1744880217841 15.748031496062993 2000
1744880228117 15.826771653543307 2010
1744880238136 15.905511811023622 2020
1744880248317 15.984251968503937 2030
1744880265083 16.0 2032
1744880275638 16.062992125984252 2040
1744880286117 16.141732283464567 2050
1744880296168 16.22047244094488 2060
1744880306382 16.299212598425196 2070
1744880316408 16.37795275590551 2080
1744880326873 16.456692913385826 2090
1744880337471 16.53543307086614 2100
1744880347634 16.614173228346456 2110
1744880357831 16.69291338582677 2120
1744880367998 16.771653543307085 2130
1744880378395 16.8503937007874 2140
1744880388446 16.929133858267715 2150
1744880412125 17.0 2159
1744880415065 17.007874015748033 2160
1744880425305 17.086614173228348 2170
1744880435738 17.165354330708663 2180
1744880445772 17.244094488188978 2190
1744880456295 17.322834645669293 2200
1744880466320 17.401574803149607 2210
1744880476534 17.480314960629922 2220
1744880486834 17.559055118110237 2230
1744880497116 17.637795275590552 2240
1744880507484 17.716535433070867 2250
1744880517649 17.79527559055118 2260
1744880527968 17.874015748031496 2270
1744880538428 17.95275590551181 2280
1744880559140 18.0 2286
1744880565452 18.031496062992126 2290
1744880575521 18.11023622047244 2300
1744880585704 18.188976377952756 2310
1744880596082 18.26771653543307 2320
1744880606599 18.346456692913385 2330
1744880616744 18.4251968503937 2340
1744880626847 18.503937007874015 2350
1744880637327 18.58267716535433 2360
1744880648005 18.661417322834644 2370
1744880658254 18.74015748031496 2380
1744880668493 18.818897637795274 2390
1744880678549 18.89763779527559 2400
1744880688987 18.976377952755904 2410
1744880706687 19.0 2413
1744880716089 19.055118110236222 2420
1744880726413 19.133858267716537 2430
1744880736665 19.212598425196852 2440
1744880746983 19.291338582677167 2450
1744880757101 19.37007874015748 2460
1744880767328 19.448818897637796 2470
1744880777428 19.52755905511811 2480
1744880787729 19.606299212598426 2490
1744880797938 19.68503937007874 2500
1744880808059 19.763779527559056 2510
1744880818406 19.84251968503937 2520
1744880828506 19.921259842519685 2530
1744880838654 20.0 2540
1744880853560 20.0 2540
1744880866009 20.078740157480315 2550
1744880876349 20.15748031496063 2560
1744880886531 20.236220472440944 2570
1744880897092 20.31496062992126 2580
1744880907507 20.393700787401574 2590
1744880917694 20.47244094488189 2600
1744880928198 20.551181102362204 2610
1744880938322 20.62992125984252 2620
1744880948933 20.708661417322833 2630
1744880959494 20.787401574803148 2640
1744880969689 20.866141732283463 2650
1744880979975 20.944881889763778 2660
1744881002094 21.0 2667
1744881007226 21.023622047244096 2670
1744881017261 21.10236220472441 2680
1744881027927 21.181102362204726 2690
1744881038258 21.25984251968504 2700
1744881048679 21.338582677165356 2710
1744881058999 21.41732283464567 2720
1744881069288 21.496062992125985 2730
1744881079585 21.5748031496063 2740
1744881089746 21.653543307086615 2750
1744881099970 21.73228346456693 2760
1744881110319 21.811023622047244 2770
1744881120523 21.88976377952756 2780
1744881130928 21.968503937007874 2790
1744881149514 22.0 2794
1744881157986 22.04724409448819 2800
1744881168309 22.125984251968504 2810
1744881178481 22.20472440944882 2820
1744881188718 22.283464566929133 2830
1744881198737 22.362204724409448 2840
1744881209057 22.440944881889763 2850
1744881219886 22.519685039370078 2860
1744881230204 22.598425196850393 2870
1744881240236 22.677165354330707 2880
1744881250627 22.755905511811022 2890
1744881260934 22.834645669291337 2900
1744881271021 22.913385826771652 2910
1744881281163 22.99212598425197 2920
1744881296741 23.0 2921
1744881307843 23.070866141732285 2930
1744881318002 23.1496062992126 2940
1744881328157 23.228346456692915 2950
1744881338450 23.30708661417323 2960
1744881348469 23.385826771653544 2970
1744881359153 23.46456692913386 2980
1744881369779 23.543307086614174 2990
1744881379870 23.62204724409449 3000
1744881390174 23.700787401574804 3010
1744881400371 23.77952755905512 3020
1744881410655 23.858267716535433 3030
1744881420851 23.937007874015748 3040
1744881443743 24.0 3048
1744881448033 24.015748031496063 3050
1744881458580 24.094488188976378 3060
1744881468857 24.173228346456693 3070
1744881479310 24.251968503937007 3080
1744881489549 24.330708661417322 3090
1744881499785 24.409448818897637 3100
1744881510043 24.488188976377952 3110
1744881520358 24.566929133858267 3120
1744881530848 24.64566929133858 3130
1744881541093 24.724409448818896 3140
1744881551178 24.80314960629921 3150
1744881561466 24.881889763779526 3160
1744881571502 24.96062992125984 3170
1744881591244 25.0 3175
1744881598419 25.03937007874016 3180
1744881608932 25.118110236220474 3190
1744881619323 25.19685039370079 3200
1744881629761 25.275590551181104 3210
1744881639784 25.35433070866142 3220
1744881650162 25.433070866141733 3230
1744881660414 25.511811023622048 3240
1744881670652 25.590551181102363 3250
1744881680882 25.669291338582678 3260
1744881691191 25.748031496062993 3270
1744881701624 25.826771653543307 3280
1744881712080 25.905511811023622 3290
1744881722525 25.984251968503937 3300
1744881738951 26.0 3302
1744881749038 26.062992125984252 3310
1744881759273 26.141732283464567 3320
1744881769466 26.22047244094488 3330
1744881779837 26.299212598425196 3340
1744881790219 26.37795275590551 3350
1744881800403 26.456692913385826 3360
1744881810462 26.53543307086614 3370
1744881820622 26.614173228346456 3380
1744881830955 26.69291338582677 3390
1744881840963 26.771653543307085 3400
1744881851644 26.8503937007874 3410
1744881861878 26.929133858267715 3420
1744881885840 27.0 3429
1744881888869 27.007874015748033 3430
1744881899203 27.086614173228348 3440
1744881909709 27.165354330708663 3450
1744881919711 27.244094488188978 3460
1744881929986 27.322834645669293 3470
1744881940383 27.401574803149607 3480
1744881950714 27.480314960629922 3490
1744881960871 27.559055118110237 3500
1744881971053 27.637795275590552 3510
1744881981345 27.716535433070867 3520
1744881991486 27.79527559055118 3530
1744882001797 27.874015748031496 3540
1744882011983 27.95275590551181 3550
1744882032480 28.0 3556
1744882038831 28.031496062992126 3560
1744882049103 28.11023622047244 3570
1744882059369 28.188976377952756 3580
1744882069406 28.26771653543307 3590
1744882079618 28.346456692913385 3600
1744882089996 28.4251968503937 3610
1744882100111 28.503937007874015 3620
1744882110281 28.58267716535433 3630
1744882120338 28.661417322834644 3640
1744882130475 28.74015748031496 3650
1744882140838 28.818897637795274 3660
1744882150844 28.89763779527559 3670
1744882160874 28.976377952755904 3680
1744882178650 29.0 3683
1744882187960 29.055118110236222 3690
1744882198250 29.133858267716537 3700
1744882208619 29.212598425196852 3710
1744882218953 29.291338582677167 3720
1744882229040 29.37007874015748 3730
1744882239327 29.448818897637796 3740
1744882249515 29.52755905511811 3750
1744882259666 29.606299212598426 3760
1744882270080 29.68503937007874 3770
1744882280289 29.763779527559056 3780
1744882290625 29.84251968503937 3790
1744882300711 29.921259842519685 3800
1744882310594 30.0 3810
1744882325684 30.0 3810
1744882327335 30.0 3810
1744882327851 30.0 0
1744882342893 30.0 3810
