1744877918687 4.541924476623535 10
1744877929421 4.224010467529297 20
1744877939693 4.148303508758545 30
1744877950397 4.10584831237793 40
1744877960734 3.9307210445404053 50
1744877971143 3.526242733001709 60
1744877981562 3.5145435333251953 70
1744877991630 3.474844455718994 80
1744878002098 3.03627347946167 90
1744878012409 3.4565646648406982 100
1744878023120 3.3499550819396973 110
1744878033554 3.7562038898468018 120
1744878060679 3.2620019912719727 130
1744878070795 3.607996940612793 140
1744878081320 3.237046957015991 150
1744878091584 3.0985748767852783 160
1744878101897 3.2842304706573486 170
1744878112054 3.273221254348755 180
1744878122203 3.570699453353882 190
1744878132728 3.642427921295166 200
1744878142820 3.5886356830596924 210
1744878152987 3.2587523460388184 220
1744878163414 2.9256980419158936 230
1744878173584 2.814457416534424 240
1744878184180 4.133561611175537 250
1744878211517 2.9870896339416504 260
1744878221587 2.819915294647217 270
1744878232100 3.7272324562072754 280
1744878242572 2.8195207118988037 290
1744878252630 3.5227856636047363 300
1744878263068 3.3944332599639893 310
1744878273226 2.9480156898498535 320
1744878283509 2.426896810531616 330
1744878293753 4.54954195022583 340
1744878304047 3.086580753326416 350
1744878314447 4.506943702697754 360
1744878324588 3.48246693611145 370
1744878334776 4.307271480560303 380
1744878361432 2.662584066390991 390
1744878371562 3.281386613845825 400
1744878381797 3.595069408416748 410
1744878392249 3.3021960258483887 420
1744878402626 2.8479597568511963 430
1744878413171 2.9946131706237793 440
1744878423482 3.0979416370391846 450
1744878434017 2.9656999111175537 460
1744878444374 3.4021759033203125 470
1744878454454 2.720277786254883 480
1744878464877 2.3336119651794434 490
1744878475120 3.2794852256774902 500
1744878502293 2.7895567417144775 510
1744878512534 4.169567108154297 520
1744878522901 2.73417067527771 530
1744878532984 2.606065034866333 540
1744878543302 3.4100890159606934 550
1744878553517 2.3191490173339844 560
1744878563899 2.988715648651123 570
1744878574565 3.0838139057159424 580
1744878584970 1.844334363937378 590
1744878595536 3.5361828804016113 600
1744878605670 2.9447758197784424 610
1744878615974 3.357788562774658 620
1744878626611 3.0473411083221436 630
1744878653657 3.1086862087249756 640
1744878663859 3.6698989868164062 650
1744878674263 2.314512014389038 660
1744878684775 3.297057628631592 670
1744878694931 3.420973777770996 680
1744878705104 3.020751953125 690
1744878715138 2.518615245819092 700
1744878725305 2.910438060760498 710
1744878735327 2.446478843688965 720
1744878745819 3.3760385513305664 730
1744878756156 2.4995603561401367 740
1744878766237 2.578756332397461 750
1744878776435 3.363321542739868 760
1744878803209 1.981797218322754 770
1744878813404 2.486117124557495 780
1744878823588 2.157022476196289 790
1744878834166 3.7100703716278076 800
1744878844537 2.8075931072235107 810
1744878854750 3.2029974460601807 820
1744878864955 2.2479183673858643 830
1744878875203 3.130798816680908 840
1744878885476 2.2997310161590576 850
1744878895491 2.0903687477111816 860
1744878906071 2.0914766788482666 870
1744878916610 1.9699617624282837 880
1744878943638 2.347343921661377 890
1744878953888 1.3273041248321533 900
1744878964178 1.6497799158096313 910
1744878974266 3.144580125808716 920
1744878984781 2.043135404586792 930
1744878994896 3.0275702476501465 940
1744879005336 2.6507558822631836 950
1744879015593 4.319002628326416 960
1744879026032 1.925875186920166 970
1744879036651 2.8212075233459473 980
1744879047089 3.263848066329956 990
1744879057522 2.530853509902954 1000
1744879067769 2.601970672607422 1010
1744879094541 2.1985013484954834 1020
1744879104569 2.947542905807495 1030
1744879115568 2.9031288623809814 1040
1744879125874 2.191284418106079 1050
1744879136312 2.213503122329712 1060
1744879146537 2.6216721534729004 1070
1744879156860 2.858480930328369 1080
1744879167125 3.252225875854492 1090
1744879177164 3.108252763748169 1100
1744879187350 3.141853094100952 1110
1744879197668 2.4727299213409424 1120
1744879207651 2.600250720977783 1130
1744879217716 2.4556477069854736 1140
1744879244225 1.413107991218567 1150
1744879254214 3.7915477752685547 1160
1744879264340 2.0418264865875244 1170
1744879274523 1.8663233518600464 1180
1744879284596 1.9414315223693848 1190
1744879295572 1.1655672788619995 1200
1744879305682 1.529732346534729 1210
1744879315861 2.2207446098327637 1220
1744879326128 2.4120776653289795 1230
1744879336391 1.8493350744247437 1240
1744879347122 1.8351083993911743 1250
1744879357336 4.269497394561768 1260
1744879367397 2.18753719329834 1270
1744879394615 2.1491518020629883 1280
1744879404790 2.879369020462036 1290
1744879414848 2.9404561519622803 1300
1744879425221 2.314586639404297 1310
1744879435286 2.484898328781128 1320
1744879445642 2.7842354774475098 1330
1744879456028 2.6546578407287598 1340
1744879466339 1.863677740097046 1350
1744879476517 2.5190696716308594 1360
1744879486629 2.979306936264038 1370
1744879496792 2.6167778968811035 1380
1744879506900 2.310523509979248 1390
1744879533937 2.4242615699768066 1400
1744879544569 2.095838785171509 1410
1744879555005 2.3814761638641357 1420
1744879565041 2.4543912410736084 1430
1744879575480 1.621238350868225 1440
1744879585845 1.8518215417861938 1450
1744879596079 2.043137311935425 1460
1744879606836 1.4983797073364258 1470
1744879617626 2.287851572036743 1480
1744879628009 1.7176283597946167 1490
1744879638376 1.6693893671035767 1500
1744879648658 1.7991482019424438 1510
1744879658851 2.2574667930603027 1520
1744879685794 1.7475835084915161 1530
1744879696019 1.7534384727478027 1540
1744879706184 2.0069620609283447 1550
1744879716407 1.7165697813034058 1560
1744879726433 2.3232169151306152 1570
1744879736561 2.658754825592041 1580
1744879746594 2.8020951747894287 1590
1744879756805 2.046344757080078 1600
1744879767128 1.8255292177200317 1610
1744879777218 2.9443249702453613 1620
1744879787830 1.9810302257537842 1630
1744879798035 2.20137619972229 1640
1744879808418 1.1031038761138916 1650
1744879835476 1.6736868619918823 1660
1744879845896 2.215529680252075 1670
1744879856080 1.6429874897003174 1680
1744879866484 2.4316844940185547 1690
1744879876560 1.9036623239517212 1700
1744879887135 2.171992540359497 1710
1744879897296 2.1002821922302246 1720
1744879907344 2.469383478164673 1730
1744879917919 1.8069002628326416 1740
1744879928175 2.1383111476898193 1750
1744879938627 2.9119935035705566 1760
1744879948726 1.8383400440216064 1770
1744879975806 1.73482346534729 1780
1744879986128 1.809532642364502 1790
1744879996373 2.6461760997772217 1800
1744880006412 2.3927595615386963 1810
1744880016802 2.2330892086029053 1820
1744880027234 2.6518900394439697 1830
1744880037554 2.980309009552002 1840
1744880048129 1.7679939270019531 1850
1744880058288 1.9097732305526733 1860
1744880068434 1.9333674907684326 1870
1744880078502 2.596761703491211 1880
1744880088730 2.227167844772339 1890
1744880098995 1.653468132019043 1900
1744880126035 1.818798542022705 1910
1744880136109 2.0608506202697754 1920
1744880146259 2.1162614822387695 1930
1744880156678 1.8030842542648315 1940
1744880166709 1.2690192461013794 1950
1744880177159 2.242753267288208 1960
1744880187272 1.9767131805419922 1970
1744880197458 2.2950050830841064 1980
1744880207600 2.071692943572998 1990
1744880217841 1.3963143825531006 2000
1744880228117 2.3374180793762207 2010
1744880238136 2.2678604125976562 2020
1744880248317 1.9249542951583862 2030
1744880275638 1.4764971733093262 2040
1744880286117 1.6378724575042725 2050
1744880296168 1.5908138751983643 2060
1744880306382 2.105556011199951 2070
1744880316408 1.0533539056777954 2080
1744880326873 2.351649522781372 2090
1744880337471 1.360995888710022 2100
1744880347634 3.1284987926483154 2110
1744880357831 2.0150740146636963 2120
1744880367998 1.0612759590148926 2130
1744880378395 2.575608253479004 2140
1744880388446 1.620679259300232 2150
1744880415065 1.4189727306365967 2160
1744880425305 2.163163423538208 2170
1744880435738 1.712882161140442 2180
1744880445772 1.222360372543335 2190
1744880456295 3.7126076221466064 2200
1744880466320 2.634145975112915 2210
1744880476534 3.163041114807129 2220
1744880486834 1.444819688796997 2230
1744880497116 2.4060006141662598 2240
1744880507484 2.6466095447540283 2250
1744880517649 2.139132261276245 2260
1744880527968 1.949175238609314 2270
1744880538428 2.3892014026641846 2280
1744880565452 1.3775038719177246 2290
1744880575521 1.4915306568145752 2300
1744880585704 1.9128773212432861 2310
1744880596082 1.8290358781814575 2320
1744880606599 1.569006085395813 2330
1744880616744 1.5592238903045654 2340
1744880626847 1.476179599761963 2350
1744880637327 1.7374699115753174 2360
1744880648005 1.6983487606048584 2370
1744880658254 1.830626368522644 2380
1744880668493 2.6579625606536865 2390
1744880678549 1.8222707509994507 2400
1744880688987 2.9896411895751953 2410
1744880716089 2.1699979305267334 2420
1744880726413 2.6758742332458496 2430
1744880736665 1.159915804862976 2440
1744880746983 2.0503461360931396 2450
1744880757101 1.9327315092086792 2460
1744880767328 1.7010910511016846 2470
1744880777428 2.2191946506500244 2480
1744880787729 2.029500722885132 2490
1744880797938 2.529636859893799 2500
1744880808059 2.481839656829834 2510
1744880818406 1.818278193473816 2520
1744880828506 1.8314039707183838 2530
1744880838654 1.6839157342910767 2540
1744880866009 1.2303675413131714 2550
1744880876349 2.5600035190582275 2560
1744880886531 2.1038455963134766 2570
1744880897092 2.5200724601745605 2580
1744880907507 1.6763700246810913 2590
1744880917694 2.1476283073425293 2600
1744880928198 1.9331084489822388 2610
1744880938322 1.9319084882736206 2620
1744880948933 2.088567018508911 2630
1744880959494 2.2594053745269775 2640
1744880969689 2.2210609912872314 2650
1744880979975 2.3857455253601074 2660
1744881007226 1.7960666418075562 2670
1744881017261 1.4383679628372192 2680
1744881027927 1.680279016494751 2690
1744881038258 1.481250286102295 2700
1744881048679 1.1419798135757446 2710
1744881058999 1.6712136268615723 2720
1744881069288 2.3839316368103027 2730
1744881079585 2.084045648574829 2740
1744881089746 1.0479823350906372 2750
1744881099970 1.3302286863327026 2760
1744881110319 1.2323522567749023 2770
1744881120523 1.728290319442749 2780
1744881130928 1.4984545707702637 2790
1744881157986 1.9069257974624634 2800
1744881168309 1.9488004446029663 2810
1744881178481 1.976133108139038 2820
1744881188718 1.465260624885559 2830
1744881198737 2.198220729827881 2840
1744881209057 1.5376793146133423 2850
1744881219886 1.4288033246994019 2860
1744881230204 0.9752514362335205 2870
1744881240236 0.988084614276886 2880
1744881250627 1.7146588563919067 2890
1744881260934 2.3327279090881348 2900
1744881271021 1.920731544494629 2910
1744881281163 2.047114133834839 2920
1744881307843 2.1440865993499756 2930
1744881318002 1.1850347518920898 2940
1744881328157 2.2800495624542236 2950
1744881338450 2.0303542613983154 2960
1744881348469 2.2098231315612793 2970
1744881359153 1.5554791688919067 2980
1744881369779 1.1658363342285156 2990
1744881379870 2.122758388519287 3000
1744881390174 2.596771240234375 3010
1744881400371 2.0277152061462402 3020
1744881410655 1.6694413423538208 3030
1744881420851 2.4742958545684814 3040
1744881448033 2.1474132537841797 3050
1744881458580 1.449249267578125 3060
1744881468857 1.6632003784179688 3070
1744881479310 2.8968422412872314 3080
1744881489549 2.2046475410461426 3090
1744881499785 1.635322093963623 3100
1744881510043 1.427180528640747 3110
1744881520358 1.3433403968811035 3120
1744881530848 1.7455686330795288 3130
1744881541093 1.1392862796783447 3140
1744881551178 1.0889900922775269 3150
1744881561466 1.4603499174118042 3160
1744881571502 1.5440822839736938 3170
1744881598419 1.9234446287155151 3180
1744881608932 1.6620839834213257 3190
1744881619323 1.3126015663146973 3200
1744881629761 2.019547939300537 3210
1744881639784 2.3580145835876465 3220
1744881650162 2.270698308944702 3230
1744881660414 1.6944559812545776 3240
1744881670652 1.8386821746826172 3250
1744881680882 0.9139978885650635 3260
1744881691191 1.7908353805541992 3270
1744881701624 1.6547971963882446 3280
1744881712080 2.1934821605682373 3290
1744881722525 1.6602743864059448 3300
1744881749038 1.460116982460022 3310
1744881759273 2.5650572776794434 3320
1744881769466 1.6210848093032837 3330
1744881779837 1.5689010620117188 3340
1744881790219 1.691597819328308 3350
1744881800403 2.336805820465088 3360
1744881810462 1.1189944744110107 3370
1744881820622 1.0263439416885376 3380
1744881830955 1.1326310634613037 3390
1744881840963 1.6303216218948364 3400
1744881851644 1.5441293716430664 3410
1744881861878 1.4962271451950073 3420
1744881888869 1.4294583797454834 3430
1744881899203 1.542473316192627 3440
1744881909709 1.984021782875061 3450
1744881919711 1.7664676904678345 3460
1744881929986 1.657332420349121 3470
1744881940383 2.7234413623809814 3480
1744881950714 1.6105848550796509 3490
1744881960871 1.3061378002166748 3500
1744881971053 1.352980375289917 3510
1744881981345 2.1809754371643066 3520
1744881991486 2.028414249420166 3530
1744882001797 2.431284189224243 3540
1744882011983 2.2981908321380615 3550
1744882038831 1.778055191040039 3560
1744882049103 1.4453725814819336 3570
1744882059369 2.1937789916992188 3580
1744882069406 2.224320888519287 3590
1744882079618 1.5261276960372925 3600
1744882089996 1.3947257995605469 3610
1744882100111 1.1554197072982788 3620
1744882110281 2.2552294731140137 3630
1744882120338 1.5473268032073975 3640
1744882130475 1.7241911888122559 3650
1744882140838 1.5350594520568848 3660
1744882150844 1.339077353477478 3670
1744882160874 1.3696584701538086 3680
1744882187960 1.0282313823699951 3690
1744882198250 1.7875525951385498 3700
1744882208619 0.9727169275283813 3710
1744882218953 1.637340784072876 3720
1744882229040 1.295966386795044 3730
1744882239327 1.5512717962265015 3740
1744882249515 1.4828999042510986 3750
1744882259666 1.5398186445236206 3760
1744882270080 1.7631537914276123 3770
1744882280289 1.5760964155197144 3780
1744882290625 2.2411389350891113 3790
1744882300711 1.5216681957244873 3800
1744882310594 1.7886558771133423 3810
