1744877918687 2.3622047244094487e-06 10
1744877929421 4.9868766404199475e-06 20
1744877939693 7.611548556430446e-06 30
1744877950397 1.0236220472440946e-05 40
1744877960734 1.2860892388451445e-05 50
1744877971143 1.5485564304461945e-05 60
1744877981562 1.8110236220472444e-05 70
1744877991630 2.0734908136482943e-05 80
1744878002098 2.335958005249344e-05 90
1744878012409 2.5984251968503937e-05 100
1744878023120 2.860892388451444e-05 110
1744878033554 3.1233595800524935e-05 120
1744878060679 3.385826771653544e-05 130
1744878070795 3.648293963254593e-05 140
1744878081320 3.9107611548556434e-05 150
1744878091584 4.173228346456693e-05 160
1744878101897 4.435695538057743e-05 170
1744878112054 4.698162729658793e-05 180
1744878122203 4.960629921259843e-05 190
1744878132728 5.223097112860893e-05 200
1744878142820 5.485564304461942e-05 210
1744878152987 5.748031496062992e-05 220
1744878163414 6.0104986876640425e-05 230
1744878173584 6.272965879265093e-05 240
1744878184180 6.535433070866141e-05 250
1744878211517 6.797900262467192e-05 260
1744878221587 7.060367454068241e-05 270
1744878232100 7.322834645669292e-05 280
1744878242572 7.58530183727034e-05 290
1744878252630 7.847769028871391e-05 300
1744878263068 8.110236220472441e-05 310
1744878273226 8.372703412073492e-05 320
1744878283509 8.63517060367454e-05 330
1744878293753 8.897637795275591e-05 340
1744878304047 9.16010498687664e-05 350
1744878314447 9.422572178477691e-05 360
1744878324588 9.68503937007874e-05 370
1744878334776 9.94750656167979e-05 380
1744878361432 9.999865697896888e-05 390
1744878371562 9.999320107968219e-05 400
1744878381797 9.998354882093378e-05 410
1744878392249 9.996970101292072e-05 420
1744878402626 9.99516588180087e-05 430
1744878413171 9.992942375063434e-05 440
1744878423482 9.990299767717817e-05 450
1744878434017 9.987238281580786e-05 460
1744878444374 9.98375817362921e-05 470
1744878454454 9.979859735978487e-05 480
1744878464877 9.975543295858035e-05 490
1744878475120 9.970809215583799e-05 500
1744878502293 9.965657892527868e-05 510
1744878512534 9.960089759085105e-05 520
1744878522901 9.954105282636852e-05 530
1744878532984 9.947704965511701e-05 540
1744878543302 9.940889344943329e-05 550
1744878553517 9.93365899302541e-05 560
1744878563899 9.926014516663581e-05 570
1744878574565 9.91795655752451e-05 580
1744878584970 9.909485791982029e-05 590
1744878595536 9.900602931060367e-05 600
1744878605670 9.89130872037446e-05 610
1744878615974 9.881603940067368e-05 620
1744878626611 9.871489404744796e-05 630
1744878653657 9.860965963406707e-05 640
1744878663859 9.850034499376069e-05 650
1744878674263 9.8386959302247e-05 660
1744878684775 9.826951207696258e-05 670
1744878694931 9.814801317626343e-05 680
1744878705104 9.802247279859756e-05 690
1744878715138 9.78929014816489e-05 700
1744878725305 9.775931010145279e-05 710
1744878735327 9.762170987148305e-05 720
1744878745819 9.74801123417108e-05 730
1744878756156 9.733452939763487e-05 740
1744878766237 9.718497325928424e-05 750
1744878776435 9.70314564801922e-05 760
1744878803209 9.687399194634277e-05 770
1744878813404 9.671259287508894e-05 780
1744878823588 9.654727281404327e-05 790
1744878834166 9.637804563994079e-05 800
1744878844537 9.620492555747406e-05 810
1744878854750 9.602792709810097e-05 820
1744878864955 9.584706511882497e-05 830
1744878875203 9.566235480094793e-05 840
1744878885476 9.54738116487959e-05 850
1744878895491 9.528145148841771e-05 860
1744878906071 9.508529046625648e-05 870
1744878916610 9.488534504779441e-05 880
1744878943638 9.468163201617062e-05 890
1744878953888 9.44741684707724e-05 900
1744878964178 9.426297182579993e-05 910
1744878974266 9.404805980880457e-05 920
1744878984781 9.382945045920084e-05 930
1744878994896 9.360716212675214e-05 940
1744879005336 9.338121347003054e-05 950
1744879015593 9.315162345485072e-05 960
1744879026032 9.291841135267778e-05 970
1744879036651 9.268159673900983e-05 980
1744879047089 9.24411994917347e-05 990
1744879057522 9.219723978946153e-05 1000
1744879067769 9.194973810982692e-05 1010
1744879094541 9.169871522777612e-05 1020
1744879104569 9.144419221381919e-05 1030
1744879115568 9.118619043226238e-05 1040
1744879125874 9.092473153941483e-05 1050
1744879136312 9.065983748177074e-05 1060
1744879146537 9.039153049416728e-05 1070
1744879156860 9.011983309791819e-05 1080
1744879167125 8.984476809892338e-05 1090
1744879177164 8.95663585857546e-05 1100
1744879187350 8.928462792771747e-05 1110
1744879197668 8.899959977288987e-05 1120
1744879207651 8.871129804613696e-05 1130
1744879217716 8.841974694710296e-05 1140
1744879244225 8.81249709481798e-05 1150
1744879254214 8.78269947924531e-05 1160
1744879264340 8.75258434916251e-05 1170
1744879274523 8.722154232391528e-05 1180
1744879284596 8.691411683193862e-05 1190
1744879295572 8.660359282056144e-05 1200
1744879305682 8.628999635473546e-05 1210
1744879315861 8.597335375730997e-05 1220
1744879326128 8.565369160682226e-05 1230
1744879336391 8.533103673526672e-05 1240
1744879347122 8.500541622584253e-05 1250
1744879357336 8.467685741068036e-05 1260
1744879367397 8.43453878685482e-05 1270
1744879394615 8.401103542253638e-05 1280
1744879404790 8.367382813772217e-05 1290
1744879414848 8.333379431881397e-05 1300
1744879425221 8.299096250777557e-05 1310
1744879435286 8.264536148143023e-05 1320
1744879445642 8.229702024904535e-05 1330
1744879456028 8.194596804989738e-05 1340
1744879466339 8.159223435081751e-05 1350
1744879476517 8.123584884371829e-05 1360
1744879486629 8.087684144310136e-05 1370
1744879496792 8.051524228354641e-05 1380
1744879506900 8.015108171718177e-05 1390
1744879533937 7.978439031113668e-05 1400
1744879544569 7.941519884497548e-05 1410
1744879555005 7.904353830811417e-05 1420
1744879565041 7.8669439897219e-05 1430
1744879575480 7.829293501358797e-05 1440
1744879585845 7.791405526051509e-05 1450
1744879596079 7.753283244063758e-05 1460
1744879606836 7.714929855326638e-05 1470
1744879617626 7.676348579170021e-05 1480
1744879628009 7.637542654052335e-05 1490
1744879638376 7.598515337288722e-05 1500
1744879648658 7.559269904777639e-05 1510
1744879658851 7.519809650725861e-05 1520
1744879685794 7.480137887371994e-05 1530
1744879696019 7.440257944708435e-05 1540
1744879706184 7.40017317020186e-05 1550
1744879716407 7.359886928512248e-05 1560
1744879726433 7.319402601210448e-05 1570
1744879736561 7.278723586494339e-05 1580
1744879746594 7.237853298903591e-05 1590
1744879756805 7.196795169033054e-05 1600
1744879767128 7.155552643244793e-05 1610
1744879777218 7.114129183378808e-05 1620
1744879787830 7.072528266462457e-05 1630
1744879798035 7.03075338441859e-05 1640
1744879808418 6.988808043772452e-05 1650
1744879835476 6.94669576535734e-05 1660
1744879845896 6.904420084019076e-05 1670
1744879856080 6.8619845483193e-05 1680
1744879866484 6.819392720237593e-05 1690
1744879876560 6.77664817487251e-05 1700
1744879887135 6.733754500141478e-05 1710
1744879897296 6.690715296479632e-05 1720
1744879907344 6.647534176537608e-05 1730
1744879917919 6.604214764878293e-05 1740
1744879928175 6.560760697672584e-05 1750
1744879938627 6.517175622394183e-05 1760
1744879948726 6.473463197513422e-05 1770
1744879975806 6.429627092190185e-05 1780
1744879986128 6.385670985965915e-05 1790
1744879996373 6.341598568454766e-05 1800
1744880006412 6.297413539033894e-05 1810
1744880016802 6.25311960653295e-05 1820
1744880027234 6.208720488922751e-05 1830
1744880037554 6.164219913003207e-05 1840
1744880048129 6.119621614090498e-05 1850
1744880058288 6.074929335703532e-05 1860
1744880068434 6.030146829249725e-05 1870
1744880078502 5.9852778537101116e-05 1880
1744880088730 5.940326175323819e-05 1890
1744880098995 5.895295567271939e-05 1900
1744880126035 5.850189809360804e-05 1910
1744880136109 5.805012687704726e-05 1920
1744880146259 5.759767994408187e-05 1930
1744880156678 5.7144595272475376e-05 1940
1744880166709 5.6690910893522185e-05 1950
1744880177159 5.623666488885532e-05 1960
1744880187272 5.578189538724986e-05 1970
1744880197458 5.532664056142247e-05 1980
1744880207600 5.487093862482729e-05 1990
1744880217841 5.441482782844831e-05 2000
1744880228117 5.395834645758859e-05 2010
1744880238136 5.350153282865674e-05 2020
1744880248317 5.304442528595064e-05 2030
1744880275638 5.258706219843889e-05 2040
1744880286117 5.2129481956540136e-05 2050
1744880296168 5.167172296890068e-05 2060
1744880306382 5.12138236591705e-05 2070
1744880316408 5.075582246277799e-05 2080
1744880326873 5.029775782370377e-05 2090
1744880337471 4.9839668191253794e-05 2100
1744880347634 4.938159201683186e-05 2110
1744880357831 4.892356775071216e-05 2120
1744880367998 4.8465633838811784e-05 2130
1744880378395 4.8007828719463566e-05 2140
1744880388446 4.755019082018971e-05 2150
1744880415065 4.709275855447621e-05 2160
1744880425305 4.663557031854844e-05 2170
1744880435738 4.617866448814826e-05 2180
1744880445772 4.5722079415312834e-05 2190
1744880456295 4.526585342515533e-05 2200
1744880466320 4.4810024812648063e-05 2210
1744880476534 4.435463183940799e-05 2220
1744880486834 4.3899712730485146e-05 2230
1744880497116 4.344530567115406e-05 2240
1744880507484 4.299144880370849e-05 2250
1744880517649 4.2538180224259885e-05 2260
1744880527968 4.208553797953967e-05 2270
1744880538428 4.163356006370549e-05 2280
1744880565452 4.118228441515226e-05 2290
1744880575521 4.073174891332751e-05 2300
1744880585704 4.0281991375551905e-05 2310
1744880596082 3.983304955384488e-05 2320
1744880606599 3.93849611317558e-05 2330
1744880616744 3.8937763721200874e-05 2340
1744880626847 3.8491494859306074e-05 2350
1744880637327 3.804619200525621e-05 2360
1744880648005 3.760189253715082e-05 2370
1744880658254 3.715863374886661e-05 2380
1744880668493 3.671645284692704e-05 2390
1744880678549 3.6275386947379365e-05 2400
1744880688987 3.583547307267904e-05 2410
1744880716089 3.539674814858216e-05 2420
1744880726413 3.4959249001045994e-05 2430
1744880736665 3.452301235313786e-05 2440
1744880746983 3.408807482195255e-05 2450
1744880757101 3.365447291553889e-05 2460
1744880767328 3.322224302983517e-05 2470
1744880777428 3.279142144561421e-05 2480
1744880787729 3.236204432543799e-05 2490
1744880797938 3.193414771062211e-05 2500
1744880808059 3.1507767518210725e-05 2510
1744880818406 3.1082939537961555e-05 2520
1744880828506 3.065969942934179e-05 2530
1744880838654 3.023808271853492e-05 2540
1744880866009 2.9818124795458714e-05 2550
1744880876349 2.939986091079453e-05 2560
1744880886531 2.8983326173028603e-05 2570
1744880897092 2.8568555545504932e-05 2580
1744880907507 2.8155583843490573e-05 2590
1744880917694 2.7744445731253367e-05 2600
1744880928198 2.733517571915204e-05 2610
1744880938322 2.6927808160739743e-05 2620
1744880948933 2.6522377249880248e-05 2630
1744880959494 2.611891701787783e-05 2640
1744880969689 2.5717461330620818e-05 2650
1744880979975 2.5318043885738753e-05 2660
1744881007226 2.4920698209774013e-05 2670
1744881017261 2.452545765536755e-05 2680
1744881027927 2.4132355398459443e-05 2690
1744881038258 2.3741424435503923e-05 2700
1744881048679 2.3352697580699967e-05 2710
1744881058999 2.2966207463236738e-05 2720
1744881069288 2.258198652455477e-05 2730
1744881079585 2.220006701562298e-05 2740
1744881089746 2.1820480994231374e-05 2750
1744881099970 2.1443260322300372e-05 2760
1744881110319 2.106843666320622e-05 2770
1744881120523 2.0696041479123236e-05 2780
1744881130928 2.0326106028382995e-05 2790
1744881157986 1.9958661362850452e-05 2800
1744881168309 1.9593738325317527e-05 2810
1744881178481 1.9231367546914232e-05 2820
1744881188718 1.887157944453749e-05 2830
1744881198737 1.8514404218298003e-05 2840
1744881209057 1.815987184898535e-05 2850
1744881219886 1.7808012095551336e-05 2860
1744881230204 1.745885449261212e-05 2870
1744881240236 1.71124283479692e-05 2880
1744881250627 1.6768762740149157e-05 2890
1744881260934 1.6427886515963087e-05 2900
1744881271021 1.6089828288085053e-05 2910
1744881281163 1.5754616432650444e-05 2920
1744881307843 1.542227908687418e-05 2930
1744881318002 1.5092844146688757e-05 2940
1744881328157 1.4766339264402901e-05 2950
1744881338450 1.4442791846380316e-05 2960
1744881348469 1.4122229050739294e-05 2970
1744881359153 1.3804677785073084e-05 2980
1744881369779 1.3490164704191366e-05 2990
1744881379870 1.3178716207882775e-05 3000
1744881390174 1.2870358438699004e-05 3010
1744881400371 1.2565117279760497e-05 3020
1744881410655 1.2263018352583667e-05 3030
1744881420851 1.1964087014930503e-05 3040
1744881448033 1.1668348358679887e-05 3050
1744881458580 1.1375827207721479e-05 3060
1744881468857 1.108654811587211e-05 3070
1744881479310 1.080053536481458e-05 3080
1744881489549 1.0517812962059726e-05 3090
1744881499785 1.0238404638931077e-05 3100
1744881510043 9.962333848572958e-06 3110
1744881520358 9.689623763981847e-06 3120
1744881530848 9.42029727606133e-06 3130
1744881541093 9.154376991700541e-06 3140
1744881551178 8.891885231876673e-06 3150
1744881561466 8.6328440297814e-06 3160
1744881571502 8.377275128971319e-06 3170
1744881598419 8.125199981542986e-06 3180
1744881608932 7.876639746332131e-06 3190
1744881619323 7.631615287137684e-06 3200
1744881629761 7.390147170970457e-06 3210
1744881639784 7.152255666326807e-06 3220
1744881650162 6.917960741487334e-06 3230
1744881660414 6.6872820628407216e-06 3240
1744881670652 6.4602389932330254e-06 3250
1744881680882 6.236850590342319e-06 3260
1744881691191 6.017135605079122e-06 3270
1744881701624 5.801112480012344e-06 3280
1744881712080 5.588799347821349e-06 3290
1744881722525 5.380214029773856e-06 3300
1744881749038 5.17537403423008e-06 3310
1744881759273 4.97429655517313e-06 3320
1744881769466 4.776998470765664e-06 3330
1744881779837 4.583496341933302e-06 3340
1744881790219 4.393806410974433e-06 3350
1744881800403 4.2079446001968555e-06 3360
1744881810462 4.025926510581357e-06 3370
1744881820622 3.847767420472104e-06 3380
1744881830955 3.673482284294244e-06 3390
1744881840963 3.5030857312986333e-06 3400
1744881851644 3.336592064333921e-06 3410
1744881861878 3.1740152586459127e-06 3420
1744881888869 3.0153689607045845e-06 3430
1744881899203 2.8606664870585555e-06 3440
1744881909709 2.70992082321736e-06 3450
1744881919711 2.563144622561453e-06 3460
1744881929986 2.420350205280053e-06 3470
1744881940383 2.281549557337098e-06 3480
1744881950714 2.1467543294650725e-06 3490
1744881960871 2.015975836187106e-06 3500
1744881971053 1.8892250548672386e-06 3510
1744881981345 1.7665126247889851e-06 3520
1744881991486 1.6478488462623177e-06 3530
1744882001797 1.5332436797590334e-06 3540
1744882011983 1.4227067450767128e-06 3550
1744882038831 1.3162473205312442e-06 3560
1744882049103 1.2138743421780063e-06 3570
1744882059369 1.1155964030617916e-06 3580
1744882069406 1.0214217524955272e-06 3590
1744882079618 9.31358295367829e-07 3600
1744882089996 8.454135914794659e-07 3610
1744882100111 7.635948549088334e-07 3620
1744882110281 6.859089534063779e-07 3630
1744882120338 6.123624078181511e-07 3640
1744882130475 5.429613915384546e-07 3650
1744882140838 4.777117299916478e-07 3660
1744882150844 4.16618900143162e-07 3670
1744882160874 3.596880300398009e-07 3680
1744882187960 3.0692389837926885e-07 3690
1744882198250 2.583309341090745e-07 3700
1744882208619 2.1391321605475635e-07 3710
1744882218953 1.736744725775119e-07 3720
1744882229040 1.3761808126126486e-07 3730
1744882239327 1.0574706862913619e-07 3740
1744882249515 7.806410988940305e-08 3750
1744882259666 5.457152871094495e-08 3760
1744882270080 3.5271297028216524e-08 3770
1744882280289 2.0165034875696542e-08 3780
1744882290625 9.254010251935618e-09 3790
1744882300711 2.5391390130968806e-09 3800
1744882310594 2.0984796089695835e-11 3810
