1744877918687 2.7192 10
1744877929421 2.6863 20
1744877939693 2.5927 30
1744877950397 2.4812 40
1744877960734 2.3494 50
1744877971143 2.1826 60
1744877981562 2.0402 70
1744877991630 1.9773 80
1744878002098 1.7839 90
1744878012409 1.6477 100
1744878023120 1.5816 110
1744878033554 1.5457 120
1744878060679 1.4749 130
1744878070795 1.3644 140
1744878081320 1.274 150
1744878091584 1.2936 160
1744878101897 1.2242 170
1744878112054 1.2594 180
1744878122203 1.2504 190
1744878132728 1.1685 200
1744878142820 1.1462 210
1744878152987 1.1711 220
1744878163414 1.1507 230
1744878173584 1.1865 240
1744878184180 1.1812 250
1744878211517 1.1259 260
1744878221587 1.0533 270
1744878232100 1.1047 280
1744878242572 1.1561 290
1744878252630 1.082 300
1744878263068 1.137 310
1744878273226 1.0944 320
1744878283509 1.0974 330
1744878293753 1.0721 340
1744878304047 1.1123 350
1744878314447 1.0928 360
1744878324588 1.0751 370
1744878334776 1.0947 380
1744878361432 1.0228 390
1744878371562 1.0558 400
1744878381797 1.082 410
1744878392249 1.0634 420
1744878402626 1.0374 430
1744878413171 1.0958 440
1744878423482 1.033 450
1744878434017 1.0898 460
1744878444374 1.07 470
1744878454454 1.0318 480
1744878464877 1.0371 490
1744878475120 1.0609 500
1744878502293 1.0293 510
1744878512534 1.0367 520
1744878522901 1.0084 530
1744878532984 0.9983 540
1744878543302 0.9769 550
1744878553517 1.0363 560
1744878563899 1.013 570
1744878574565 1.0404 580
1744878584970 0.9985 590
1744878595536 0.9735 600
1744878605670 1.0194 610
1744878615974 1.0707 620
1744878626611 1.0572 630
1744878653657 0.9927 640
1744878663859 0.9823 650
1744878674263 0.9289 660
1744878684775 0.9134 670
1744878694931 1.0237 680
1744878705104 0.9899 690
1744878715138 0.9146 700
1744878725305 1.0467 710
1744878735327 0.9922 720
1744878745819 0.9955 730
1744878756156 0.995 740
1744878766237 0.966 750
1744878776435 0.9991 760
1744878803209 0.9603 770
1744878813404 0.9181 780
1744878823588 0.8995 790
1744878834166 0.9566 800
1744878844537 0.9504 810
1744878854750 0.9652 820
1744878864955 0.9569 830
1744878875203 0.9321 840
1744878885476 0.9923 850
1744878895491 0.9194 860
1744878906071 0.9383 870
1744878916610 0.9583 880
1744878943638 0.942 890
1744878953888 0.9316 900
1744878964178 0.8989 910
1744878974266 0.886 920
1744878984781 0.895 930
1744878994896 0.9632 940
1744879005336 0.8909 950
1744879015593 0.8877 960
1744879026032 0.9662 970
1744879036651 0.8995 980
1744879047089 0.903 990
1744879057522 0.9266 1000
1744879067769 0.9259 1010
1744879094541 0.9284 1020
1744879104569 0.922 1030
1744879115568 0.9065 1040
1744879125874 0.9331 1050
1744879136312 0.8949 1060
1744879146537 0.9036 1070
1744879156860 0.9018 1080
1744879167125 0.8663 1090
1744879177164 0.8512 1100
1744879187350 0.9051 1110
1744879197668 0.915 1120
1744879207651 0.8987 1130
1744879217716 0.9009 1140
1744879244225 0.8823 1150
1744879254214 0.9061 1160
1744879264340 0.8945 1170
1744879274523 0.8917 1180
1744879284596 0.8713 1190
1744879295572 0.8648 1200
1744879305682 0.8601 1210
1744879315861 0.8612 1220
1744879326128 0.8581 1230
1744879336391 0.879 1240
1744879347122 0.8525 1250
1744879357336 0.9045 1260
1744879367397 0.8748 1270
1744879394615 0.8676 1280
1744879404790 0.8583 1290
1744879414848 0.8163 1300
1744879425221 0.876 1310
1744879435286 0.7867 1320
1744879445642 0.8181 1330
1744879456028 0.8503 1340
1744879466339 0.8295 1350
1744879476517 0.8495 1360
1744879486629 0.8164 1370
1744879496792 0.8561 1380
1744879506900 0.8343 1390
1744879533937 0.8618 1400
1744879544569 0.8426 1410
1744879555005 0.7947 1420
1744879565041 0.8654 1430
1744879575480 0.8883 1440
1744879585845 0.8234 1450
1744879596079 0.8595 1460
1744879606836 0.833 1470
1744879617626 0.8074 1480
1744879628009 0.8042 1490
1744879638376 0.8149 1500
1744879648658 0.8549 1510
1744879658851 0.8204 1520
1744879685794 0.7982 1530
1744879696019 0.8497 1540
1744879706184 0.8235 1550
1744879716407 0.8139 1560
1744879726433 0.805 1570
1744879736561 0.8418 1580
1744879746594 0.8486 1590
1744879756805 0.8157 1600
1744879767128 0.7917 1610
1744879777218 0.8151 1620
1744879787830 0.8262 1630
1744879798035 0.8352 1640
1744879808418 0.8097 1650
1744879835476 0.8205 1660
1744879845896 0.7741 1670
1744879856080 0.7595 1680
1744879866484 0.8159 1690
1744879876560 0.8157 1700
1744879887135 0.7885 1710
1744879897296 0.8281 1720
1744879907344 0.78 1730
1744879917919 0.816 1740
1744879928175 0.8571 1750
1744879938627 0.8095 1760
1744879948726 0.7771 1770
1744879975806 0.77 1780
1744879986128 0.7838 1790
1744879996373 0.7823 1800
1744880006412 0.8102 1810
1744880016802 0.825 1820
1744880027234 0.7672 1830
1744880037554 0.7458 1840
1744880048129 0.7574 1850
1744880058288 0.8123 1860
1744880068434 0.8103 1870
1744880078502 0.7987 1880
1744880088730 0.798 1890
1744880098995 0.7542 1900
1744880126035 0.7904 1910
1744880136109 0.7712 1920
1744880146259 0.7943 1930
1744880156678 0.7877 1940
1744880166709 0.7552 1950
1744880177159 0.7971 1960
1744880187272 0.7967 1970
1744880197458 0.7523 1980
1744880207600 0.7681 1990
1744880217841 0.7801 2000
1744880228117 0.7813 2010
1744880238136 0.8097 2020
1744880248317 0.7763 2030
1744880275638 0.7504 2040
1744880286117 0.7697 2050
1744880296168 0.7058 2060
1744880306382 0.8081 2070
1744880316408 0.7512 2080
1744880326873 0.7529 2090
1744880337471 0.7774 2100
1744880347634 0.7976 2110
1744880357831 0.7754 2120
1744880367998 0.7494 2130
1744880378395 0.7767 2140
1744880388446 0.7496 2150
1744880415065 0.7521 2160
1744880425305 0.7366 2170
1744880435738 0.766 2180
1744880445772 0.741 2190
1744880456295 0.769 2200
1744880466320 0.7675 2210
1744880476534 0.7631 2220
1744880486834 0.7462 2230
1744880497116 0.7694 2240
1744880507484 0.7192 2250
1744880517649 0.7685 2260
1744880527968 0.7676 2270
1744880538428 0.7409 2280
1744880565452 0.7313 2290
1744880575521 0.7362 2300
1744880585704 0.7408 2310
1744880596082 0.7619 2320
1744880606599 0.7177 2330
1744880616744 0.7806 2340
1744880626847 0.7312 2350
1744880637327 0.7439 2360
1744880648005 0.7432 2370
1744880658254 0.7248 2380
1744880668493 0.7536 2390
1744880678549 0.7354 2400
1744880688987 0.7452 2410
1744880716089 0.7746 2420
1744880726413 0.7173 2430
1744880736665 0.7056 2440
1744880746983 0.6923 2450
1744880757101 0.7089 2460
1744880767328 0.7205 2470
1744880777428 0.7487 2480
1744880787729 0.7495 2490
1744880797938 0.6909 2500
1744880808059 0.7188 2510
1744880818406 0.7475 2520
1744880828506 0.7171 2530
1744880838654 0.7576 2540
1744880866009 0.7131 2550
1744880876349 0.7228 2560
1744880886531 0.7688 2570
1744880897092 0.7218 2580
1744880907507 0.7015 2590
1744880917694 0.7354 2600
1744880928198 0.7211 2610
1744880938322 0.7348 2620
1744880948933 0.7519 2630
1744880959494 0.7217 2640
1744880969689 0.7281 2650
1744880979975 0.7006 2660
1744881007226 0.7052 2670
1744881017261 0.6896 2680
1744881027927 0.7093 2690
1744881038258 0.7188 2700
1744881048679 0.6994 2710
1744881058999 0.7171 2720
1744881069288 0.6992 2730
1744881079585 0.6954 2740
1744881089746 0.6856 2750
1744881099970 0.6954 2760
1744881110319 0.7205 2770
1744881120523 0.7238 2780
1744881130928 0.7315 2790
1744881157986 0.7349 2800
1744881168309 0.7044 2810
1744881178481 0.6973 2820
1744881188718 0.6719 2830
1744881198737 0.7215 2840
1744881209057 0.7295 2850
1744881219886 0.6853 2860
1744881230204 0.6757 2870
1744881240236 0.7127 2880
1744881250627 0.6989 2890
1744881260934 0.7188 2900
1744881271021 0.7032 2910
1744881281163 0.7332 2920
1744881307843 0.7044 2930
1744881318002 0.6824 2940
1744881328157 0.7298 2950
1744881338450 0.6757 2960
1744881348469 0.704 2970
1744881359153 0.6702 2980
1744881369779 0.6941 2990
1744881379870 0.6551 3000
1744881390174 0.6993 3010
1744881400371 0.6963 3020
1744881410655 0.7314 3030
1744881420851 0.7207 3040
1744881448033 0.6999 3050
1744881458580 0.6875 3060
1744881468857 0.6895 3070
1744881479310 0.7116 3080
1744881489549 0.7723 3090
1744881499785 0.694 3100
1744881510043 0.6649 3110
1744881520358 0.7082 3120
1744881530848 0.7774 3130
1744881541093 0.6867 3140
1744881551178 0.7097 3150
1744881561466 0.6945 3160
1744881571502 0.6842 3170
1744881598419 0.6866 3180
1744881608932 0.6866 3190
1744881619323 0.7014 3200
1744881629761 0.7042 3210
1744881639784 0.6695 3220
1744881650162 0.7107 3230
1744881660414 0.6869 3240
1744881670652 0.6631 3250
1744881680882 0.665 3260
1744881691191 0.7195 3270
1744881701624 0.6662 3280
1744881712080 0.7175 3290
1744881722525 0.6749 3300
1744881749038 0.707 3310
1744881759273 0.6874 3320
1744881769466 0.6406 3330
1744881779837 0.6719 3340
1744881790219 0.7475 3350
1744881800403 0.7052 3360
1744881810462 0.7018 3370
1744881820622 0.6672 3380
1744881830955 0.6952 3390
1744881840963 0.7196 3400
1744881851644 0.689 3410
1744881861878 0.7256 3420
1744881888869 0.6656 3430
1744881899203 0.7048 3440
1744881909709 0.6822 3450
1744881919711 0.7247 3460
1744881929986 0.673 3470
1744881940383 0.6753 3480
1744881950714 0.6854 3490
1744881960871 0.6952 3500
1744881971053 0.6738 3510
1744881981345 0.6821 3520
1744881991486 0.7168 3530
1744882001797 0.677 3540
1744882011983 0.6748 3550
1744882038831 0.6786 3560
1744882049103 0.6524 3570
1744882059369 0.6783 3580
1744882069406 0.6825 3590
1744882079618 0.6578 3600
1744882089996 0.6688 3610
1744882100111 0.6746 3620
1744882110281 0.6947 3630
1744882120338 0.7106 3640
1744882130475 0.6831 3650
1744882140838 0.686 3660
1744882150844 0.7081 3670
1744882160874 0.6927 3680
1744882187960 0.663 3690
1744882198250 0.707 3700
1744882208619 0.6873 3710
1744882218953 0.6764 3720
1744882229040 0.6824 3730
1744882239327 0.6584 3740
1744882249515 0.674 3750
1744882259666 0.6734 3760
1744882270080 0.7085 3770
1744882280289 0.6624 3780
1744882290625 0.6765 3790
1744882300711 0.6918 3800
1744882310594 0.6856 3810
