1744579779300 0.5263157894736842 10
1744579798102 1.0 19
1744579801737 1.0526315789473684 20
1744579815423 1.5789473684210527 30
1744579831212 2.0 38
1744579836002 2.1052631578947367 40
1744579849087 2.6315789473684212 50
1744579863376 3.0 57
1744579869592 3.1578947368421053 60
1744579883741 3.6842105263157894 70
1744579896710 4.0 76
1744579904443 4.2105263157894735 80
1744579918140 4.7368421052631575 90
1744579929892 5.0 95
1744579938765 5.2631578947368425 100
1744579952397 5.7894736842105265 110
1744579963253 6.0 114
1744579973792 6.315789473684211 120
1744579987281 6.842105263157895 130
1744579996113 7.0 133
1744580008050 7.368421052631579 140
1744580021618 7.894736842105263 150
1744580029132 8.0 152
1744580042022 8.421052631578947 160
1744580054868 8.947368421052632 170
1744580061909 9.0 171
1744580076581 9.473684210526315 180
1744580088480 10.0 190
1744580094735 10.0 190
1744580096409 10.0 190
1744580096902 10.0 0
1744580102896 10.0 190
