1744579779300 0.8623615503311157 10
1744579801737 0.7935848832130432 20
1744579815423 0.8859207034111023 30
1744579836002 0.8576442003250122 40
1744579849087 0.909231424331665 50
1744579869592 0.9366893172264099 60
1744579883741 0.9371486902236938 70
1744579904443 0.968280553817749 80
1744579918140 0.9353784918785095 90
1744579938765 0.9933546781539917 100
1744579952397 1.02745521068573 110
1744579973792 0.921081006526947 120
1744579987281 1.0158560276031494 130
1744580008050 0.9522897601127625 140
1744580021618 0.9908154010772705 150
1744580042022 1.0958786010742188 160
1744580054868 1.08719801902771 170
1744580076581 1.028786063194275 180
1744580088480 1.2810198068618774 190
