1744579779300 1.9052631578947368e-05 10
1744579801737 1.8e-05 20
1744579815423 1.6947368421052633e-05 30
1744579836002 1.5894736842105266e-05 40
1744579849087 1.4842105263157895e-05 50
1744579869592 1.3789473684210528e-05 60
1744579883741 1.2736842105263159e-05 70
1744579904443 1.1684210526315792e-05 80
1744579918140 1.0631578947368421e-05 90
1744579938765 9.578947368421054e-06 100
1744579952397 8.526315789473685e-06 110
1744579973792 7.473684210526316e-06 120
1744579987281 6.421052631578948e-06 130
1744580008050 5.36842105263158e-06 140
1744580021618 4.315789473684211e-06 150
1744580042022 3.2631578947368423e-06 160
1744580054868 2.2105263157894738e-06 170
1744580076581 1.1578947368421053e-06 180
1744580088480 1.0526315789473685e-07 190
