1744602140385 0.2631578947368421 10
1744602148760 0.5263157894736842 20
1744602157674 0.7894736842105263 30
1744602173182 1.0 38
1744602176812 1.0526315789473684 40
1744602185341 1.3157894736842106 50
1744602193801 1.5789473684210527 60
1744602201982 1.8421052631578947 70
1744602213368 2.0 76
1744602218596 2.1052631578947367 80
1744602227191 2.3684210526315788 90
1744602235735 2.6315789473684212 100
1744602243896 2.8947368421052633 110
1744602253772 3.0 114
1744602260896 3.1578947368421053 120
1744602269393 3.4210526315789473 130
1744602277539 3.6842105263157894 140
1744602286007 3.9473684210526314 150
1744602293810 4.0 152
1744602302508 4.2105263157894735 160
1744602310902 4.473684210526316 170
1744602319086 4.7368421052631575 180
1744602326656 5.0 190
1744602333405 5.0 190
1744602343798 5.2631578947368425 200
1744602352369 5.526315789473684 210
1744602360522 5.7894736842105265 220
1744602373403 6.0 228
1744602377090 6.052631578947368 230
1744602385432 6.315789473684211 240
1744602393639 6.578947368421053 250
1744602402132 6.842105263157895 260
1744602413177 7.0 266
1744602418527 7.105263157894737 270
1744602426902 7.368421052631579 280
1744602435148 7.631578947368421 290
1744602443829 7.894736842105263 300
1744602453334 8.0 304
1744602460305 8.157894736842104 310
1744602468720 8.421052631578947 320
1744602477050 8.68421052631579 330
1744602485440 8.947368421052632 340
1744602493150 9.0 342
1744602501898 9.210526315789474 350
1744602510189 9.473684210526315 360
1744602518454 9.736842105263158 370
1744602526047 10.0 380
1744602532930 10.0 380
1744602543366 10.263157894736842 390
1744602551481 10.526315789473685 400
1744602559721 10.789473684210526 410
1744602572387 11.0 418
1744602576110 11.052631578947368 420
1744602584375 11.31578947368421 430
1744602592466 11.578947368421053 440
1744602600756 11.842105263157894 450
1744602611750 12.0 456
1744602617024 12.105263157894736 460
1744602625258 12.368421052631579 470
1744602633505 12.631578947368421 480
1744602642028 12.894736842105264 490
1744602651080 13.0 494
1744602658249 13.157894736842104 500
1744602666627 13.421052631578947 510
1744602675054 13.68421052631579 520
1744602683305 13.947368421052632 530
1744602690788 14.0 532
1744602699515 14.210526315789474 540
1744602707622 14.473684210526315 550
1744602715892 14.736842105263158 560
1744602723096 15.0 570
1744602730131 15.0 570
1744602740775 15.263157894736842 580
1744602748982 15.526315789473685 590
1744602757429 15.789473684210526 600
1744602770033 16.0 608
1744602773712 16.05263157894737 610
1744602781943 16.31578947368421 620
1744602790209 16.57894736842105 630
1744602798446 16.842105263157894 640
1744602809557 17.0 646
1744602814871 17.105263157894736 650
1744602823018 17.36842105263158 660
1744602831944 17.63157894736842 670
1744602840464 17.894736842105264 680
1744602850180 18.0 684
1744602857272 18.157894736842106 690
1744602865717 18.42105263157895 700
1744602874228 18.68421052631579 710
1744602882316 18.94736842105263 720
1744602890471 19.0 722
1744602899228 19.210526315789473 730
1744602907289 19.473684210526315 740
1744602915896 19.736842105263158 750
1744602923260 20.0 760
1744602930509 20.0 760
1744602932261 20.0 760
1744602932848 20.0 0
1744602939757 20.0 760
