1744602140385 1.0584546327590942 10
1744602148760 1.1689780950546265 20
1744602157674 1.1834461688995361 30
1744602176812 1.27152681350708 40
1744602185341 1.339226245880127 50
1744602193801 1.455971360206604 60
1744602201982 1.4565376043319702 70
1744602218596 1.3671493530273438 80
1744602227191 1.5038803815841675 90
1744602235735 1.8785598278045654 100
1744602243896 1.5929577350616455 110
1744602260896 1.5917450189590454 120
1744602269393 2.1397969722747803 130
1744602277539 1.4153028726577759 140
1744602286007 1.7931896448135376 150
1744602302508 1.9145461320877075 160
1744602310902 1.8319987058639526 170
1744602319086 2.042478322982788 180
1744602326656 3.9865005016326904 190
1744602343798 1.8477879762649536 200
1744602352369 2.4713668823242188 210
1744602360522 2.5917716026306152 220
1744602377090 1.7117408514022827 230
1744602385432 2.334360361099243 240
1744602393639 2.2060844898223877 250
1744602402132 1.8773717880249023 260
1744602418527 2.0938096046447754 270
1744602426902 1.813733696937561 280
1744602435148 2.3765499591827393 290
1744602443829 2.2011873722076416 300
1744602460305 2.0556743144989014 310
1744602468720 2.4736015796661377 320
1744602477050 2.3213019371032715 330
1744602485440 2.3386216163635254 340
1744602501898 2.1869730949401855 350
1744602510189 3.9015846252441406 360
1744602518454 2.4617128372192383 370
1744602526047 3.690460205078125 380
1744602543366 2.4232892990112305 390
1744602551481 2.7568771839141846 400
1744602559721 3.0792148113250732 410
1744602576110 2.7647860050201416 420
1744602584375 4.729518413543701 430
1744602592466 2.084549903869629 440
1744602600756 2.09274959564209 450
1744602617024 2.9149723052978516 460
1744602625258 2.6820948123931885 470
1744602633505 2.1110124588012695 480
1744602642028 2.902980089187622 490
1744602658249 3.5478382110595703 500
1744602666627 2.501807928085327 510
1744602675054 3.756930351257324 520
1744602683305 2.494863271713257 530
1744602699515 1.9916092157363892 540
1744602707622 2.296959400177002 550
1744602715892 2.8169655799865723 560
1744602723096 3.7155921459198 570
1744602740775 3.3154618740081787 580
1744602748982 2.9508509635925293 590
1744602757429 2.157946825027466 600
1744602773712 3.9554660320281982 610
1744602781943 2.0447754859924316 620
1744602790209 2.4204976558685303 630
1744602798446 4.703903675079346 640
1744602814871 2.546135425567627 650
1744602823018 2.3020834922790527 660
1744602831944 3.63924503326416 670
1744602840464 3.0690362453460693 680
1744602857272 2.4994468688964844 690
1744602865717 1.9869678020477295 700
1744602874228 2.9937822818756104 710
1744602882316 2.357546329498291 720
1744602899228 2.162917375564575 730
1744602907289 3.8043785095214844 740
1744602915896 2.2104928493499756 750
1744602923260 0.8326041102409363 760
