1744602140385 4.940789473684211e-05 10
1744602148760 4.875e-05 20
1744602157674 4.80921052631579e-05 30
1744602176812 4.7434210526315795e-05 40
1744602185341 4.6776315789473686e-05 50
1744602193801 4.6118421052631584e-05 60
1744602201982 4.5460526315789476e-05 70
1744602218596 4.480263157894737e-05 80
1744602227191 4.4144736842105265e-05 90
1744602235735 4.3486842105263156e-05 100
1744602243896 4.2828947368421054e-05 110
1744602260896 4.217105263157895e-05 120
1744602269393 4.151315789473684e-05 130
1744602277539 4.085526315789474e-05 140
1744602286007 4.019736842105263e-05 150
1744602302508 3.9539473684210524e-05 160
1744602310902 3.888157894736842e-05 170
1744602319086 3.822368421052632e-05 180
1744602326656 3.756578947368421e-05 190
1744602343798 3.690789473684211e-05 200
1744602352369 3.625e-05 210
1744602360522 3.55921052631579e-05 220
1744602377090 3.493421052631579e-05 230
1744602385432 3.427631578947369e-05 240
1744602393639 3.3618421052631585e-05 250
1744602402132 3.296052631578948e-05 260
1744602418527 3.230263157894737e-05 270
1744602426902 3.1644736842105266e-05 280
1744602435148 3.098684210526316e-05 290
1744602443829 3.0328947368421055e-05 300
1744602460305 2.967105263157895e-05 310
1744602468720 2.901315789473684e-05 320
1744602477050 2.835526315789474e-05 330
1744602485440 2.7697368421052634e-05 340
1744602501898 2.7039473684210525e-05 350
1744602510189 2.6381578947368423e-05 360
1744602518454 2.5723684210526317e-05 370
1744602526047 2.506578947368421e-05 380
1744602543366 2.4407894736842107e-05 390
1744602551481 2.375e-05 400
1744602559721 2.3092105263157896e-05 410
1744602576110 2.243421052631579e-05 420
1744602584375 2.1776315789473685e-05 430
1744602592466 2.111842105263158e-05 440
1744602600756 2.0460526315789474e-05 450
1744602617024 1.980263157894737e-05 460
1744602625258 1.9144736842105264e-05 470
1744602633505 1.8486842105263158e-05 480
1744602642028 1.7828947368421053e-05 490
1744602658249 1.7171052631578947e-05 500
1744602666627 1.6513157894736845e-05 510
1744602675054 1.5855263157894737e-05 520
1744602683305 1.5197368421052633e-05 530
1744602699515 1.4539473684210528e-05 540
1744602707622 1.388157894736842e-05 550
1744602715892 1.3223684210526315e-05 560
1744602723096 1.2565789473684211e-05 570
1744602740775 1.1907894736842106e-05 580
1744602748982 1.125e-05 590
1744602757429 1.0592105263157895e-05 600
1744602773712 9.93421052631579e-06 610
1744602781943 9.276315789473685e-06 620
1744602790209 8.61842105263158e-06 630
1744602798446 7.960526315789474e-06 640
1744602814871 7.302631578947369e-06 650
1744602823018 6.644736842105263e-06 660
1744602831944 5.986842105263158e-06 670
1744602840464 5.328947368421053e-06 680
1744602857272 4.671052631578948e-06 690
1744602865717 4.013157894736842e-06 700
1744602874228 3.355263157894737e-06 710
1744602882316 2.6973684210526316e-06 720
1744602899228 2.0394736842105266e-06 730
1744602907289 1.381578947368421e-06 740
1744602915896 7.236842105263158e-07 750
1744602923260 6.578947368421053e-08 760
