1744602140385 2.6476 10
1744602148760 2.5027 20
1744602157674 2.3699 30
1744602176812 2.2004 40
1744602185341 2.0526 50
1744602193801 1.9387 60
1744602201982 1.8577 70
1744602218596 1.6983 80
1744602227191 1.6571 90
1744602235735 1.5632 100
1744602243896 1.4893 110
1744602260896 1.4105 120
1744602269393 1.329 130
1744602277539 1.2558 140
1744602286007 1.2535 150
1744602302508 1.1254 160
1744602310902 1.1318 170
1744602319086 1.0742 180
1744602326656 1.0054 190
1744602343798 0.9862 200
1744602352369 0.978 210
1744602360522 0.9743 220
1744602377090 0.9527 230
1744602385432 0.898 240
1744602393639 0.912 250
1744602402132 0.8287 260
1744602418527 0.7999 270
1744602426902 0.7966 280
1744602435148 0.8012 290
1744602443829 0.7684 300
1744602460305 0.7109 310
1744602468720 0.7417 320
1744602477050 0.6974 330
1744602485440 0.7352 340
1744602501898 0.6669 350
1744602510189 0.6573 360
1744602518454 0.7149 370
1744602526047 0.64 380
1744602543366 0.6465 390
1744602551481 0.5901 400
1744602559721 0.6286 410
1744602576110 0.632 420
1744602584375 0.6154 430
1744602592466 0.6071 440
1744602600756 0.5438 450
1744602617024 0.5478 460
1744602625258 0.5605 470
1744602633505 0.5642 480
1744602642028 0.5392 490
1744602658249 0.5628 500
1744602666627 0.5379 510
1744602675054 0.564 520
1744602683305 0.4933 530
1744602699515 0.5161 540
1744602707622 0.5037 550
1744602715892 0.5206 560
1744602723096 0.4813 570
1744602740775 0.4946 580
1744602748982 0.5409 590
1744602757429 0.4938 600
1744602773712 0.4423 610
1744602781943 0.4849 620
1744602790209 0.4534 630
1744602798446 0.5109 640
1744602814871 0.479 650
1744602823018 0.4723 660
1744602831944 0.4574 670
1744602840464 0.4616 680
1744602857272 0.4296 690
1744602865717 0.4242 700
1744602874228 0.4657 710
1744602882316 0.4556 720
1744602899228 0.4162 730
1744602907289 0.4692 740
1744602915896 0.4392 750
1744602923260 0.4038 760
