1744597452106 0.5263157894736842 10
1744597470271 1.0 19
1744597474078 1.0526315789473684 20
1744597487700 1.5789473684210527 30
1744597503536 2.0 38
1744597508711 2.1052631578947367 40
1744597521838 2.6315789473684212 50
1744597536556 3.0 57
1744597543058 3.1578947368421053 60
1744597556385 3.6842105263157894 70
1744597569103 4.0 76
1744597577042 4.2105263157894735 80
1744597590396 4.7368421052631575 90
1744597602197 5.0 95
1744597611268 5.2631578947368425 100
1744597624755 5.7894736842105265 110
1744597635021 6.0 114
1744597645568 6.315789473684211 120
1744597659430 6.842105263157895 130
1744597668251 7.0 133
1744597680293 7.368421052631579 140
1744597693582 7.894736842105263 150
1744597700948 8.0 152
1744597714003 8.421052631578947 160
1744597726867 8.947368421052632 170
1744597733261 9.0 171
1744597748318 9.473684210526315 180
1744597760425 10.0 190
1744597767054 10.0 190
1744597782740 10.526315789473685 200
1744597799454 11.0 209
1744597803383 11.052631578947368 210
1744597816957 11.578947368421053 220
1744597833143 12.0 228
1744597838317 12.105263157894736 230
1744597851441 12.631578947368421 240
1744597865455 13.0 247
1744597871839 13.157894736842104 250
1744597885085 13.68421052631579 260
1744597897798 14.0 266
1744597905760 14.210526315789474 270
1744597918721 14.736842105263158 280
1744597930909 15.0 285
1744597932740 15.0 285
1744597933338 15.0 0
1744597939691 15.0 285
