1744597452106 0.8250231742858887 10
1744597474078 0.8964864015579224 20
1744597487700 0.8982061147689819 30
1744597508711 1.0043600797653198 40
1744597521838 1.0042753219604492 50
1744597543058 1.2204047441482544 60
1744597556385 1.0569483041763306 70
1744597577042 1.127508282661438 80
1744597590396 1.0748153924942017 90
1744597611268 1.2064942121505737 100
1744597624755 1.2000977993011475 110
1744597645568 1.4410121440887451 120
1744597659430 1.5852125883102417 130
1744597680293 1.311084270477295 140
1744597693582 1.4308358430862427 150
1744597714003 1.3366453647613525 160
1744597726867 1.8615080118179321 170
1744597748318 1.5055707693099976 180
1744597760425 1.8410167694091797 190
1744597782740 1.5137112140655518 200
1744597803383 1.423545002937317 210
1744597816957 1.5263783931732178 220
1744597838317 1.4675211906433105 230
1744597851441 2.07059645652771 240
1744597871839 1.5599544048309326 250
1744597885085 1.4441914558410645 260
1744597905760 1.9376016855239868 270
1744597918721 1.6361078023910522 280
