1744597452106 4.842105263157895e-05 10
1744597474078 4.666666666666667e-05 20
1744597487700 4.491228070175439e-05 30
1744597508711 4.3157894736842105e-05 40
1744597521838 4.140350877192983e-05 50
1744597543058 3.9649122807017545e-05 60
1744597556385 3.789473684210527e-05 70
1744597577042 3.6140350877192985e-05 80
1744597590396 3.43859649122807e-05 90
1744597611268 3.2631578947368426e-05 100
1744597624755 3.087719298245614e-05 110
1744597645568 2.9122807017543863e-05 120
1744597659430 2.7368421052631583e-05 130
1744597680293 2.5614035087719303e-05 140
1744597693582 2.385964912280702e-05 150
1744597714003 2.2105263157894736e-05 160
1744597726867 2.0350877192982456e-05 170
1744597748318 1.8596491228070176e-05 180
1744597760425 1.6842105263157896e-05 190
1744597782740 1.5087719298245615e-05 200
1744597803383 1.3333333333333333e-05 210
1744597816957 1.1578947368421053e-05 220
1744597838317 9.824561403508772e-06 230
1744597851441 8.070175438596492e-06 240
1744597871839 6.315789473684211e-06 250
1744597885085 4.5614035087719304e-06 260
1744597905760 2.8070175438596493e-06 270
1744597918721 1.0526315789473685e-06 280
