1744597452106 2.6268 10
1744597474078 2.4593 20
1744597487700 2.2773 30
1744597508711 2.1041 40
1744597521838 1.9596 50
1744597543058 1.8244 60
1744597556385 1.7014 70
1744597577042 1.5919 80
1744597590396 1.5189 90
1744597611268 1.4341 100
1744597624755 1.3486 110
1744597645568 1.2906 120
1744597659430 1.2218 130
1744597680293 1.178 140
1744597693582 1.1593 150
1744597714003 1.1156 160
1744597726867 1.0494 170
1744597748318 1.0254 180
1744597760425 1.0051 190
1744597782740 0.9358 200
1744597803383 0.9815 210
1744597816957 0.951 220
1744597838317 0.9186 230
1744597851441 0.9083 240
1744597871839 0.9116 250
1744597885085 0.8938 260
1744597905760 0.882 270
1744597918721 0.8847 280
