1744717685952 1.0 5
1744717708276 2.0 10
1744717713832 2.0 10
1744717740756 3.0 15
1744717763157 4.0 20
1744717768520 4.0 20
1744717796119 5.0 25
1744717818062 6.0 30
1744717823600 6.0 30
1744717850676 7.0 35
1744717872307 8.0 40
1744717877701 8.0 40
1744717904560 9.0 45
1744717926073 10.0 50
1744717931555 10.0 50
1744717958884 11.0 55
1744717980448 12.0 60
1744717985792 12.0 60
1744718013102 13.0 65
1744718034568 14.0 70
1744718039959 14.0 70
1744718066986 15.0 75
1744718088213 16.0 80
1744718093800 16.0 80
1744718120779 17.0 85
1744718142015 18.0 90
1744718147516 18.0 90
1744718174089 19.0 95
1744718195796 20.0 100
1744718201087 20.0 100
1744718227665 21.0 105
1744718249420 22.0 110
1744718254939 22.0 110
1744718281815 23.0 115
1744718303084 24.0 120
1744718308392 24.0 120
1744718335941 25.0 125
1744718357455 26.0 130
1744718362733 26.0 130
1744718390194 27.0 135
1744718412663 28.0 140
1744718418032 28.0 140
1744718444958 29.0 145
1744718466037 30.0 150
1744718471323 30.0 150
1744718497992 31.0 155
1744718519549 32.0 160
1744718525091 32.0 160
1744718552314 33.0 165
1744718573923 34.0 170
1744718579207 34.0 170
1744718606455 35.0 175
1744718628353 36.0 180
1744718633824 36.0 180
1744718660845 37.0 185
1744718682945 38.0 190
1744718688297 38.0 190
1744718715450 39.0 195
1744718737002 40.0 200
1744718742380 40.0 200
1744718769615 41.0 205
1744718791746 42.0 210
1744718797856 42.0 210
1744718824953 43.0 215
1744718846406 44.0 220
1744718852000 44.0 220
1744718878529 45.0 225
1744718899975 46.0 230
1744718905571 46.0 230
1744718932527 47.0 235
1744718954266 48.0 240
1744718959604 48.0 240
1744718986590 49.0 245
1744719008080 50.0 250
1744719013590 50.0 250
1744719015218 50.0 250
1744719015649 50.0 0
1744719020960 50.0 250
