1744717708276 0.5900561213493347 10
1744717763157 0.6612280607223511 20
1744717818062 0.7481727004051208 30
1744717872307 0.7561711668968201 40
1744717926073 0.8156619668006897 50
1744717980448 0.8521270751953125 60
1744718034568 0.8883419632911682 70
1744718088213 1.0841224193572998 80
1744718142015 1.3199330568313599 90
1744718195796 1.1557676792144775 100
1744718249420 1.3097139596939087 110
1744718303084 1.096213459968567 120
1744718357455 1.1538288593292236 130
1744718412663 1.0906873941421509 140
1744718466037 1.3373931646347046 150
1744718519549 1.2341054677963257 160
1744718573923 1.4695942401885986 170
1744718628353 1.4834716320037842 180
1744718682945 1.33063805103302 190
1744718737002 1.331023931503296 200
1744718791746 1.3594048023223877 210
1744718846406 1.0950013399124146 220
1744718899975 1.293121099472046 230
1744718954266 1.3314348459243774 240
1744719008080 1.1703451871871948 250
