1744717708276 1.8e-05 10
1744717763157 3.8e-05 20
1744717818062 4.996101910454953e-05 30
1744717872307 4.952387888372979e-05 40
1744717926073 4.860940925593703e-05 50
1744717980448 4.723540933228244e-05 60
1744718034568 4.542862245837821e-05 70
1744718088213 4.3224215685535294e-05 80
1744718142015 4.066509528411152e-05 90
1744718195796 3.780107162176429e-05 100
1744718249420 3.4687889661302576e-05 110
1744718303084 3.138614394839476e-05 120
1744718357455 2.7960099207662532e-05 130
1744718412663 2.447643950291608e-05 140
1744718466037 2.1002970307704132e-05 150
1744718519549 1.7607298748898842e-05 160
1744718573923 1.4355517710873184e-05 170
1744718628353 1.1310919412686247e-05 180
1744718682945 8.532763497032987e-06 190
1744718737002 6.075123608706093e-06 200
1744718791746 3.985834912607894e-06 210
1744718846406 2.3055630366772856e-06 220
1744718899975 1.067012561698319e-06 230
1744718954266 2.942904638361804e-07 240
1744719008080 2.4368997673940297e-09 250
