1744717708276 2.695 10
1744717763157 2.5973 20
1744717818062 2.3899 30
1744717872307 2.1401 40
1744717926073 1.8948 50
1744717980448 1.6718 60
1744718034568 1.4868 70
1744718088213 1.3218 80
1744718142015 1.1879 90
1744718195796 1.0647 100
1744718249420 0.9775 110
1744718303084 0.9095 120
1744718357455 0.8499 130
1744718412663 0.8002 140
1744718466037 0.7507 150
1744718519549 0.7298 160
1744718573923 0.6926 170
1744718628353 0.6778 180
1744718682945 0.6635 190
1744718737002 0.6474 200
1744718791746 0.6423 210
1744718846406 0.6344 220
1744718899975 0.6413 230
1744718954266 0.6332 240
1744719008080 0.63 250
