1744662433722 0.0026476039184537992 10
1744662446488 0.0052952078369075985 20
1744662458462 0.007942811755361398 30
1744662470746 0.010590415673815197 40
1744662482747 0.013238019592268996 50
1744662495181 0.015885623510722795 60
1744662507016 0.018533227429176596 70
1744662519120 0.021180831347630394 80
1744662531377 0.023828435266084195 90
1744662543130 0.026476039184537992 100
1744662555175 0.029123643102991793 110
1744662567514 0.03177124702144559 120
1744662579326 0.03441885093989939 130
1744662591782 0.03706645485835319 140
1744662603810 0.03971405877680699 150
1744662616821 0.04236166269526079 160
1744662629380 0.045009266613714585 170
1744662641612 0.04765687053216839 180
1744662654068 0.05030447445062219 190
1744662667064 0.052952078369075985 200
