1744662433722 2.382155179977417 10
1744662446488 2.6519381999969482 20
1744662458462 2.371849536895752 30
1744662470746 2.1870455741882324 40
1744662482747 2.562892436981201 50
1744662495181 2.410504102706909 60
1744662507016 2.174940824508667 70
1744662519120 2.3137118816375732 80
1744662531377 2.3203227519989014 90
1744662543130 2.322324275970459 100
1744662555175 2.806171417236328 110
1744662567514 2.8277695178985596 120
1744662579326 2.355964422225952 130
1744662591782 2.455700397491455 140
1744662603810 2.480320692062378 150
1744662616821 2.551126718521118 160
1744662629380 2.709960699081421 170
1744662641612 2.47873854637146 180
1744662654068 2.194614887237549 190
1744662667064 2.5900251865386963 200
