1744662433722 3.9682539682539683e-07 10
1744662446488 8.377425044091711e-07 20
1744662458462 1.2786596119929452e-06 30
1744662470746 1.7195767195767195e-06 40
1744662482747 2.1604938271604937e-06 50
1744662495181 2.601410934744268e-06 60
1744662507016 3.0423280423280423e-06 70
1744662519120 3.4832451499118167e-06 80
1744662531377 3.924162257495591e-06 90
1744662543130 4.365079365079365e-06 100
1744662555175 4.80599647266314e-06 110
1744662567514 5.246913580246914e-06 120
1744662579326 5.687830687830688e-06 130
1744662591782 6.128747795414462e-06 140
1744662603810 6.569664902998236e-06 150
1744662616821 7.010582010582011e-06 160
1744662629380 7.451499118165785e-06 170
1744662641612 7.892416225749559e-06 180
1744662654068 8.333333333333334e-06 190
1744662667064 8.774250440917107e-06 200
