1744596817769 0.2631578947368421 10
1744596826735 0.5263157894736842 20
1744596834919 0.7894736842105263 30
1744596849779 1.0 38
1744596853487 1.0526315789473684 40
1744596862270 1.3157894736842106 50
1744596870664 1.5789473684210527 60
1744596878950 1.8421052631578947 70
1744596890433 2.0 76
1744596895713 2.1052631578947367 80
1744596904049 2.3684210526315788 90
1744596912421 2.6315789473684212 100
1744596920485 2.8947368421052633 110
1744596929920 3.0 114
1744596936888 3.1578947368421053 120
1744596945329 3.4210526315789473 130
1744596953374 3.6842105263157894 140
1744596961685 3.9473684210526314 150
1744596969420 4.0 152
1744596978034 4.2105263157894735 160
1744596986404 4.473684210526316 170
1744596994746 4.7368421052631575 180
1744597002238 5.0 190
1744597009008 5.0 190
1744597019575 5.2631578947368425 200
1744597027897 5.526315789473684 210
1744597035971 5.7894736842105265 220
1744597048548 6.0 228
1744597052260 6.052631578947368 230
1744597060484 6.315789473684211 240
1744597068547 6.578947368421053 250
1744597076873 6.842105263157895 260
1744597088135 7.0 266
1744597093458 7.105263157894737 270
1744597101800 7.368421052631579 280
1744597109855 7.631578947368421 290
1744597118485 7.894736842105263 300
1744597127776 8.0 304
1744597134816 8.157894736842104 310
1744597143004 8.421052631578947 320
1744597151265 8.68421052631579 330
1744597159528 8.947368421052632 340
1744597167253 9.0 342
1744597176069 9.210526315789474 350
1744597184196 9.473684210526315 360
1744597192420 9.736842105263158 370
1744597199678 10.0 380
1744597206966 10.0 380
1744597217480 10.263157894736842 390
1744597225628 10.526315789473685 400
1744597234151 10.789473684210526 410
1744597246786 11.0 418
1744597250491 11.052631578947368 420
1744597258558 11.31578947368421 430
1744597266923 11.578947368421053 440
1744597275255 11.842105263157894 450
1744597286596 12.0 456
1744597292108 12.105263157894736 460
1744597300208 12.368421052631579 470
1744597308559 12.631578947368421 480
1744597316799 12.894736842105264 490
1744597326404 13.0 494
1744597333510 13.157894736842104 500
1744597341730 13.421052631578947 510
1744597350052 13.68421052631579 520
1744597358204 13.947368421052632 530
1744597365910 14.0 532
1744597374413 14.210526315789474 540
1744597382663 14.473684210526315 550
1744597391074 14.736842105263158 560
1744597398332 15.0 570
1744597405274 15.0 570
1744597407020 15.0 570
1744597407594 15.0 0
1744597414580 15.0 570
