1744596817769 1.1725609302520752 10
1744596826735 1.0911563634872437 20
1744596834919 1.1433415412902832 30
1744596853487 1.2501466274261475 40
1744596862270 1.1861035823822021 50
1744596870664 1.25615656375885 60
1744596878950 1.2863476276397705 70
1744596895713 1.5314586162567139 80
1744596904049 1.398667812347412 90
1744596912421 1.4036461114883423 100
1744596920485 1.5092718601226807 110
1744596936888 1.810085654258728 120
1744596945329 1.4639081954956055 130
1744596953374 1.5852746963500977 140
1744596961685 1.7467538118362427 150
1744596978034 2.060818672180176 160
1744596986404 2.1220147609710693 170
1744596994746 1.816318392753601 180
1744597002238 8.940398216247559 190
1744597019575 1.771241307258606 200
1744597027897 1.7953089475631714 210
1744597035971 1.986966609954834 220
1744597052260 2.4160921573638916 230
1744597060484 2.1466190814971924 240
1744597068547 2.5187766551971436 250
1744597076873 2.1596546173095703 260
1744597093458 1.9385627508163452 270
1744597101800 2.3315792083740234 280
1744597109855 2.5023515224456787 290
1744597118485 1.9257102012634277 300
1744597134816 1.8838695287704468 310
1744597143004 1.7071824073791504 320
1744597151265 2.521184206008911 330
1744597159528 2.622602939605713 340
1744597176069 2.1565473079681396 350
1744597184196 1.8160542249679565 360
1744597192420 2.764730453491211 370
1744597199678 3.4366350173950195 380
1744597217480 2.449270725250244 390
1744597225628 2.03472900390625 400
1744597234151 2.7347488403320312 410
1744597250491 2.819985866546631 420
1744597258558 2.539252281188965 430
1744597266923 2.675698757171631 440
1744597275255 3.324505567550659 450
1744597292108 2.7608513832092285 460
1744597300208 2.518108606338501 470
1744597308559 3.030195474624634 480
1744597316799 1.8589743375778198 490
1744597333510 2.271427869796753 500
1744597341730 2.7249929904937744 510
1744597350052 1.9503087997436523 520
1744597358204 2.3861775398254395 530
1744597374413 3.045524835586548 540
1744597382663 3.249760627746582 550
1744597391074 3.0630648136138916 560
1744597398332 9.653281211853027 570
