1744596817769 4.921052631578947e-05 10
1744596826735 4.8333333333333334e-05 20
1744596834919 4.7456140350877195e-05 30
1744596853487 4.657894736842106e-05 40
1744596862270 4.570175438596491e-05 50
1744596870664 4.4824561403508774e-05 60
1744596878950 4.394736842105263e-05 70
1744596895713 4.30701754385965e-05 80
1744596904049 4.219298245614035e-05 90
1744596912421 4.1315789473684214e-05 100
1744596920485 4.043859649122807e-05 110
1744596936888 3.956140350877193e-05 120
1744596945329 3.868421052631579e-05 130
1744596953374 3.7807017543859654e-05 140
1744596961685 3.692982456140351e-05 150
1744596978034 3.605263157894737e-05 160
1744596986404 3.5175438596491226e-05 170
1744596994746 3.429824561403509e-05 180
1744597002238 3.342105263157895e-05 190
1744597019575 3.254385964912281e-05 200
1744597027897 3.1666666666666666e-05 210
1744597035971 3.078947368421053e-05 220
1744597052260 2.9912280701754386e-05 230
1744597060484 2.9035087719298248e-05 240
1744597068547 2.8157894736842106e-05 250
1744597076873 2.7280701754385968e-05 260
1744597093458 2.6403508771929823e-05 270
1744597101800 2.5526315789473688e-05 280
1744597109855 2.4649122807017543e-05 290
1744597118485 2.3771929824561405e-05 300
1744597134816 2.2894736842105263e-05 310
1744597143004 2.201754385964912e-05 320
1744597151265 2.1140350877192983e-05 330
1744597159528 2.0263157894736842e-05 340
1744597176069 1.9385964912280704e-05 350
1744597184196 1.8508771929824562e-05 360
1744597192420 1.763157894736842e-05 370
1744597199678 1.6754385964912282e-05 380
1744597217480 1.587719298245614e-05 390
1744597225628 1.5e-05 400
1744597234151 1.412280701754386e-05 410
1744597250491 1.3245614035087719e-05 420
1744597258558 1.2368421052631579e-05 430
1744597266923 1.1491228070175439e-05 440
1744597275255 1.0614035087719299e-05 450
1744597292108 9.736842105263157e-06 460
1744597300208 8.859649122807017e-06 470
1744597308559 7.982456140350877e-06 480
1744597316799 7.1052631578947375e-06 490
1744597333510 6.228070175438597e-06 500
1744597341730 5.350877192982457e-06 510
1744597350052 4.473684210526316e-06 520
1744597358204 3.5964912280701756e-06 530
1744597374413 2.719298245614035e-06 540
1744597382663 1.8421052631578946e-06 550
1744597391074 9.649122807017545e-07 560
1744597398332 8.771929824561404e-08 570
