1744596817769 2.6466 10
1744596826735 2.5035 20
1744596834919 2.3563 30
1744596853487 2.2632 40
1744596862270 2.115 50
1744596870664 1.9862 60
1744596878950 1.8705 70
1744596895713 1.7484 80
1744596904049 1.6893 90
1744596912421 1.5776 100
1744596920485 1.543 110
1744596936888 1.3964 120
1744596945329 1.387 130
1744596953374 1.3242 140
1744596961685 1.293 150
1744596978034 1.1964 160
1744596986404 1.1804 170
1744596994746 1.1378 180
1744597002238 1.1039 190
1744597019575 1.055 200
1744597027897 0.9957 210
1744597035971 1.0031 220
1744597052260 0.9664 230
1744597060484 0.9238 240
1744597068547 0.9074 250
1744597076873 0.8571 260
1744597093458 0.8386 270
1744597101800 0.8531 280
1744597109855 0.8111 290
1744597118485 0.875 300
1744597134816 0.819 310
1744597143004 0.7842 320
1744597151265 0.7091 330
1744597159528 0.7619 340
1744597176069 0.7234 350
1744597184196 0.7258 360
1744597192420 0.7169 370
1744597199678 0.72 380
1744597217480 0.6317 390
1744597225628 0.6632 400
1744597234151 0.697 410
1744597250491 0.6851 420
1744597258558 0.6965 430
1744597266923 0.6315 440
1744597275255 0.6332 450
1744597292108 0.632 460
1744597300208 0.6299 470
1744597308559 0.6193 480
1744597316799 0.63 490
1744597333510 0.6515 500
1744597341730 0.5989 510
1744597350052 0.6249 520
1744597358204 0.624 530
1744597374413 0.5815 540
1744597382663 0.6265 550
1744597391074 0.5993 560
1744597398332 0.6716 570
