1744572955902 0.2631578947368421 10
1744572964405 0.5263157894736842 20
1744572973146 0.7894736842105263 30
1744572988191 1.0 38
1744572991766 1.0526315789473684 40
1744573000115 1.3157894736842106 50
1744573008482 1.5789473684210527 60
1744573016672 1.8421052631578947 70
1744573028213 2.0 76
1744573033579 2.1052631578947367 80
1744573042490 2.3684210526315788 90
1744573051209 2.6315789473684212 100
1744573059374 2.8947368421052633 110
1744573068826 3.0 114
1744573075717 3.1578947368421053 120
1744573084110 3.4210526315789473 130
1744573092286 3.6842105263157894 140
1744573100724 3.9473684210526314 150
1744573108470 4.0 152
1744573117162 4.2105263157894735 160
1744573125686 4.473684210526316 170
1744573133804 4.7368421052631575 180
1744573141250 5.0 190
1744573148007 5.0 190
1744573158377 5.2631578947368425 200
1744573166623 5.526315789473684 210
1744573174710 5.7894736842105265 220
1744573187536 6.0 228
1744573191215 6.052631578947368 230
1744573199488 6.315789473684211 240
1744573207591 6.578947368421053 250
1744573215821 6.842105263157895 260
1744573226636 7.0 266
1744573231934 7.105263157894737 270
1744573240257 7.368421052631579 280
1744573248323 7.631578947368421 290
1744573256694 7.894736842105263 300
1744573266633 8.0 304
1744573273712 8.157894736842104 310
1744573282013 8.421052631578947 320
1744573290147 8.68421052631579 330
1744573298369 8.947368421052632 340
1744573306382 9.0 342
1744573315072 9.210526315789474 350
1744573323284 9.473684210526315 360
1744573331565 9.736842105263158 370
1744573339100 10.0 380
1744573345961 10.0 380
1744573356435 10.263157894736842 390
1744573364532 10.526315789473685 400
1744573372938 10.789473684210526 410
1744573386195 11.0 418
1744573389994 11.052631578947368 420
1744573398427 11.31578947368421 430
1744573406569 11.578947368421053 440
1744573415140 11.842105263157894 450
1744573426099 12.0 456
1744573431531 12.105263157894736 460
1744573439878 12.368421052631579 470
1744573448263 12.631578947368421 480
1744573456577 12.894736842105264 490
1744573465720 13.0 494
1744573472764 13.157894736842104 500
1744573480906 13.421052631578947 510
1744573489423 13.68421052631579 520
1744573497718 13.947368421052632 530
1744573505443 14.0 532
1744573514093 14.210526315789474 540
1744573522539 14.473684210526315 550
1744573530957 14.736842105263158 560
1744573538231 15.0 570
1744573545219 15.0 570
1744573555368 15.263157894736842 580
1744573563591 15.526315789473685 590
1744573571936 15.789473684210526 600
1744573584656 16.0 608
1744573588315 16.05263157894737 610
1744573596385 16.31578947368421 620
1744573604687 16.57894736842105 630
1744573612990 16.842105263157894 640
1744573624016 17.0 646
1744573629476 17.105263157894736 650
1744573637569 17.36842105263158 660
1744573646044 17.63157894736842 670
1744573654178 17.894736842105264 680
1744573663402 18.0 684
1744573670449 18.157894736842106 690
1744573678468 18.42105263157895 700
1744573686802 18.68421052631579 710
1744573694905 18.94736842105263 720
1744573703082 19.0 722
1744573711934 19.210526315789473 730
1744573720548 19.473684210526315 740
1744573729119 19.736842105263158 750
1744573736313 20.0 760
1744573743268 20.0 760
1744573745004 20.0 760
1744573745566 20.0 0
1744573752348 20.0 760
