1744572955902 0.9646403193473816 10
1744572964405 0.9760281443595886 20
1744572973146 0.9634330868721008 30
1744572991766 1.0229058265686035 40
1744573000115 1.008455753326416 50
1744573008482 1.1068084239959717 60
1744573016672 1.0670385360717773 70
1744573033579 1.0201419591903687 80
1744573042490 1.207716941833496 90
1744573051209 1.0759357213974 100
1744573059374 1.2081735134124756 110
1744573075717 1.2143501043319702 120
1744573084110 1.1272433996200562 130
1744573092286 1.2472225427627563 140
1744573100724 1.274601936340332 150
1744573117162 1.282708764076233 160
1744573125686 1.175536870956421 170
1744573133804 1.2738133668899536 180
1744573141250 3.9823856353759766 190
1744573158377 1.2789041996002197 200
1744573166623 1.2578381299972534 210
1744573174710 1.2490787506103516 220
1744573191215 1.3521610498428345 230
1744573199488 1.2503702640533447 240
1744573207591 1.5020800828933716 250
1744573215821 1.386971116065979 260
1744573231934 1.4204456806182861 270
1744573240257 1.2778315544128418 280
1744573248323 1.4253536462783813 290
1744573256694 1.328736424446106 300
1744573273712 1.2948601245880127 310
1744573282013 1.4319392442703247 320
1744573290147 1.4684170484542847 330
1744573298369 1.3653336763381958 340
1744573315072 1.384305715560913 350
1744573323284 1.289762020111084 360
1744573331565 1.6371142864227295 370
1744573339100 4.008986473083496 380
1744573356435 1.554620385169983 390
1744573364532 1.443472981452942 400
1744573372938 1.4147546291351318 410
1744573389994 1.5476224422454834 420
1744573398427 1.58749258518219 430
1744573406569 1.602376937866211 440
1744573415140 1.4484961032867432 450
1744573431531 1.3958914279937744 460
1744573439878 1.560294508934021 470
1744573448263 1.5241031646728516 480
1744573456577 1.4161876440048218 490
1744573472764 1.3777683973312378 500
1744573480906 1.7660046815872192 510
1744573489423 1.63956880569458 520
1744573497718 1.712622880935669 530
1744573514093 1.653499722480774 540
1744573522539 1.558519959449768 550
1744573530957 1.5766761302947998 560
1744573538231 5.670852184295654 570
1744573555368 1.5458003282546997 580
1744573563591 1.9934184551239014 590
1744573571936 1.5952155590057373 600
1744573588315 1.7514550685882568 610
1744573596385 1.7311536073684692 620
1744573604687 1.4688348770141602 630
1744573612990 1.5787826776504517 640
1744573629476 1.4869482517242432 650
1744573637569 1.5698919296264648 660
1744573646044 1.7811686992645264 670
1744573654178 1.7495687007904053 680
1744573670449 1.5627952814102173 690
1744573678468 1.5137906074523926 700
1744573686802 1.7121796607971191 710
1744573694905 1.4451282024383545 720
1744573711934 1.5280250310897827 730
1744573720548 1.5033574104309082 740
1744573729119 1.7551676034927368 750
1744573736313 3.5933609008789062 760
