1744572955902 9.881578947368422e-06 10
1744572964405 9.75e-06 20
1744572973146 9.61842105263158e-06 30
1744572991766 9.486842105263158e-06 40
1744573000115 9.355263157894738e-06 50
1744573008482 9.223684210526316e-06 60
1744573016672 9.092105263157896e-06 70
1744573033579 8.960526315789474e-06 80
1744573042490 8.828947368421054e-06 90
1744573051209 8.697368421052633e-06 100
1744573059374 8.565789473684213e-06 110
1744573075717 8.43421052631579e-06 120
1744573084110 8.302631578947369e-06 130
1744573092286 8.171052631578949e-06 140
1744573100724 8.039473684210527e-06 150
1744573117162 7.907894736842105e-06 160
1744573125686 7.776315789473685e-06 170
1744573133804 7.644736842105264e-06 180
1744573141250 7.513157894736842e-06 190
1744573158377 7.381578947368422e-06 200
1744573166623 7.25e-06 210
1744573174710 7.11842105263158e-06 220
1744573191215 6.986842105263158e-06 230
1744573199488 6.855263157894737e-06 240
1744573207591 6.723684210526316e-06 250
1744573215821 6.5921052631578955e-06 260
1744573231934 6.460526315789474e-06 270
1744573240257 6.328947368421054e-06 280
1744573248323 6.197368421052632e-06 290
1744573256694 6.065789473684212e-06 300
1744573273712 5.93421052631579e-06 310
1744573282013 5.802631578947368e-06 320
1744573290147 5.671052631578948e-06 330
1744573298369 5.5394736842105266e-06 340
1744573315072 5.407894736842106e-06 350
1744573323284 5.276315789473685e-06 360
1744573331565 5.144736842105264e-06 370
1744573339100 5.013157894736842e-06 380
1744573356435 4.881578947368422e-06 390
1744573364532 4.75e-06 400
1744573372938 4.618421052631579e-06 410
1744573389994 4.4868421052631584e-06 420
1744573398427 4.3552631578947375e-06 430
1744573406569 4.223684210526316e-06 440
1744573415140 4.092105263157895e-06 450
1744573431531 3.960526315789474e-06 460
1744573439878 3.828947368421053e-06 470
1744573448263 3.6973684210526317e-06 480
1744573456577 3.565789473684211e-06 490
1744573472764 3.43421052631579e-06 500
1744573480906 3.302631578947369e-06 510
1744573489423 3.1710526315789477e-06 520
1744573497718 3.0394736842105268e-06 530
1744573514093 2.907894736842106e-06 540
1744573522539 2.776315789473684e-06 550
1744573530957 2.644736842105263e-06 560
1744573538231 2.5131578947368423e-06 570
1744573555368 2.381578947368421e-06 580
1744573563591 2.25e-06 590
1744573571936 2.118421052631579e-06 600
1744573588315 1.9868421052631582e-06 610
1744573596385 1.855263157894737e-06 620
1744573604687 1.723684210526316e-06 630
1744573612990 1.5921052631578949e-06 640
1744573629476 1.460526315789474e-06 650
1744573637569 1.3289473684210526e-06 660
1744573646044 1.1973684210526317e-06 670
1744573654178 1.0657894736842106e-06 680
1744573670449 9.342105263157895e-07 690
1744573678468 8.026315789473685e-07 700
1744573686802 6.710526315789475e-07 710
1744573694905 5.394736842105264e-07 720
1744573711934 4.078947368421053e-07 730
1744573720548 2.763157894736842e-07 740
1744573729119 1.4473684210526316e-07 750
1744573736313 1.3157894736842106e-08 760
