1744572955902 2.6933 10
1744572964405 2.6612 20
1744572973146 2.631 30
1744572991766 2.6126 40
1744573000115 2.5735 50
1744573008482 2.5346 60
1744573016672 2.5013 70
1744573033579 2.4715 80
1744573042490 2.44 90
1744573051209 2.4026 100
1744573059374 2.388 110
1744573075717 2.3153 120
1744573084110 2.3078 130
1744573092286 2.2841 140
1744573100724 2.2709 150
1744573117162 2.2243 160
1744573125686 2.1995 170
1744573133804 2.1831 180
1744573141250 2.1473 190
1744573158377 2.108 200
1744573166623 2.1028 210
1744573174710 2.0725 220
1744573191215 2.0441 230
1744573199488 2.0302 240
1744573207591 2.0194 250
1744573215821 1.991 260
1744573231934 1.9448 270
1744573240257 1.9526 280
1744573248323 1.9263 290
1744573256694 1.9378 300
1744573273712 1.9175 310
1744573282013 1.8616 320
1744573290147 1.8265 330
1744573298369 1.8623 340
1744573315072 1.8357 350
1744573323284 1.8157 360
1744573331565 1.8025 370
1744573339100 1.7923 380
1744573356435 1.7137 390
1744573364532 1.7556 400
1744573372938 1.7891 410
1744573389994 1.7431 420
1744573398427 1.7419 430
1744573406569 1.716 440
1744573415140 1.6692 450
1744573431531 1.7181 460
1744573439878 1.6883 470
1744573448263 1.6675 480
1744573456577 1.6725 490
1744573472764 1.6988 500
1744573480906 1.6475 510
1744573489423 1.6614 520
1744573497718 1.623 530
1744573514093 1.6017 540
1744573522539 1.6248 550
1744573530957 1.6404 560
1744573538231 1.66 570
1744573555368 1.5748 580
1744573563591 1.5676 590
1744573571936 1.5944 600
1744573588315 1.6297 610
1744573596385 1.5405 620
1744573604687 1.576 630
1744573612990 1.6114 640
1744573629476 1.6029 650
1744573637569 1.5668 660
1744573646044 1.5658 670
1744573654178 1.5705 680
1744573670449 1.5371 690
1744573678468 1.5854 700
1744573686802 1.5313 710
1744573694905 1.5523 720
1744573711934 1.5585 730
1744573720548 1.5794 740
1744573729119 1.5405 750
1744573736313 1.5117 760
