1744903935129 0.023148148148148147 10
1744903945861 0.046296296296296294 20
1744903956091 0.06944444444444445 30
1744903966767 0.09259259259259259 40
1744903976937 0.11574074074074074 50
1744903987879 0.1388888888888889 60
1744903998900 0.16203703703703703 70
1744904009792 0.18518518518518517 80
1744904020370 0.20833333333333334 90
1744904030623 0.23148148148148148 100
1744904041119 0.25462962962962965 110
1744904051555 0.2777777777777778 120
1744904061726 0.30092592592592593 130
1744904072557 0.32407407407407407 140
1744904082825 0.3472222222222222 150
1744904093148 0.37037037037037035 160
1744904103385 0.39351851851851855 170
1744904114010 0.4166666666666667 180
1744904124455 0.4398148148148148 190
1744904134717 0.46296296296296297 200
1744904145028 0.4861111111111111 210
1744904155150 0.5092592592592593 220
1744904165635 0.5324074074074074 230
1744904175890 0.5555555555555556 240
1744904186319 0.5787037037037037 250
1744904196775 0.6018518518518519 260
1744904207400 0.625 270
1744904218056 0.6481481481481481 280
1744904228482 0.6712962962962963 290
1744904239005 0.6944444444444444 300
1744904249395 0.7175925925925926 310
1744904259521 0.7407407407407407 320
1744904269847 0.7638888888888888 330
1744904280067 0.7870370370370371 340
1744904290624 0.8101851851851852 350
1744904301251 0.8333333333333334 360
1744904311628 0.8564814814814815 370
1744904322172 0.8796296296296297 380
1744904332265 0.9027777777777778 390
1744904342736 0.9259259259259259 400
1744904353010 0.9490740740740741 410
1744904363288 0.9722222222222222 420
1744904373933 0.9953703703703703 430
1744904398971 1.0 432
1744904409443 1.0185185185185186 440
1744904419723 1.0416666666666667 450
1744904430260 1.0648148148148149 460
1744904440606 1.087962962962963 470
1744904451138 1.1111111111111112 480
1744904461544 1.1342592592592593 490
1744904471569 1.1574074074074074 500
1744904482146 1.1805555555555556 510
1744904492366 1.2037037037037037 520
1744904502774 1.2268518518518519 530
1744904513068 1.25 540
1744904523466 1.2731481481481481 550
1744904533896 1.2962962962962963 560
1744904543999 1.3194444444444444 570
1744904554411 1.3425925925925926 580
1744904565064 1.3657407407407407 590
1744904575718 1.3888888888888888 600
1744904586040 1.412037037037037 610
1744904596189 1.4351851851851851 620
1744904606864 1.4583333333333333 630
1744904617110 1.4814814814814814 640
1744904627271 1.5046296296296298 650
1744904637513 1.5277777777777777 660
1744904647686 1.550925925925926 670
1744904658095 1.574074074074074 680
1744904668330 1.5972222222222223 690
1744904678775 1.6203703703703702 700
1744904689040 1.6435185185185186 710
1744904699446 1.6666666666666665 720
1744904709889 1.6898148148148149 730
1744904719915 1.7129629629629628 740
1744904730185 1.7361111111111112 750
1744904740588 1.7592592592592593 760
1744904750955 1.7824074074074074 770
1744904761021 1.8055555555555556 780
1744904771252 1.8287037037037037 790
1744904781505 1.8518518518518519 800
1744904791686 1.875 810
1744904801917 1.8981481481481481 820
1744904812135 1.9212962962962963 830
1744904822751 1.9444444444444444 840
1744904833019 1.9675925925925926 850
1744904843421 1.9907407407407407 860
1744904870185 2.0 864
1744904878399 2.013888888888889 870
1744904888769 2.037037037037037 880
1744904898836 2.060185185185185 890
1744904909196 2.0833333333333335 900
1744904919281 2.1064814814814814 910
1744904929932 2.1296296296296298 920
1744904940153 2.1527777777777777 930
1744904950380 2.175925925925926 940
1744904960811 2.199074074074074 950
1744904971347 2.2222222222222223 960
1744904981724 2.2453703703703702 970
1744904992171 2.2685185185185186 980
1744905002500 2.2916666666666665 990
1744905013087 2.314814814814815 1000
1744905023430 2.337962962962963 1010
1744905033666 2.361111111111111 1020
1744905043761 2.384259259259259 1030
1744905054105 2.4074074074074074 1040
1744905064609 2.4305555555555554 1050
1744905074676 2.4537037037037037 1060
1744905084953 2.476851851851852 1070
1744905095012 2.5 1080
1744905105553 2.523148148148148 1090
1744905115801 2.5462962962962963 1100
1744905125894 2.5694444444444446 1110
1744905136156 2.5925925925925926 1120
1744905146227 2.6157407407407405 1130
1744905156683 2.638888888888889 1140
1744905167617 2.662037037037037 1150
1744905177987 2.685185185185185 1160
1744905188391 2.7083333333333335 1170
1744905198716 2.7314814814814814 1180
1744905209127 2.7546296296296298 1190
1744905219293 2.7777777777777777 1200
1744905229631 2.800925925925926 1210
1744905239801 2.824074074074074 1220
1744905250038 2.8472222222222223 1230
1744905260130 2.8703703703703702 1240
1744905270239 2.8935185185185186 1250
1744905280456 2.9166666666666665 1260
1744905290961 2.939814814814815 1270
1744905301392 2.962962962962963 1280
1744905311594 2.986111111111111 1290
1744905340080 3.0 1296
1744905346694 3.009259259259259 1300
1744905356861 3.0324074074074074 1310
1744905367423 3.0555555555555554 1320
1744905378207 3.0787037037037037 1330
1744905388490 3.1018518518518516 1340
1744905399017 3.125 1350
1744905409075 3.148148148148148 1360
1744905419882 3.1712962962962963 1370
1744905430132 3.1944444444444446 1380
1744905440566 3.2175925925925926 1390
1744905450650 3.240740740740741 1400
1744905460902 3.263888888888889 1410
1744905471072 3.287037037037037 1420
1744905481250 3.310185185185185 1430
1744905491540 3.3333333333333335 1440
1744905501896 3.3564814814814814 1450
1744905512789 3.3796296296296298 1460
1744905523198 3.4027777777777777 1470
1744905533322 3.425925925925926 1480
1744905543690 3.449074074074074 1490
1744905553838 3.4722222222222223 1500
1744905564248 3.4953703703703702 1510
1744905574342 3.5185185185185186 1520
1744905584540 3.5416666666666665 1530
1744905594832 3.564814814814815 1540
1744905605340 3.587962962962963 1550
1744905615598 3.611111111111111 1560
1744905625786 3.6342592592592595 1570
1744905635944 3.6574074074074074 1580
1744905646288 3.6805555555555554 1590
1744905656356 3.7037037037037037 1600
1744905666622 3.726851851851852 1610
1744905676734 3.75 1620
1744905687176 3.773148148148148 1630
1744905697203 3.7962962962962963 1640
1744905707559 3.8194444444444446 1650
1744905717776 3.8425925925925926 1660
1744905727887 3.8657407407407405 1670
1744905738221 3.888888888888889 1680
1744905748435 3.912037037037037 1690
1744905759135 3.935185185185185 1700
1744905769319 3.9583333333333335 1710
1744905779449 3.9814814814814814 1720
1744905810325 4.0 1728
1744905814689 4.00462962962963 1730
1744905825101 4.027777777777778 1740
1744905835161 4.050925925925926 1750
1744905845508 4.074074074074074 1760
1744905855681 4.097222222222222 1770
1744905866025 4.12037037037037 1780
1744905876262 4.143518518518518 1790
1744905886480 4.166666666666667 1800
1744905896938 4.189814814814815 1810
1744905907128 4.212962962962963 1820
1744905917428 4.236111111111111 1830
1744905927671 4.2592592592592595 1840
1744905937846 4.282407407407407 1850
1744905948436 4.305555555555555 1860
1744905958638 4.328703703703704 1870
1744905969135 4.351851851851852 1880
1744905979310 4.375 1890
1744905989539 4.398148148148148 1900
1744905999826 4.421296296296296 1910
1744906009977 4.444444444444445 1920
1744906020305 4.467592592592593 1930
1744906030540 4.4907407407407405 1940
1744906041394 4.513888888888889 1950
1744906051644 4.537037037037037 1960
1744906061732 4.560185185185185 1970
1744906072091 4.583333333333333 1980
1744906082143 4.606481481481482 1990
1744906092360 4.62962962962963 2000
1744906102604 4.652777777777778 2010
1744906113065 4.675925925925926 2020
1744906123235 4.699074074074074 2030
1744906133272 4.722222222222222 2040
1744906143644 4.74537037037037 2050
1744906153959 4.768518518518518 2060
1744906164769 4.791666666666667 2070
1744906174885 4.814814814814815 2080
1744906185165 4.837962962962963 2090
1744906195508 4.861111111111111 2100
1744906205719 4.8842592592592595 2110
1744906216021 4.907407407407407 2120
1744906226209 4.930555555555555 2130
1744906236384 4.953703703703704 2140
1744906246673 4.976851851851852 2150
1744906256325 5.0 2160
1744906279414 5.0 2160
1744906291699 5.023148148148148 2170
1744906302303 5.046296296296297 2180
1744906312502 5.069444444444445 2190
1744906323042 5.092592592592593 2200
1744906333526 5.1157407407407405 2210
1744906343569 5.138888888888889 2220
1744906353980 5.162037037037037 2230
1744906364084 5.185185185185185 2240
1744906374418 5.208333333333333 2250
1744906384474 5.231481481481482 2260
1744906394687 5.25462962962963 2270
1744906404875 5.277777777777778 2280
1744906415232 5.300925925925926 2290
1744906425834 5.324074074074074 2300
1744906435991 5.347222222222222 2310
1744906446244 5.37037037037037 2320
1744906456328 5.393518518518518 2330
1744906466714 5.416666666666667 2340
1744906476878 5.439814814814815 2350
1744906487144 5.462962962962963 2360
1744906497374 5.486111111111111 2370
1744906507569 5.5092592592592595 2380
1744906517842 5.532407407407407 2390
1744906527999 5.555555555555555 2400
1744906538040 5.578703703703704 2410
1744906548623 5.601851851851852 2420
1744906559106 5.625 2430
1744906569293 5.648148148148148 2440
1744906579681 5.671296296296296 2450
1744906590088 5.694444444444445 2460
1744906600674 5.717592592592593 2470
1744906610779 5.7407407407407405 2480
1744906621171 5.763888888888889 2490
1744906631272 5.787037037037037 2500
1744906641445 5.810185185185185 2510
1744906651578 5.833333333333333 2520
1744906661618 5.856481481481482 2530
1744906671774 5.87962962962963 2540
1744906682084 5.902777777777778 2550
1744906692573 5.925925925925926 2560
1744906703430 5.949074074074074 2570
1744906714441 5.972222222222222 2580
1744906725028 5.99537037037037 2590
1744906749807 6.0 2592
1744906760434 6.018518518518518 2600
1744906770518 6.041666666666667 2610
1744906781265 6.064814814814815 2620
1744906791473 6.087962962962963 2630
1744906802124 6.111111111111111 2640
1744906812407 6.1342592592592595 2650
1744906822924 6.157407407407407 2660
1744906833597 6.180555555555555 2670
1744906843769 6.203703703703703 2680
1744906854330 6.226851851851852 2690
1744906864609 6.25 2700
1744906875044 6.273148148148148 2710
1744906885295 6.296296296296296 2720
1744906895431 6.319444444444445 2730
1744906906005 6.342592592592593 2740
1744906916007 6.3657407407407405 2750
1744906926341 6.388888888888889 2760
1744906936586 6.412037037037037 2770
1744906946747 6.435185185185185 2780
1744906957000 6.458333333333333 2790
1744906967339 6.481481481481482 2800
1744906977616 6.50462962962963 2810
1744906987795 6.527777777777778 2820
1744906998096 6.550925925925926 2830
1744907008329 6.574074074074074 2840
1744907018776 6.597222222222222 2850
1744907029247 6.62037037037037 2860
1744907039291 6.643518518518518 2870
1744907049708 6.666666666666667 2880
1744907059881 6.689814814814815 2890
1744907070153 6.712962962962963 2900
1744907080709 6.736111111111111 2910
1744907091035 6.7592592592592595 2920
1744907101584 6.782407407407407 2930
1744907111976 6.805555555555555 2940
1744907122489 6.828703703703704 2950
1744907132886 6.851851851851852 2960
1744907143123 6.875 2970
1744907153317 6.898148148148148 2980
1744907163413 6.921296296296296 2990
1744907173772 6.944444444444445 3000
1744907184318 6.967592592592593 3010
1744907194402 6.9907407407407405 3020
1744907221208 7.0 3024
1744907229650 7.013888888888889 3030
1744907239928 7.037037037037037 3040
1744907250089 7.060185185185185 3050
1744907260314 7.083333333333333 3060
1744907270441 7.106481481481482 3070
1744907280602 7.12962962962963 3080
1744907290893 7.152777777777778 3090
1744907301161 7.175925925925926 3100
1744907311481 7.199074074074074 3110
1744907321725 7.222222222222222 3120
1744907332161 7.24537037037037 3130
1744907342499 7.268518518518518 3140
1744907352585 7.291666666666667 3150
1744907362873 7.314814814814815 3160
1744907372895 7.337962962962963 3170
1744907383061 7.361111111111111 3180
1744907393259 7.3842592592592595 3190
1744907403497 7.407407407407407 3200
1744907413765 7.430555555555555 3210
1744907423887 7.453703703703704 3220
1744907434063 7.476851851851852 3230
1744907444127 7.5 3240
1744907454339 7.523148148148148 3250
1744907464576 7.546296296296296 3260
1744907474795 7.569444444444445 3270
1744907485285 7.592592592592593 3280
1744907495316 7.6157407407407405 3290
1744907505591 7.638888888888889 3300
1744907515956 7.662037037037037 3310
1744907526103 7.685185185185185 3320
1744907536271 7.708333333333333 3330
1744907546305 7.731481481481482 3340
1744907556481 7.75462962962963 3350
1744907566551 7.777777777777778 3360
1744907576871 7.800925925925926 3370
1744907587256 7.824074074074074 3380
1744907597595 7.847222222222222 3390
1744907607916 7.87037037037037 3400
1744907618096 7.893518518518518 3410
1744907628330 7.916666666666667 3420
1744907638371 7.939814814814815 3430
1744907648904 7.962962962962963 3440
1744907659234 7.986111111111111 3450
1744907687950 8.0 3456
1744907694488 8.00925925925926 3460
1744907704555 8.032407407407407 3470
1744907714746 8.055555555555555 3480
1744907724788 8.078703703703704 3490
1744907735242 8.101851851851851 3500
1744907745444 8.125 3510
1744907755717 8.148148148148149 3520
1744907765955 8.171296296296296 3530
1744907776144 8.194444444444445 3540
1744907786366 8.217592592592593 3550
1744907796631 8.24074074074074 3560
1744907806828 8.26388888888889 3570
1744907817304 8.287037037037036 3580
1744907827525 8.310185185185185 3590
1744907837731 8.333333333333334 3600
1744907847880 8.356481481481481 3610
1744907858056 8.37962962962963 3620
1744907868222 8.402777777777779 3630
1744907878423 8.425925925925926 3640
1744907888754 8.449074074074074 3650
1744907898938 8.472222222222221 3660
1744907909583 8.49537037037037 3670
1744907919611 8.518518518518519 3680
1744907929840 8.541666666666666 3690
1744907940072 8.564814814814815 3700
1744907950093 8.587962962962964 3710
1744907960428 8.61111111111111 3720
1744907970743 8.63425925925926 3730
1744907981010 8.657407407407408 3740
1744907991108 8.680555555555555 3750
1744908001363 8.703703703703704 3760
1744908011555 8.726851851851851 3770
1744908021840 8.75 3780
1744908032142 8.773148148148149 3790
1744908042176 8.796296296296296 3800
1744908052364 8.819444444444445 3810
1744908062678 8.842592592592592 3820
1744908072967 8.86574074074074 3830
1744908083781 8.88888888888889 3840
1744908094076 8.912037037037036 3850
1744908105063 8.935185185185185 3860
1744908115783 8.958333333333334 3870
1744908125980 8.981481481481481 3880
1744908156402 9.0 3888
1744908160724 9.00462962962963 3890
1744908171605 9.027777777777779 3900
1744908181795 9.050925925925926 3910
1744908191996 9.074074074074074 3920
1744908202340 9.097222222222221 3930
1744908212565 9.12037037037037 3940
1744908222758 9.143518518518519 3950
1744908233100 9.166666666666666 3960
1744908243523 9.189814814814815 3970
1744908253717 9.212962962962964 3980
1744908264182 9.23611111111111 3990
1744908274599 9.25925925925926 4000
1744908284915 9.282407407407407 4010
1744908295252 9.305555555555555 4020
1744908305467 9.328703703703704 4030
1744908315665 9.351851851851851 4040
1744908325898 9.375 4050
1744908336236 9.398148148148149 4060
1744908346409 9.421296296296296 4070
1744908357023 9.444444444444445 4080
1744908367576 9.467592592592593 4090
1744908377993 9.49074074074074 4100
1744908388358 9.51388888888889 4110
1744908398597 9.537037037037036 4120
1744908408839 9.560185185185185 4130
1744908419152 9.583333333333334 4140
1744908429408 9.606481481481481 4150
1744908439691 9.62962962962963 4160
1744908449860 9.652777777777779 4170
1744908460544 9.675925925925926 4180
1744908470878 9.699074074074074 4190
1744908481393 9.722222222222221 4200
1744908491683 9.74537037037037 4210
1744908501811 9.768518518518519 4220
1744908512202 9.791666666666666 4230
1744908522232 9.814814814814815 4240
1744908532751 9.837962962962964 4250
1744908542812 9.86111111111111 4260
1744908553199 9.88425925925926 4270
1744908563705 9.907407407407408 4280
1744908574039 9.930555555555555 4290
1744908584397 9.953703703703704 4300
1744908594693 9.976851851851851 4310
1744908604404 10.0 4320
1744908627367 10.0 4320
1744908639978 10.023148148148149 4330
1744908650359 10.046296296296296 4340
1744908660477 10.069444444444445 4350
1744908670870 10.092592592592593 4360
1744908681077 10.11574074074074 4370
1744908691428 10.13888888888889 4380
1744908701864 10.162037037037036 4390
1744908712241 10.185185185185185 4400
1744908722577 10.208333333333334 4410
1744908732772 10.231481481481481 4420
1744908743258 10.25462962962963 4430
1744908753308 10.277777777777779 4440
1744908763514 10.300925925925926 4450
1744908773916 10.324074074074074 4460
1744908783968 10.347222222222221 4470
1744908794248 10.37037037037037 4480
1744908804396 10.393518518518519 4490
1744908814721 10.416666666666666 4500
1744908825257 10.439814814814815 4510
1744908835335 10.462962962962964 4520
1744908845779 10.48611111111111 4530
1744908855856 10.50925925925926 4540
1744908866174 10.532407407407408 4550
1744908876547 10.555555555555555 4560
1744908886971 10.578703703703704 4570
1744908897260 10.601851851851851 4580
1744908907510 10.625 4590
1744908917796 10.648148148148149 4600
1744908928123 10.671296296296296 4610
1744908938531 10.694444444444445 4620
1744908948753 10.717592592592592 4630
1744908958984 10.74074074074074 4640
1744908969410 10.76388888888889 4650
1744908979575 10.787037037037036 4660
1744908989760 10.810185185185185 4670
1744908999824 10.833333333333334 4680
1744909010139 10.856481481481481 4690
1744909020663 10.87962962962963 4700
1744909030820 10.902777777777779 4710
1744909041121 10.925925925925926 4720
1744909051250 10.949074074074074 4730
1744909061524 10.972222222222221 4740
1744909071669 10.99537037037037 4750
1744909096605 11.0 4752
1744909107260 11.018518518518519 4760
1744909117959 11.041666666666666 4770
1744909128366 11.064814814814815 4780
1744909138558 11.087962962962964 4790
1744909148870 11.11111111111111 4800
1744909159107 11.13425925925926 4810
1744909169374 11.157407407407407 4820
1744909179689 11.180555555555555 4830
1744909189746 11.203703703703704 4840
1744909199904 11.226851851851851 4850
1744909209947 11.25 4860
1744909220120 11.273148148148149 4870
1744909230177 11.296296296296296 4880
1744909240335 11.319444444444445 4890
1744909250688 11.342592592592593 4900
1744909260894 11.36574074074074 4910
1744909271211 11.38888888888889 4920
1744909281242 11.412037037037036 4930
1744909291412 11.435185185185185 4940
1744909301619 11.458333333333334 4950
1744909311709 11.481481481481481 4960
1744909321896 11.50462962962963 4970
1744909331992 11.527777777777779 4980
1744909342283 11.550925925925926 4990
1744909352454 11.574074074074074 5000
1744909362771 11.597222222222221 5010
1744909373307 11.62037037037037 5020
1744909383447 11.643518518518519 5030
1744909393761 11.666666666666666 5040
1744909404061 11.689814814814815 5050
1744909414347 11.712962962962964 5060
1744909424486 11.73611111111111 5070
1744909435149 11.75925925925926 5080
1744909445604 11.782407407407408 5090
1744909456127 11.805555555555555 5100
1744909466590 11.828703703703704 5110
1744909477027 11.851851851851851 5120
1744909487220 11.875 5130
1744909497443 11.898148148148149 5140
1744909507580 11.921296296296296 5150
1744909517842 11.944444444444445 5160
1744909527930 11.967592592592592 5170
1744909538663 11.99074074074074 5180
1744909565572 12.0 5184
1744909574039 12.01388888888889 5190
1744909584151 12.037037037037036 5200
1744909594391 12.060185185185185 5210
1744909604809 12.083333333333334 5220
1744909614900 12.106481481481481 5230
1744909625210 12.12962962962963 5240
1744909635630 12.152777777777779 5250
1744909645814 12.175925925925926 5260
1744909656061 12.199074074074074 5270
1744909666191 12.222222222222221 5280
1744909676411 12.24537037037037 5290
1744909686909 12.268518518518519 5300
1744909697398 12.291666666666666 5310
1744909707528 12.314814814814815 5320
1744909717794 12.337962962962964 5330
1744909727980 12.36111111111111 5340
1744909738230 12.38425925925926 5350
1744909748536 12.407407407407407 5360
1744909758780 12.430555555555555 5370
1744909769368 12.453703703703704 5380
1744909779436 12.476851851851851 5390
1744909789725 12.5 5400
1744909799999 12.523148148148149 5410
1744909810297 12.546296296296296 5420
1744909820735 12.569444444444445 5430
1744909830771 12.592592592592592 5440
1744909841111 12.61574074074074 5450
1744909851488 12.63888888888889 5460
1744909861670 12.662037037037036 5470
1744909871934 12.685185185185185 5480
1744909882557 12.708333333333334 5490
1744909892717 12.731481481481481 5500
1744909902831 12.75462962962963 5510
1744909913039 12.777777777777779 5520
1744909923549 12.800925925925926 5530
1744909934094 12.824074074074074 5540
1744909944252 12.847222222222221 5550
1744909954283 12.87037037037037 5560
1744909964538 12.893518518518519 5570
1744909975033 12.916666666666666 5580
1744909985243 12.939814814814815 5590
1744909995626 12.962962962962964 5600
1744910005786 12.98611111111111 5610
1744910034357 13.0 5616
1744910040711 13.00925925925926 5620
1744910051054 13.032407407407407 5630
1744910061092 13.055555555555555 5640
1744910071256 13.078703703703704 5650
1744910081413 13.101851851851851 5660
1744910091637 13.125 5670
1744910101890 13.148148148148149 5680
1744910111964 13.171296296296296 5690
1744910122133 13.194444444444445 5700
1744910132798 13.217592592592593 5710
1744910142968 13.24074074074074 5720
1744910153644 13.26388888888889 5730
1744910163737 13.287037037037036 5740
1744910174228 13.310185185185185 5750
1744910184573 13.333333333333334 5760
1744910194748 13.356481481481481 5770
1744910205033 13.37962962962963 5780
1744910215201 13.402777777777779 5790
1744910225542 13.425925925925926 5800
1744910235654 13.449074074074074 5810
1744910245895 13.472222222222221 5820
1744910256456 13.49537037037037 5830
1744910266810 13.518518518518519 5840
1744910277122 13.541666666666666 5850
1744910287186 13.564814814814815 5860
1744910297378 13.587962962962964 5870
1744910307488 13.61111111111111 5880
1744910317804 13.63425925925926 5890
1744910327981 13.657407407407408 5900
1744910338044 13.680555555555555 5910
1744910348233 13.703703703703704 5920
1744910358384 13.726851851851851 5930
1744910368654 13.75 5940
1744910378804 13.773148148148149 5950
1744910389050 13.796296296296296 5960
1744910399187 13.819444444444445 5970
1744910409474 13.842592592592592 5980
1744910419684 13.86574074074074 5990
1744910429809 13.88888888888889 6000
1744910440192 13.912037037037036 6010
1744910450352 13.935185185185185 6020
1744910460439 13.958333333333334 6030
1744910470777 13.981481481481481 6040
1744910501422 14.0 6048
1744910505783 14.00462962962963 6050
1744910516036 14.027777777777779 6060
1744910526262 14.050925925925926 6070
1744910536461 14.074074074074074 6080
1744910546759 14.097222222222221 6090
1744910557267 14.12037037037037 6100
1744910567352 14.143518518518519 6110
1744910577976 14.166666666666666 6120
1744910588445 14.189814814814815 6130
1744910598674 14.212962962962964 6140
1744910608906 14.23611111111111 6150
1744910618974 14.25925925925926 6160
1744910629025 14.282407407407407 6170
1744910639101 14.305555555555555 6180
1744910649455 14.328703703703704 6190
1744910659748 14.351851851851851 6200
1744910669956 14.375 6210
1744910680163 14.398148148148149 6220
1744910690529 14.421296296296296 6230
1744910701133 14.444444444444445 6240
1744910711307 14.467592592592593 6250
1744910721897 14.49074074074074 6260
1744910732279 14.51388888888889 6270
1744910742602 14.537037037037036 6280
1744910752802 14.560185185185185 6290
1744910762854 14.583333333333334 6300
1744910773431 14.606481481481481 6310
1744910783717 14.62962962962963 6320
1744910794208 14.652777777777779 6330
1744910804412 14.675925925925926 6340
1744910814588 14.699074074074074 6350
1744910824957 14.722222222222221 6360
1744910835011 14.74537037037037 6370
1744910845304 14.768518518518519 6380
1744910855725 14.791666666666666 6390
1744910865760 14.814814814814815 6400
1744910876070 14.837962962962964 6410
1744910886219 14.86111111111111 6420
1744910896728 14.88425925925926 6430
1744910906793 14.907407407407408 6440
1744910917301 14.930555555555555 6450
1744910928201 14.953703703703704 6460
1744910938576 14.976851851851851 6470
1744910948837 15.0 6480
1744910972007 15.0 6480
1744910984436 15.023148148148149 6490
1744910994649 15.046296296296296 6500
1744911004796 15.069444444444445 6510
1744911014985 15.092592592592593 6520
1744911025460 15.11574074074074 6530
1744911036176 15.13888888888889 6540
1744911046359 15.162037037037036 6550
1744911056834 15.185185185185185 6560
1744911066870 15.208333333333334 6570
1744911077027 15.231481481481481 6580
1744911087169 15.25462962962963 6590
1744911097473 15.277777777777779 6600
1744911107756 15.300925925925926 6610
1744911118208 15.324074074074074 6620
1744911128909 15.347222222222221 6630
1744911139343 15.37037037037037 6640
1744911149952 15.393518518518519 6650
1744911160192 15.416666666666666 6660
1744911170326 15.439814814814815 6670
1744911180658 15.462962962962964 6680
1744911191058 15.48611111111111 6690
1744911201251 15.50925925925926 6700
1744911211500 15.532407407407408 6710
1744911221737 15.555555555555555 6720
1744911232019 15.578703703703704 6730
1744911242408 15.601851851851851 6740
1744911252665 15.625 6750
1744911262861 15.648148148148149 6760
1744911272978 15.671296296296296 6770
1744911283364 15.694444444444445 6780
1744911293518 15.717592592592592 6790
1744911303721 15.74074074074074 6800
1744911313770 15.76388888888889 6810
1744911323963 15.787037037037036 6820
1744911334421 15.810185185185185 6830
1744911344985 15.833333333333334 6840
1744911355368 15.856481481481481 6850
1744911365702 15.87962962962963 6860
1744911376171 15.902777777777779 6870
1744911386605 15.925925925925926 6880
1744911396704 15.949074074074074 6890
1744911406971 15.972222222222221 6900
1744911417030 15.99537037037037 6910
1744911441730 16.0 6912
1744911452240 16.01851851851852 6920
1744911462928 16.041666666666668 6930
1744911472981 16.064814814814813 6940
1744911483724 16.087962962962962 6950
1744911493779 16.11111111111111 6960
1744911504292 16.13425925925926 6970
1744911514692 16.15740740740741 6980
1744911524902 16.180555555555557 6990
1744911535317 16.203703703703702 7000
1744911545394 16.22685185185185 7010
1744911555618 16.25 7020
1744911565834 16.27314814814815 7030
1744911576249 16.296296296296298 7040
1744911586665 16.319444444444443 7050
1744911596898 16.34259259259259 7060
1744911607133 16.36574074074074 7070
1744911617285 16.38888888888889 7080
1744911627452 16.412037037037038 7090
1744911637734 16.435185185185187 7100
1744911647852 16.458333333333332 7110
1744911658434 16.48148148148148 7120
1744911668887 16.50462962962963 7130
1744911679413 16.52777777777778 7140
1744911689572 16.550925925925927 7150
1744911699813 16.574074074074073 7160
1744911710211 16.59722222222222 7170
1744911720541 16.62037037037037 7180
1744911730874 16.64351851851852 7190
1744911741293 16.666666666666668 7200
1744911751616 16.689814814814813 7210
1744911762051 16.712962962962962 7220
1744911772293 16.73611111111111 7230
1744911782625 16.75925925925926 7240
1744911793005 16.78240740740741 7250
1744911803339 16.805555555555557 7260
1744911813490 16.828703703703702 7270
1744911823844 16.85185185185185 7280
1744911834238 16.875 7290
1744911844265 16.89814814814815 7300
1744911854762 16.921296296296298 7310
1744911864842 16.944444444444443 7320
1744911875114 16.96759259259259 7330
1744911885543 16.99074074074074 7340
1744911912488 17.0 7344
1744911920956 17.01388888888889 7350
1744911931022 17.037037037037038 7360
1744911941220 17.060185185185187 7370
1744911951300 17.083333333333332 7380
1744911961672 17.10648148148148 7390
1744911972077 17.12962962962963 7400
1744911982144 17.15277777777778 7410
1744911992473 17.175925925925927 7420
1744912002557 17.199074074074073 7430
1744912013003 17.22222222222222 7440
1744912023189 17.24537037037037 7450
1744912033427 17.26851851851852 7460
1744912043658 17.291666666666668 7470
1744912053741 17.314814814814813 7480
1744912064126 17.337962962962962 7490
1744912074180 17.36111111111111 7500
1744912084447 17.38425925925926 7510
1744912094765 17.40740740740741 7520
1744912105108 17.430555555555557 7530
1744912115301 17.453703703703702 7540
1744912125684 17.47685185185185 7550
1744912136010 17.5 7560
1744912146330 17.52314814814815 7570
1744912156859 17.546296296296298 7580
1744912167145 17.569444444444443 7590
1744912177454 17.59259259259259 7600
1744912187824 17.61574074074074 7610
1744912197894 17.63888888888889 7620
1744912208129 17.662037037037038 7630
1744912218386 17.685185185185187 7640
1744912228811 17.708333333333332 7650
1744912239225 17.73148148148148 7660
1744912249332 17.75462962962963 7670
1744912259500 17.77777777777778 7680
1744912269580 17.800925925925927 7690
1744912279765 17.824074074074073 7700
1744912290158 17.84722222222222 7710
1744912300815 17.87037037037037 7720
1744912311356 17.89351851851852 7730
1744912321521 17.916666666666668 7740
1744912331824 17.939814814814813 7750
1744912342257 17.962962962962962 7760
1744912352934 17.98611111111111 7770
1744912381866 18.0 7776
1744912388091 18.00925925925926 7780
1744912398389 18.03240740740741 7790
1744912408418 18.055555555555557 7800
1744912418942 18.078703703703702 7810
1744912429243 18.10185185185185 7820
1744912439464 18.125 7830
1744912449695 18.14814814814815 7840
1744912459762 18.171296296296298 7850
1744912469944 18.194444444444443 7860
1744912480033 18.21759259259259 7870
1744912490182 18.24074074074074 7880
1744912500218 18.26388888888889 7890
1744912510645 18.287037037037038 7900
1744912521182 18.310185185185187 7910
1744912531362 18.333333333333332 7920
1744912541866 18.35648148148148 7930
1744912552011 18.37962962962963 7940
1744912562489 18.40277777777778 7950
1744912572681 18.425925925925927 7960
1744912583112 18.449074074074073 7970
1744912593873 18.47222222222222 7980
1744912603994 18.49537037037037 7990
1744912614176 18.51851851851852 8000
1744912624192 18.541666666666668 8010
1744912634454 18.564814814814813 8020
1744912644694 18.587962962962962 8030
1744912654789 18.61111111111111 8040
1744912665075 18.63425925925926 8050
1744912675387 18.65740740740741 8060
1744912685677 18.680555555555557 8070
1744912695781 18.703703703703702 8080
1744912705996 18.72685185185185 8090
1744912716225 18.75 8100
1744912726570 18.77314814814815 8110
1744912737313 18.796296296296298 8120
1744912748114 18.819444444444443 8130
1744912758504 18.84259259259259 8140
1744912769237 18.86574074074074 8150
1744912779813 18.88888888888889 8160
1744912790724 18.912037037037038 8170
1744912801059 18.935185185185187 8180
1744912811201 18.958333333333332 8190
1744912821230 18.98148148148148 8200
1744912851774 19.0 8208
1744912856135 19.00462962962963 8210
1744912866345 19.02777777777778 8220
1744912876559 19.050925925925927 8230
1744912887091 19.074074074074073 8240
1744912897382 19.09722222222222 8250
1744912907400 19.12037037037037 8260
1744912917552 19.14351851851852 8270
1744912927788 19.166666666666668 8280
1744912937858 19.189814814814813 8290
1744912947902 19.212962962962962 8300
1744912957946 19.23611111111111 8310
1744912968394 19.25925925925926 8320
1744912978593 19.28240740740741 8330
1744912988753 19.305555555555557 8340
1744912999057 19.328703703703702 8350
1744913009265 19.35185185185185 8360
1744913019612 19.375 8370
1744913029867 19.39814814814815 8380
1744913040079 19.421296296296298 8390
1744913051016 19.444444444444443 8400
1744913061175 19.46759259259259 8410
1744913071601 19.49074074074074 8420
1744913081986 19.51388888888889 8430
1744913092211 19.537037037037038 8440
1744913102513 19.560185185185187 8450
1744913112577 19.583333333333332 8460
1744913122881 19.60648148148148 8470
1744913133112 19.62962962962963 8480
1744913143575 19.65277777777778 8490
1744913153641 19.675925925925927 8500
1744913164052 19.699074074074073 8510
1744913174473 19.72222222222222 8520
1744913184613 19.74537037037037 8530
1744913194901 19.76851851851852 8540
1744913205055 19.791666666666668 8550
1744913215317 19.814814814814813 8560
1744913225617 19.837962962962962 8570
1744913235904 19.86111111111111 8580
1744913246313 19.88425925925926 8590
1744913256481 19.90740740740741 8600
1744913266802 19.930555555555557 8610
1744913276898 19.953703703703702 8620
1744913287469 19.97685185185185 8630
1744913297424 20.0 8640
1744913320431 20.0 8640
1744913333209 20.02314814814815 8650
1744913343538 20.046296296296298 8660
1744913354471 20.069444444444443 8670
1744913365249 20.09259259259259 8680
1744913376013 20.11574074074074 8690
1744913386169 20.13888888888889 8700
1744913396451 20.162037037037038 8710
1744913406964 20.185185185185187 8720
1744913417358 20.208333333333332 8730
1744913427802 20.23148148148148 8740
1744913437969 20.25462962962963 8750
1744913448309 20.27777777777778 8760
1744913458614 20.300925925925927 8770
1744913468698 20.324074074074073 8780
1744913479234 20.34722222222222 8790
1744913489512 20.37037037037037 8800
1744913500057 20.39351851851852 8810
1744913510122 20.416666666666668 8820
1744913520418 20.439814814814813 8830
1744913530801 20.462962962962962 8840
1744913541051 20.48611111111111 8850
1744913551396 20.50925925925926 8860
1744913562134 20.53240740740741 8870
1744913572306 20.555555555555557 8880
1744913582595 20.578703703703702 8890
1744913592735 20.60185185185185 8900
1744913603107 20.625 8910
1744913613248 20.64814814814815 8920
1744913623452 20.671296296296298 8930
1744913633489 20.694444444444443 8940
1744913643847 20.71759259259259 8950
1744913654150 20.74074074074074 8960
1744913664253 20.76388888888889 8970
1744913674892 20.787037037037038 8980
1744913684978 20.810185185185187 8990
1744913695141 20.833333333333332 9000
1744913705300 20.85648148148148 9010
1744913715403 20.87962962962963 9020
1744913725715 20.90277777777778 9030
1744913735934 20.925925925925927 9040
1744913746164 20.949074074074073 9050
1744913756251 20.97222222222222 9060
1744913766745 20.99537037037037 9070
1744913791393 21.0 9072
1744913802008 21.01851851851852 9080
1744913812987 21.041666666666668 9090
1744913823238 21.064814814814813 9100
1744913833636 21.087962962962962 9110
1744913844180 21.11111111111111 9120
1744913854742 21.13425925925926 9130
1744913864982 21.15740740740741 9140
1744913875495 21.180555555555557 9150
1744913885878 21.203703703703702 9160
1744913896080 21.22685185185185 9170
1744913906394 21.25 9180
1744913916585 21.27314814814815 9190
1744913926866 21.296296296296298 9200
1744913937105 21.319444444444443 9210
1744913947148 21.34259259259259 9220
1744913957474 21.36574074074074 9230
1744913967617 21.38888888888889 9240
1744913977914 21.412037037037038 9250
1744913988249 21.435185185185187 9260
1744913998476 21.458333333333332 9270
1744914008755 21.48148148148148 9280
1744914019109 21.50462962962963 9290
1744914029373 21.52777777777778 9300
1744914039823 21.550925925925927 9310
1744914050279 21.574074074074073 9320
1744914060827 21.59722222222222 9330
1744914071273 21.62037037037037 9340
1744914081609 21.64351851851852 9350
1744914092031 21.666666666666668 9360
1744914102460 21.689814814814813 9370
1744914112763 21.712962962962962 9380
1744914122937 21.73611111111111 9390
1744914133264 21.75925925925926 9400
1744914143435 21.78240740740741 9410
1744914153605 21.805555555555557 9420
1744914163833 21.828703703703702 9430
1744914174098 21.85185185185185 9440
1744914184343 21.875 9450
1744914194420 21.89814814814815 9460
1744914204614 21.921296296296298 9470
1744914214901 21.944444444444443 9480
1744914225494 21.96759259259259 9490
1744914236072 21.99074074074074 9500
1744914262414 22.0 9504
1744914270726 22.01388888888889 9510
1744914280864 22.037037037037038 9520
1744914291381 22.060185185185187 9530
1744914301436 22.083333333333332 9540
1744914311766 22.10648148148148 9550
1744914321888 22.12962962962963 9560
1744914332496 22.15277777777778 9570
1744914342923 22.175925925925927 9580
1744914353252 22.199074074074073 9590
1744914363633 22.22222222222222 9600
1744914373963 22.24537037037037 9610
1744914384413 22.26851851851852 9620
1744914394484 22.291666666666668 9630
1744914405070 22.314814814814813 9640
1744914415380 22.337962962962962 9650
1744914425834 22.36111111111111 9660
1744914435996 22.38425925925926 9670
1744914446349 22.40740740740741 9680
1744914456963 22.430555555555557 9690
1744914467679 22.453703703703702 9700
1744914478317 22.47685185185185 9710
1744914488808 22.5 9720
1744914498915 22.52314814814815 9730
1744914509213 22.546296296296298 9740
1744914519580 22.569444444444443 9750
1744914530080 22.59259259259259 9760
1744914540316 22.61574074074074 9770
1744914550481 22.63888888888889 9780
1744914560827 22.662037037037038 9790
1744914570952 22.685185185185187 9800
1744914581151 22.708333333333332 9810
1744914591426 22.73148148148148 9820
1744914601521 22.75462962962963 9830
1744914611749 22.77777777777778 9840
1744914622316 22.800925925925927 9850
1744914632745 22.824074074074073 9860
1744914643325 22.84722222222222 9870
1744914653468 22.87037037037037 9880
1744914663621 22.89351851851852 9890
1744914673669 22.916666666666668 9900
1744914683942 22.939814814814813 9910
1744914694139 22.962962962962962 9920
1744914704624 22.98611111111111 9930
1744914733501 23.0 9936
1744914739682 23.00925925925926 9940
1744914750084 23.03240740740741 9950
1744914760473 23.055555555555557 9960
1744914770971 23.078703703703702 9970
1744914781666 23.10185185185185 9980
1744914792189 23.125 9990
1744914802441 23.14814814814815 10000
1744914812732 23.171296296296298 10010
1744914823121 23.194444444444443 10020
1744914833616 23.21759259259259 10030
1744914843906 23.24074074074074 10040
1744914854033 23.26388888888889 10050
1744914864254 23.287037037037038 10060
1744914874371 23.310185185185187 10070
1744914884745 23.333333333333332 10080
1744914895276 23.35648148148148 10090
1744914905583 23.37962962962963 10100
1744914915806 23.40277777777778 10110
1744914926073 23.425925925925927 10120
1744914936341 23.449074074074073 10130
1744914946950 23.47222222222222 10140
1744914957481 23.49537037037037 10150
1744914967812 23.51851851851852 10160
1744914978003 23.541666666666668 10170
1744914988373 23.564814814814813 10180
1744914998468 23.587962962962962 10190
1744915008772 23.61111111111111 10200
1744915018997 23.63425925925926 10210
1744915029172 23.65740740740741 10220
1744915039408 23.680555555555557 10230
1744915049543 23.703703703703702 10240
1744915060044 23.72685185185185 10250
1744915070264 23.75 10260
1744915080528 23.77314814814815 10270
1744915090702 23.796296296296298 10280
1744915100862 23.819444444444443 10290
1744915111298 23.84259259259259 10300
1744915121950 23.86574074074074 10310
1744915132589 23.88888888888889 10320
1744915143126 23.912037037037038 10330
1744915153210 23.935185185185187 10340
1744915163619 23.958333333333332 10350
1744915173960 23.98148148148148 10360
1744915204650 24.0 10368
1744915208888 24.00462962962963 10370
1744915219242 24.02777777777778 10380
1744915229657 24.050925925925927 10390
1744915239997 24.074074074074073 10400
1744915250337 24.09722222222222 10410
1744915260666 24.12037037037037 10420
1744915271013 24.14351851851852 10430
1744915281111 24.166666666666668 10440
1744915291325 24.189814814814813 10450
1744915301528 24.212962962962962 10460
1744915311588 24.23611111111111 10470
1744915321925 24.25925925925926 10480
1744915332059 24.28240740740741 10490
1744915342097 24.305555555555557 10500
1744915352267 24.328703703703702 10510
1744915362420 24.35185185185185 10520
1744915372589 24.375 10530
1744915382807 24.39814814814815 10540
1744915393243 24.421296296296298 10550
1744915403441 24.444444444444443 10560
1744915413875 24.46759259259259 10570
1744915424217 24.49074074074074 10580
1744915434424 24.51388888888889 10590
1744915444959 24.537037037037038 10600
1744915455052 24.560185185185187 10610
1744915465253 24.583333333333332 10620
1744915475677 24.60648148148148 10630
1744915486200 24.62962962962963 10640
1744915496751 24.65277777777778 10650
1744915506840 24.675925925925927 10660
1744915517171 24.699074074074073 10670
1744915527300 24.72222222222222 10680
1744915537457 24.74537037037037 10690
1744915547741 24.76851851851852 10700
1744915557989 24.791666666666668 10710
1744915568318 24.814814814814813 10720
1744915578441 24.837962962962962 10730
1744915588608 24.86111111111111 10740
1744915598934 24.88425925925926 10750
1744915609019 24.90740740740741 10760
1744915619706 24.930555555555557 10770
1744915629953 24.953703703703702 10780
1744915640380 24.97685185185185 10790
1744915649926 25.0 10800
1744915673273 25.0 10800
1744915685625 25.02314814814815 10810
1744915695885 25.046296296296298 10820
1744915706161 25.069444444444443 10830
1744915716252 25.09259259259259 10840
1744915726721 25.11574074074074 10850
1744915737064 25.13888888888889 10860
1744915747534 25.162037037037038 10870
1744915757729 25.185185185185187 10880
1744915768124 25.208333333333332 10890
1744915778282 25.23148148148148 10900
1744915788369 25.25462962962963 10910
1744915798777 25.27777777777778 10920
1744915808907 25.300925925925927 10930
1744915819268 25.324074074074073 10940
1744915829834 25.34722222222222 10950
1744915840101 25.37037037037037 10960
1744915850793 25.39351851851852 10970
1744915861258 25.416666666666668 10980
1744915871533 25.439814814814813 10990
1744915881964 25.462962962962962 11000
1744915892153 25.48611111111111 11010
1744915902402 25.50925925925926 11020
1744915912679 25.53240740740741 11030
1744915923134 25.555555555555557 11040
1744915933177 25.578703703703702 11050
1744915943749 25.60185185185185 11060
1744915954163 25.625 11070
1744915964393 25.64814814814815 11080
1744915974743 25.671296296296298 11090
1744915985097 25.694444444444443 11100
1744915995289 25.71759259259259 11110
1744916005442 25.74074074074074 11120
1744916015757 25.76388888888889 11130
1744916026074 25.787037037037038 11140
1744916036352 25.810185185185187 11150
1744916046701 25.833333333333332 11160
1744916057221 25.85648148148148 11170
1744916067624 25.87962962962963 11180
1744916078283 25.90277777777778 11190
1744916088360 25.925925925925927 11200
1744916098653 25.949074074074073 11210
1744916108975 25.97222222222222 11220
1744916119468 25.99537037037037 11230
1744916144101 26.0 11232
1744916154399 26.01851851851852 11240
1744916164542 26.041666666666668 11250
1744916175090 26.064814814814813 11260
1744916185270 26.087962962962962 11270
1744916195338 26.11111111111111 11280
1744916205606 26.13425925925926 11290
1744916215739 26.15740740740741 11300
1744916226294 26.180555555555557 11310
1744916236633 26.203703703703702 11320
1744916246951 26.22685185185185 11330
1744916257432 26.25 11340
1744916267777 26.27314814814815 11350
1744916278267 26.296296296296298 11360
1744916288406 26.319444444444443 11370
1744916298694 26.34259259259259 11380
1744916308973 26.36574074074074 11390
1744916319132 26.38888888888889 11400
1744916329473 26.412037037037038 11410
1744916339887 26.435185185185187 11420
1744916350626 26.458333333333332 11430
1744916361551 26.48148148148148 11440
1744916371774 26.50462962962963 11450
1744916382055 26.52777777777778 11460
1744916392432 26.550925925925927 11470
1744916402679 26.574074074074073 11480
1744916412898 26.59722222222222 11490
1744916423312 26.62037037037037 11500
1744916433951 26.64351851851852 11510
1744916444076 26.666666666666668 11520
1744916454357 26.689814814814813 11530
1744916465096 26.712962962962962 11540
1744916475865 26.73611111111111 11550
1744916486432 26.75925925925926 11560
1744916496640 26.78240740740741 11570
1744916507294 26.805555555555557 11580
1744916517348 26.828703703703702 11590
1744916527610 26.85185185185185 11600
1744916537705 26.875 11610
1744916548103 26.89814814814815 11620
1744916558306 26.921296296296298 11630
1744916568400 26.944444444444443 11640
1744916578635 26.96759259259259 11650
1744916588947 26.99074074074074 11660
1744916615762 27.0 11664
1744916624003 27.01388888888889 11670
1744916634319 27.037037037037038 11680
1744916644577 27.060185185185187 11690
1744916654868 27.083333333333332 11700
1744916665280 27.10648148148148 11710
1744916675469 27.12962962962963 11720
1744916685730 27.15277777777778 11730
1744916696217 27.175925925925927 11740
1744916706625 27.199074074074073 11750
1744916716909 27.22222222222222 11760
1744916727253 27.24537037037037 11770
1744916737671 27.26851851851852 11780
1744916747868 27.291666666666668 11790
1744916758096 27.314814814814813 11800
1744916768271 27.337962962962962 11810
1744916778450 27.36111111111111 11820
1744916788742 27.38425925925926 11830
1744916798918 27.40740740740741 11840
1744916809125 27.430555555555557 11850
1744916819294 27.453703703703702 11860
1744916829464 27.47685185185185 11870
1744916839916 27.5 11880
1744916850370 27.52314814814815 11890
1744916860582 27.546296296296298 11900
1744916870805 27.569444444444443 11910
1744916881380 27.59259259259259 11920
1744916891726 27.61574074074074 11930
1744916901824 27.63888888888889 11940
1744916912034 27.662037037037038 11950
1744916922143 27.685185185185187 11960
1744916932475 27.708333333333332 11970
1744916942563 27.73148148148148 11980
1744916953175 27.75462962962963 11990
1744916963576 27.77777777777778 12000
1744916973882 27.800925925925927 12010
1744916984061 27.824074074074073 12020
1744916994312 27.84722222222222 12030
1744917004692 27.87037037037037 12040
1744917014973 27.89351851851852 12050
1744917025192 27.916666666666668 12060
1744917035504 27.939814814814813 12070
1744917045683 27.962962962962962 12080
1744917056429 27.98611111111111 12090
1744917085425 28.0 12096
1744917091646 28.00925925925926 12100
1744917101833 28.03240740740741 12110
1744917112482 28.055555555555557 12120
1744917122657 28.078703703703702 12130
1744917132763 28.10185185185185 12140
1744917142939 28.125 12150
1744917153333 28.14814814814815 12160
1744917163985 28.171296296296298 12170
1744917174409 28.194444444444443 12180
1744917184744 28.21759259259259 12190
1744917195413 28.24074074074074 12200
1744917205868 28.26388888888889 12210
1744917216141 28.287037037037038 12220
1744917226448 28.310185185185187 12230
1744917236765 28.333333333333332 12240
1744917247027 28.35648148148148 12250
1744917257503 28.37962962962963 12260
1744917268019 28.40277777777778 12270
1744917278391 28.425925925925927 12280
1744917288680 28.449074074074073 12290
1744917299250 28.47222222222222 12300
1744917309540 28.49537037037037 12310
1744917319866 28.51851851851852 12320
1744917330113 28.541666666666668 12330
1744917340383 28.564814814814813 12340
1744917350570 28.587962962962962 12350
1744917360968 28.61111111111111 12360
1744917371738 28.63425925925926 12370
1744917382123 28.65740740740741 12380
1744917392705 28.680555555555557 12390
1744917403215 28.703703703703702 12400
1744917413996 28.72685185185185 12410
1744917424364 28.75 12420
1744917434816 28.77314814814815 12430
1744917445124 28.796296296296298 12440
1744917455516 28.819444444444443 12450
1744917466147 28.84259259259259 12460
1744917476233 28.86574074074074 12470
1744917486575 28.88888888888889 12480
1744917497342 28.912037037037038 12490
1744917507610 28.935185185185187 12500
1744917518284 28.958333333333332 12510
1744917528771 28.98148148148148 12520
1744917559859 29.0 12528
1744917564175 29.00462962962963 12530
1744917574559 29.02777777777778 12540
1744917584814 29.050925925925927 12550
1744917594944 29.074074074074073 12560
1744917605344 29.09722222222222 12570
1744917615470 29.12037037037037 12580
1744917625929 29.14351851851852 12590
1744917636295 29.166666666666668 12600
1744917646472 29.189814814814813 12610
1744917656816 29.212962962962962 12620
1744917667067 29.23611111111111 12630
1744917677254 29.25925925925926 12640
1744917687826 29.28240740740741 12650
1744917698010 29.305555555555557 12660
1744917708393 29.328703703703702 12670
1744917718551 29.35185185185185 12680
1744917728786 29.375 12690
1744917738862 29.39814814814815 12700
1744917749164 29.421296296296298 12710
1744917759419 29.444444444444443 12720
1744917769834 29.46759259259259 12730
1744917780064 29.49074074074074 12740
1744917790277 29.51388888888889 12750
1744917800726 29.537037037037038 12760
1744917810846 29.560185185185187 12770
1744917821127 29.583333333333332 12780
1744917831469 29.60648148148148 12790
1744917841531 29.62962962962963 12800
1744917851926 29.65277777777778 12810
1744917862049 29.675925925925927 12820
1744917872236 29.699074074074073 12830
1744917882317 29.72222222222222 12840
1744917892675 29.74537037037037 12850
1744917903041 29.76851851851852 12860
1744917913273 29.791666666666668 12870
1744917923549 29.814814814814813 12880
1744917933687 29.837962962962962 12890
1744917944150 29.86111111111111 12900
1744917954425 29.88425925925926 12910
1744917964648 29.90740740740741 12920
1744917974959 29.930555555555557 12930
1744917985030 29.953703703703702 12940
1744917995657 29.97685185185185 12950
1744918005277 30.0 12960
1744918028303 30.0 12960
1744918030174 30.0 12960
1744918030768 30.0 0
1744918054022 30.0 12960
