1744903935129 3.987455368041992 10
1744903945861 3.8396761417388916 20
1744903956091 3.9372546672821045 30
1744903966767 3.656511068344116 40
1744903976937 3.676375389099121 50
1744903987879 4.02163553237915 60
1744903998900 3.800603151321411 70
1744904009792 3.763092041015625 80
1744904020370 3.7506017684936523 90
1744904030623 4.246220111846924 100
1744904041119 3.7038991451263428 110
1744904051555 3.58294415473938 120
1744904061726 3.7004997730255127 130
1744904072557 3.8935813903808594 140
1744904082825 3.9193313121795654 150
1744904093148 3.8774592876434326 160
1744904103385 3.8307178020477295 170
1744904114010 3.6884653568267822 180
1744904124455 4.185939788818359 190
1744904134717 3.4760286808013916 200
1744904145028 3.6566641330718994 210
1744904155150 3.6174302101135254 220
1744904165635 3.5529141426086426 230
1744904175890 3.951094627380371 240
1744904186319 3.858966827392578 250
1744904196775 4.060576915740967 260
1744904207400 4.534990310668945 270
1744904218056 3.728848934173584 280
1744904228482 3.8900721073150635 290
1744904239005 3.9539952278137207 300
1744904249395 4.593925952911377 310
1744904259521 3.590463399887085 320
1744904269847 4.7232747077941895 330
1744904280067 3.434994697570801 340
1744904290624 3.744659662246704 350
1744904301251 3.841191530227661 360
1744904311628 3.544811725616455 370
1744904322172 3.6929233074188232 380
1744904332265 3.691542387008667 390
1744904342736 3.8059892654418945 400
1744904353010 4.129364013671875 410
1744904363288 3.5088515281677246 420
1744904373933 3.4014806747436523 430
1744904409443 3.5989022254943848 440
1744904419723 3.8071329593658447 450
1744904430260 3.980104446411133 460
1744904440606 4.128590106964111 470
1744904451138 3.734683036804199 480
1744904461544 3.5324981212615967 490
1744904471569 3.6998536586761475 500
1744904482146 3.9193339347839355 510
1744904492366 4.0301079750061035 520
1744904502774 3.945056438446045 530
1744904513068 3.9460999965667725 540
1744904523466 3.5714762210845947 550
1744904533896 3.6690497398376465 560
1744904543999 3.399217128753662 570
1744904554411 4.333419322967529 580
1744904565064 4.427428722381592 590
1744904575718 3.8101861476898193 600
1744904586040 3.8999440670013428 610
1744904596189 4.067631244659424 620
1744904606864 2.926039457321167 630
1744904617110 3.9345703125 640
1744904627271 3.5099799633026123 650
1744904637513 4.01805305480957 660
1744904647686 3.608318567276001 670
1744904658095 4.049651622772217 680
1744904668330 3.9542155265808105 690
1744904678775 3.765079975128174 700
1744904689040 4.1883745193481445 710
1744904699446 4.542922496795654 720
1744904709889 3.7546277046203613 730
1744904719915 3.8143086433410645 740
1744904730185 4.326086521148682 750
1744904740588 4.315080642700195 760
1744904750955 4.085550308227539 770
1744904761021 4.807932376861572 780
1744904771252 3.2159335613250732 790
1744904781505 3.5753724575042725 800
1744904791686 3.918402671813965 810
1744904801917 3.571397304534912 820
1744904812135 4.095365524291992 830
1744904822751 3.4324305057525635 840
1744904833019 3.10448956489563 850
1744904843421 4.104007720947266 860
1744904878399 3.924642562866211 870
1744904888769 4.419490337371826 880
1744904898836 3.7817795276641846 890
1744904909196 4.2093000411987305 900
1744904919281 3.9259121417999268 910
1744904929932 3.428632974624634 920
1744904940153 3.4242289066314697 930
1744904950380 3.669712543487549 940
1744904960811 4.689572811126709 950
1744904971347 3.689732074737549 960
1744904981724 3.798275947570801 970
1744904992171 3.7132372856140137 980
1744905002500 3.283430576324463 990
1744905013087 3.156309127807617 1000
1744905023430 4.365681171417236 1010
1744905033666 3.8350412845611572 1020
1744905043761 3.8117940425872803 1030
1744905054105 5.088019371032715 1040
1744905064609 3.766998052597046 1050
1744905074676 4.104381084442139 1060
1744905084953 3.1473488807678223 1070
1744905095012 5.4434919357299805 1080
1744905105553 3.063783884048462 1090
1744905115801 4.00045108795166 1100
1744905125894 3.837132692337036 1110
1744905136156 4.061913013458252 1120
1744905146227 3.6772234439849854 1130
1744905156683 3.312546730041504 1140
1744905167617 3.639904737472534 1150
1744905177987 3.3974955081939697 1160
1744905188391 4.553318977355957 1170
1744905198716 3.882633924484253 1180
1744905209127 3.053473949432373 1190
1744905219293 3.3510215282440186 1200
1744905229631 3.361624240875244 1210
1744905239801 3.4614250659942627 1220
1744905250038 2.6189494132995605 1230
1744905260130 3.5022735595703125 1240
1744905270239 3.645383834838867 1250
1744905280456 3.5788652896881104 1260
1744905290961 3.6831603050231934 1270
1744905301392 3.854308605194092 1280
1744905311594 3.8790228366851807 1290
1744905346694 4.387508869171143 1300
1744905356861 3.3675460815429688 1310
1744905367423 3.534686326980591 1320
1744905378207 3.1130056381225586 1330
1744905388490 3.8641281127929688 1340
1744905399017 3.6317148208618164 1350
1744905409075 4.608784198760986 1360
1744905419882 3.091202974319458 1370
1744905430132 4.3959784507751465 1380
1744905440566 3.257596492767334 1390
1744905450650 3.1770431995391846 1400
1744905460902 3.4746618270874023 1410
1744905471072 3.8002381324768066 1420
1744905481250 3.5044643878936768 1430
1744905491540 3.8534095287323 1440
1744905501896 2.864070177078247 1450
1744905512789 3.587986469268799 1460
1744905523198 2.7417891025543213 1470
1744905533322 3.148383378982544 1480
1744905543690 3.057262659072876 1490
1744905553838 3.39278507232666 1500
1744905564248 3.4244179725646973 1510
1744905574342 2.7238779067993164 1520
1744905584540 3.4696240425109863 1530
1744905594832 3.3235838413238525 1540
1744905605340 3.532724618911743 1550
1744905615598 3.4141149520874023 1560
1744905625786 3.8414299488067627 1570
1744905635944 3.3686866760253906 1580
1744905646288 4.953103542327881 1590
1744905656356 4.030171871185303 1600
1744905666622 3.6656908988952637 1610
1744905676734 4.257379531860352 1620
1744905687176 3.101979970932007 1630
1744905697203 2.7204439640045166 1640
1744905707559 2.8459813594818115 1650
1744905717776 2.724916934967041 1660
1744905727887 3.002129316329956 1670
1744905738221 2.9333505630493164 1680
1744905748435 3.9694972038269043 1690
1744905759135 3.0999755859375 1700
1744905769319 3.135479211807251 1710
1744905779449 3.3594446182250977 1720
1744905814689 2.8649656772613525 1730
1744905825101 3.5125579833984375 1740
1744905835161 2.4133219718933105 1750
1744905845508 4.495951175689697 1760
1744905855681 3.0869030952453613 1770
1744905866025 3.336998224258423 1780
1744905876262 3.538015842437744 1790
1744905886480 2.6716954708099365 1800
1744905896938 3.2094192504882812 1810
1744905907128 3.4640462398529053 1820
1744905917428 3.1909656524658203 1830
1744905927671 3.766998767852783 1840
1744905937846 3.1790473461151123 1850
1744905948436 3.035881996154785 1860
1744905958638 4.752015590667725 1870
1744905969135 2.4740142822265625 1880
1744905979310 2.979356050491333 1890
1744905989539 3.13460373878479 1900
1744905999826 3.020289659500122 1910
1744906009977 3.5157113075256348 1920
1744906020305 3.278294086456299 1930
1744906030540 2.1067492961883545 1940
1744906041394 2.9756503105163574 1950
1744906051644 2.797769784927368 1960
1744906061732 2.4457390308380127 1970
1744906072091 3.2497236728668213 1980
1744906082143 3.1957273483276367 1990
1744906092360 2.3950295448303223 2000
1744906102604 3.279621124267578 2010
1744906113065 4.029319763183594 2020
1744906123235 2.8676202297210693 2030
1744906133272 2.966883420944214 2040
1744906143644 2.656035900115967 2050
1744906153959 3.795337200164795 2060
1744906164769 2.5354132652282715 2070
1744906174885 4.146468639373779 2080
1744906185165 3.3013246059417725 2090
1744906195508 2.9641034603118896 2100
1744906205719 2.57108473777771 2110
1744906216021 3.6537983417510986 2120
1744906226209 2.9084863662719727 2130
1744906236384 2.9704911708831787 2140
1744906246673 2.7208995819091797 2150
1744906256325 3.729523181915283 2160
1744906291699 2.2276194095611572 2170
1744906302303 2.130286693572998 2180
1744906312502 2.5960073471069336 2190
1744906323042 2.3716671466827393 2200
1744906333526 3.4472525119781494 2210
1744906343569 2.957521438598633 2220
1744906353980 2.6132402420043945 2230
1744906364084 3.2098984718322754 2240
1744906374418 2.6726627349853516 2250
1744906384474 3.6406381130218506 2260
1744906394687 3.413837432861328 2270
1744906404875 2.476233720779419 2280
1744906415232 2.721468448638916 2290
1744906425834 3.7305076122283936 2300
1744906435991 3.406769275665283 2310
1744906446244 2.615030527114868 2320
1744906456328 2.673497438430786 2330
1744906466714 2.4050519466400146 2340
1744906476878 3.5458552837371826 2350
1744906487144 3.483593225479126 2360
1744906497374 2.8995869159698486 2370
1744906507569 2.9506137371063232 2380
1744906517842 2.7242822647094727 2390
1744906527999 2.531491756439209 2400
1744906538040 2.3959152698516846 2410
1744906548623 2.397892475128174 2420
1744906559106 2.1308860778808594 2430
1744906569293 2.8467812538146973 2440
1744906579681 2.1015286445617676 2450
1744906590088 2.4184823036193848 2460
1744906600674 3.0602924823760986 2470
1744906610779 3.1216306686401367 2480
1744906621171 3.6128015518188477 2490
1744906631272 3.0238168239593506 2500
1744906641445 2.3134899139404297 2510
1744906651578 2.371288537979126 2520
1744906661618 2.462493896484375 2530
1744906671774 2.4805386066436768 2540
1744906682084 3.0656304359436035 2550
1744906692573 6.244027614593506 2560
1744906703430 3.066058874130249 2570
1744906714441 2.4680113792419434 2580
1744906725028 3.3358216285705566 2590
1744906760434 2.326672315597534 2600
1744906770518 2.18692946434021 2610
1744906781265 2.4600465297698975 2620
1744906791473 3.484015703201294 2630
1744906802124 2.3102779388427734 2640
1744906812407 3.014719247817993 2650
1744906822924 2.700866937637329 2660
1744906833597 3.127458095550537 2670
1744906843769 3.437809467315674 2680
1744906854330 2.739750862121582 2690
1744906864609 1.9814879894256592 2700
1744906875044 3.330427408218384 2710
1744906885295 2.3042638301849365 2720
1744906895431 2.9335618019104004 2730
1744906906005 3.182122230529785 2740
1744906916007 3.1175084114074707 2750
1744906926341 3.44392991065979 2760
1744906936586 2.8442673683166504 2770
1744906946747 3.6571571826934814 2780
1744906957000 2.7293806076049805 2790
1744906967339 2.363712787628174 2800
1744906977616 2.375019073486328 2810
1744906987795 1.9681204557418823 2820
1744906998096 2.684180736541748 2830
1744907008329 2.0169434547424316 2840
1744907018776 2.7435545921325684 2850
1744907029247 1.7682421207427979 2860
1744907039291 3.0491561889648438 2870
1744907049708 3.3169476985931396 2880
1744907059881 3.1649229526519775 2890
1744907070153 2.109001874923706 2900
1744907080709 2.6395492553710938 2910
1744907091035 2.5608582496643066 2920
1744907101584 2.5598433017730713 2930
1744907111976 4.145846843719482 2940
1744907122489 1.8924322128295898 2950
1744907132886 1.7922108173370361 2960
1744907143123 3.2556564807891846 2970
1744907153317 3.0545592308044434 2980
1744907163413 2.1567230224609375 2990
1744907173772 2.04335355758667 3000
1744907184318 1.8477580547332764 3010
1744907194402 2.7077269554138184 3020
1744907229650 2.0550789833068848 3030
1744907239928 2.9485409259796143 3040
1744907250089 2.695544958114624 3050
1744907260314 3.2682948112487793 3060
1744907270441 2.276029348373413 3070
1744907280602 2.9737329483032227 3080
1744907290893 2.216393232345581 3090
1744907301161 3.4638609886169434 3100
1744907311481 2.2729408740997314 3110
1744907321725 2.432145833969116 3120
1744907332161 2.5535614490509033 3130
1744907342499 3.043025255203247 3140
1744907352585 1.707378625869751 3150
1744907362873 2.6406469345092773 3160
1744907372895 2.1215336322784424 3170
1744907383061 2.5689761638641357 3180
1744907393259 2.9492905139923096 3190
1744907403497 2.1447958946228027 3200
1744907413765 3.0305306911468506 3210
1744907423887 3.4788291454315186 3220
1744907434063 2.4201877117156982 3230
1744907444127 2.40906023979187 3240
1744907454339 2.950575113296509 3250
1744907464576 2.600550413131714 3260
1744907474795 2.67704701423645 3270
1744907485285 2.9317705631256104 3280
1744907495316 2.427729368209839 3290
1744907505591 2.2791948318481445 3300
1744907515956 2.51663875579834 3310
1744907526103 2.5297505855560303 3320
1744907536271 2.7806947231292725 3330
1744907546305 2.456507682800293 3340
1744907556481 3.860104560852051 3350
1744907566551 2.2570066452026367 3360
1744907576871 2.849915027618408 3370
1744907587256 2.73898983001709 3380
1744907597595 2.306112766265869 3390
1744907607916 2.423034191131592 3400
1744907618096 2.3299689292907715 3410
1744907628330 3.7937424182891846 3420
1744907638371 2.9603183269500732 3430
1744907648904 2.4543137550354004 3440
1744907659234 1.3873417377471924 3450
1744907694488 1.8937289714813232 3460
1744907704555 2.155423164367676 3470
1744907714746 2.6434617042541504 3480
1744907724788 2.6105387210845947 3490
1744907735242 2.035919666290283 3500
1744907745444 1.769819736480713 3510
1744907755717 2.336433172225952 3520
1744907765955 1.8787590265274048 3530
1744907776144 2.7467761039733887 3540
1744907786366 2.1503162384033203 3550
1744907796631 2.1995906829833984 3560
1744907806828 3.1110222339630127 3570
1744907817304 2.3252487182617188 3580
1744907827525 3.2110302448272705 3590
1744907837731 3.0856940746307373 3600
1744907847880 3.718437671661377 3610
1744907858056 2.9378089904785156 3620
1744907868222 3.002248764038086 3630
1744907878423 2.690619945526123 3640
1744907888754 1.8511995077133179 3650
1744907898938 3.101130247116089 3660
1744907909583 1.7624599933624268 3670
1744907919611 3.417177677154541 3680
1744907929840 2.3365237712860107 3690
1744907940072 1.7720057964324951 3700
1744907950093 1.502902865409851 3710
1744907960428 2.861144542694092 3720
1744907970743 2.9001622200012207 3730
1744907981010 2.9335532188415527 3740
1744907991108 2.732680082321167 3750
1744908001363 1.586501955986023 3760
1744908011555 2.277236223220825 3770
1744908021840 2.7551724910736084 3780
1744908032142 2.107729434967041 3790
1744908042176 1.8210307359695435 3800
1744908052364 2.684974193572998 3810
1744908062678 1.9334536790847778 3820
1744908072967 3.2855618000030518 3830
1744908083781 2.1922712326049805 3840
1744908094076 2.1687490940093994 3850
1744908105063 2.1750245094299316 3860
1744908115783 3.1035399436950684 3870
1744908125980 3.089364528656006 3880
1744908160724 2.096208333969116 3890
1744908171605 2.466179847717285 3900
1744908181795 2.744619846343994 3910
1744908191996 2.562613010406494 3920
1744908202340 2.503002166748047 3930
1744908212565 1.799873948097229 3940
1744908222758 2.4487295150756836 3950
1744908233100 2.1745126247406006 3960
1744908243523 2.06179141998291 3970
1744908253717 1.7073358297348022 3980
1744908264182 1.518774151802063 3990
1744908274599 2.481401205062866 4000
1744908284915 3.1897990703582764 4010
1744908295252 2.912424325942993 4020
1744908305467 1.9268739223480225 4030
1744908315665 1.9807319641113281 4040
1744908325898 2.413696527481079 4050
1744908336236 2.3996386528015137 4060
1744908346409 1.8391865491867065 4070
1744908357023 2.2205097675323486 4080
1744908367576 2.0771079063415527 4090
1744908377993 2.5333147048950195 4100
1744908388358 2.893036365509033 4110
1744908398597 2.5442562103271484 4120
1744908408839 1.8867546319961548 4130
1744908419152 2.4290645122528076 4140
1744908429408 2.9120945930480957 4150
1744908439691 1.9507474899291992 4160
1744908449860 2.8030107021331787 4170
1744908460544 2.459634780883789 4180
1744908470878 2.293893337249756 4190
1744908481393 2.42525577545166 4200
1744908491683 2.430558681488037 4210
1744908501811 1.9516888856887817 4220
1744908512202 1.812792420387268 4230
1744908522232 2.926797389984131 4240
1744908532751 1.6041650772094727 4250
1744908542812 2.7949483394622803 4260
1744908553199 1.8132215738296509 4270
1744908563705 2.63612699508667 4280
1744908574039 1.6929116249084473 4290
1744908584397 2.7660350799560547 4300
1744908594693 2.53560471534729 4310
1744908604404 1.78920316696167 4320
1744908639978 2.7594752311706543 4330
1744908650359 2.320406913757324 4340
1744908660477 2.600454568862915 4350
1744908670870 1.7857531309127808 4360
1744908681077 2.1006057262420654 4370
1744908691428 2.9063572883605957 4380
1744908701864 2.415130615234375 4390
1744908712241 2.926267147064209 4400
1744908722577 2.1253788471221924 4410
1744908732772 2.4570298194885254 4420
1744908743258 2.3501245975494385 4430
1744908753308 2.7409234046936035 4440
1744908763514 2.464946746826172 4450
1744908773916 1.7028007507324219 4460
1744908783968 2.6948559284210205 4470
1744908794248 1.5384852886199951 4480
1744908804396 1.9583386182785034 4490
1744908814721 3.3411896228790283 4500
1744908825257 3.243405342102051 4510
1744908835335 2.4985687732696533 4520
1744908845779 1.9384208917617798 4530
1744908855856 2.3399479389190674 4540
1744908866174 2.323251724243164 4550
1744908876547 2.1741080284118652 4560
1744908886971 2.4146618843078613 4570
1744908897260 1.9299781322479248 4580
1744908907510 2.6962571144104004 4590
1744908917796 2.804091691970825 4600
1744908928123 1.994796633720398 4610
1744908938531 1.8276597261428833 4620
1744908948753 1.7395380735397339 4630
1744908958984 2.131197929382324 4640
1744908969410 1.490783452987671 4650
1744908979575 3.033952236175537 4660
1744908989760 2.1468088626861572 4670
1744908999824 1.5962600708007812 4680
1744909010139 2.5085628032684326 4690
1744909020663 2.7198715209960938 4700
1744909030820 3.0135202407836914 4710
1744909041121 2.723536252975464 4720
1744909051250 2.1302366256713867 4730
1744909061524 2.033803701400757 4740
1744909071669 2.474656343460083 4750
1744909107260 1.454297661781311 4760
1744909117959 1.7156391143798828 4770
1744909128366 2.335927963256836 4780
1744909138558 1.810528039932251 4790
1744909148870 2.722721576690674 4800
1744909159107 2.4896602630615234 4810
1744909169374 2.5250988006591797 4820
1744909179689 2.0233359336853027 4830
1744909189746 2.6412525177001953 4840
1744909199904 2.3480846881866455 4850
1744909209947 2.023205041885376 4860
1744909220120 2.9675087928771973 4870
1744909230177 2.3825151920318604 4880
1744909240335 2.0973989963531494 4890
1744909250688 1.7415050268173218 4900
1744909260894 2.311250686645508 4910
1744909271211 2.081717014312744 4920
1744909281242 2.928192377090454 4930
1744909291412 2.8374476432800293 4940
1744909301619 2.5173401832580566 4950
1744909311709 1.6982959508895874 4960
1744909321896 2.3728458881378174 4970
1744909331992 2.4499032497406006 4980
1744909342283 1.670990228652954 4990
1744909352454 1.781836986541748 5000
1744909362771 2.8616297245025635 5010
1744909373307 1.3516234159469604 5020
1744909383447 3.138047218322754 5030
1744909393761 3.3683271408081055 5040
1744909404061 2.957357168197632 5050
1744909414347 2.7326292991638184 5060
1744909424486 2.1303465366363525 5070
1744909435149 1.652639627456665 5080
1744909445604 1.254046082496643 5090
1744909456127 2.6966428756713867 5100
1744909466590 1.5390548706054688 5110
1744909477027 2.0208919048309326 5120
1744909487220 1.4050853252410889 5130
1744909497443 2.6373045444488525 5140
1744909507580 2.7984650135040283 5150
1744909517842 2.4050912857055664 5160
1744909527930 1.9059613943099976 5170
1744909538663 2.366595983505249 5180
1744909574039 2.0834615230560303 5190
1744909584151 3.2226622104644775 5200
1744909594391 3.0174241065979004 5210
1744909604809 2.9140255451202393 5220
1744909614900 2.261331081390381 5230
1744909625210 2.1883816719055176 5240
1744909635630 1.3179603815078735 5250
1744909645814 2.890552043914795 5260
1744909656061 1.7604573965072632 5270
1744909666191 3.134460210800171 5280
1744909676411 2.41044020652771 5290
1744909686909 2.247936964035034 5300
1744909697398 2.23077392578125 5310
1744909707528 2.4243547916412354 5320
1744909717794 1.6058183908462524 5330
1744909727980 1.79104745388031 5340
1744909738230 2.1032841205596924 5350
1744909748536 3.3516345024108887 5360
1744909758780 1.9670624732971191 5370
1744909769368 1.9330142736434937 5380
1744909779436 2.7060458660125732 5390
1744909789725 2.6643848419189453 5400
1744909799999 2.428619146347046 5410
1744909810297 2.7956135272979736 5420
1744909820735 1.5192208290100098 5430
1744909830771 2.5564229488372803 5440
1744909841111 2.2617127895355225 5450
1744909851488 1.9487924575805664 5460
1744909861670 2.342818260192871 5470
1744909871934 1.9699897766113281 5480
1744909882557 2.993598222732544 5490
1744909892717 2.9800612926483154 5500
1744909902831 1.860634207725525 5510
1744909913039 1.610182762145996 5520
1744909923549 2.213253974914551 5530
1744909934094 2.3015501499176025 5540
1744909944252 1.9970221519470215 5550
1744909954283 1.8673875331878662 5560
1744909964538 1.5760533809661865 5570
1744909975033 2.818423271179199 5580
1744909985243 2.63037371635437 5590
1744909995626 1.5061728954315186 5600
1744910005786 1.9884942770004272 5610
1744910040711 2.722255229949951 5620
1744910051054 2.4329352378845215 5630
1744910061092 1.6917710304260254 5640
1744910071256 1.9182825088500977 5650
1744910081413 0.9503839015960693 5660
1744910091637 1.6064398288726807 5670
1744910101890 2.4570255279541016 5680
1744910111964 2.1361312866210938 5690
1744910122133 1.8524761199951172 5700
1744910132798 1.9913923740386963 5710
1744910142968 1.7056878805160522 5720
1744910153644 2.300689697265625 5730
1744910163737 1.8509055376052856 5740
1744910174228 1.9794918298721313 5750
1744910184573 2.0738160610198975 5760
1744910194748 2.6347975730895996 5770
1744910205033 2.818004608154297 5780
1744910215201 2.0983450412750244 5790
1744910225542 1.879582166671753 5800
1744910235654 2.9989171028137207 5810
1744910245895 2.8073198795318604 5820
1744910256456 2.3122622966766357 5830
1744910266810 1.9470467567443848 5840
1744910277122 2.5070481300354004 5850
1744910287186 1.3220527172088623 5860
1744910297378 2.2580220699310303 5870
1744910307488 1.7038335800170898 5880
1744910317804 1.8691874742507935 5890
1744910327981 3.1454670429229736 5900
1744910338044 2.3763585090637207 5910
1744910348233 1.755653977394104 5920
1744910358384 2.552733898162842 5930
1744910368654 2.5659689903259277 5940
1744910378804 2.3960134983062744 5950
1744910389050 2.7177085876464844 5960
1744910399187 3.1122989654541016 5970
1744910409474 2.900606155395508 5980
1744910419684 2.8853180408477783 5990
1744910429809 2.929849147796631 6000
1744910440192 2.892402410507202 6010
1744910450352 2.2545316219329834 6020
1744910460439 2.141904354095459 6030
1744910470777 1.8407295942306519 6040
1744910505783 2.4097723960876465 6050
1744910516036 1.6656986474990845 6060
1744910526262 2.7147140502929688 6070
1744910536461 1.6239159107208252 6080
1744910546759 1.7539355754852295 6090
1744910557267 2.472501754760742 6100
1744910567352 1.4298087358474731 6110
1744910577976 2.9654743671417236 6120
1744910588445 1.6893812417984009 6130
1744910598674 2.6621577739715576 6140
1744910608906 2.945279359817505 6150
1744910618974 2.245164632797241 6160
1744910629025 2.274798631668091 6170
1744910639101 2.359440565109253 6180
1744910649455 2.0630643367767334 6190
1744910659748 2.6397054195404053 6200
1744910669956 2.8029747009277344 6210
1744910680163 2.817248582839966 6220
1744910690529 1.8231914043426514 6230
1744910701133 2.034191608428955 6240
1744910711307 2.217658042907715 6250
1744910721897 1.3055318593978882 6260
1744910732279 3.0357472896575928 6270
1744910742602 2.1091508865356445 6280
1744910752802 2.167504072189331 6290
1744910762854 1.6867443323135376 6300
1744910773431 1.817042350769043 6310
1744910783717 1.9035661220550537 6320
1744910794208 2.1052355766296387 6330
1744910804412 1.640591025352478 6340
1744910814588 1.2539654970169067 6350
1744910824957 2.491194009780884 6360
1744910835011 1.842369794845581 6370
1744910845304 0.9184927344322205 6380
1744910855725 1.5353145599365234 6390
1744910865760 1.7940627336502075 6400
1744910876070 2.225975513458252 6410
1744910886219 2.4451584815979004 6420
1744910896728 1.6451019048690796 6430
1744910906793 1.5491623878479004 6440
1744910917301 2.3966522216796875 6450
1744910928201 1.6277296543121338 6460
1744910938576 1.5523639917373657 6470
1744910948837 2.9453465938568115 6480
1744910984436 2.3028292655944824 6490
1744910994649 1.8021312952041626 6500
1744911004796 2.3682644367218018 6510
1744911014985 1.5170847177505493 6520
1744911025460 1.4724407196044922 6530
1744911036176 1.783454418182373 6540
1744911046359 4.340250015258789 6550
1744911056834 1.3696115016937256 6560
1744911066870 1.6392321586608887 6570
1744911077027 2.1346609592437744 6580
1744911087169 2.1927459239959717 6590
1744911097473 1.9889681339263916 6600
1744911107756 2.006666660308838 6610
1744911118208 1.622060775756836 6620
1744911128909 3.8668341636657715 6630
1744911139343 2.1099190711975098 6640
1744911149952 2.4933459758758545 6650
1744911160192 1.605298399925232 6660
1744911170326 0.833791196346283 6670
1744911180658 2.4914498329162598 6680
1744911191058 2.3697869777679443 6690
1744911201251 2.187100410461426 6700
1744911211500 2.535032033920288 6710
1744911221737 2.103173017501831 6720
1744911232019 1.078914999961853 6730
1744911242408 1.9918622970581055 6740
1744911252665 2.100806713104248 6750
1744911262861 1.9287511110305786 6760
1744911272978 1.9875507354736328 6770
1744911283364 2.781325578689575 6780
1744911293518 1.7292375564575195 6790
1744911303721 1.8100723028182983 6800
1744911313770 2.263437032699585 6810
1744911323963 2.1081035137176514 6820
1744911334421 1.785935640335083 6830
1744911344985 2.133249044418335 6840
1744911355368 1.6793476343154907 6850
1744911365702 2.169478416442871 6860
1744911376171 2.2358906269073486 6870
1744911386605 2.3905553817749023 6880
1744911396704 2.4312386512756348 6890
1744911406971 2.0350005626678467 6900
1744911417030 1.9935728311538696 6910
1744911452240 2.2724709510803223 6920
1744911462928 1.6422415971755981 6930
1744911472981 1.4422799348831177 6940
1744911483724 3.532731294631958 6950
1744911493779 2.728806734085083 6960
1744911504292 1.8083713054656982 6970
1744911514692 2.228341579437256 6980
1744911524902 1.862106442451477 6990
1744911535317 1.7098289728164673 7000
1744911545394 1.5234503746032715 7010
1744911555618 1.3249757289886475 7020
1744911565834 1.4882742166519165 7030
1744911576249 2.02870774269104 7040
1744911586665 2.1449151039123535 7050
1744911596898 2.191293239593506 7060
1744911607133 2.2659409046173096 7070
1744911617285 2.5762572288513184 7080
1744911627452 1.73940908908844 7090
1744911637734 1.5973695516586304 7100
1744911647852 1.4821079969406128 7110
1744911658434 2.561537027359009 7120
1744911668887 2.869032382965088 7130
1744911679413 2.8985917568206787 7140
1744911689572 3.9870145320892334 7150
1744911699813 2.1526527404785156 7160
1744911710211 1.9999585151672363 7170
1744911720541 2.0258114337921143 7180
1744911730874 0.7308012843132019 7190
1744911741293 0.9441267251968384 7200
1744911751616 1.980796217918396 7210
1744911762051 1.3476262092590332 7220
1744911772293 2.2046780586242676 7230
1744911782625 1.9312306642532349 7240
1744911793005 2.412198781967163 7250
1744911803339 1.9723854064941406 7260
1744911813490 1.5771645307540894 7270
1744911823844 1.5582129955291748 7280
1744911834238 2.6033377647399902 7290
1744911844265 2.603919267654419 7300
1744911854762 1.117044448852539 7310
1744911864842 2.4511191844940186 7320
1744911875114 1.9267840385437012 7330
1744911885543 2.3530337810516357 7340
1744911920956 1.5723752975463867 7350
1744911931022 2.2255911827087402 7360
1744911941220 1.9101753234863281 7370
1744911951300 1.9375030994415283 7380
1744911961672 1.8229520320892334 7390
1744911972077 1.6164823770523071 7400
1744911982144 3.021246910095215 7410
1744911992473 2.7282254695892334 7420
1744912002557 1.706699252128601 7430
1744912013003 1.7108153104782104 7440
1744912023189 1.6012600660324097 7450
1744912033427 1.969098448753357 7460
1744912043658 2.388559341430664 7470
1744912053741 1.8789122104644775 7480
1744912064126 1.7860347032546997 7490
1744912074180 1.8777644634246826 7500
1744912084447 2.509293556213379 7510
1744912094765 1.9705379009246826 7520
1744912105108 2.0854105949401855 7530
1744912115301 2.279489040374756 7540
1744912125684 2.234863758087158 7550
1744912136010 2.0953543186187744 7560
1744912146330 1.7116326093673706 7570
1744912156859 1.5881458520889282 7580
1744912167145 3.1622776985168457 7590
1744912177454 1.6474496126174927 7600
1744912187824 1.7193025350570679 7610
1744912197894 0.7838689088821411 7620
1744912208129 2.0966813564300537 7630
1744912218386 1.7747273445129395 7640
1744912228811 1.5602284669876099 7650
1744912239225 3.227654457092285 7660
1744912249332 2.0250983238220215 7670
1744912259500 1.8828068971633911 7680
1744912269580 2.4898366928100586 7690
1744912279765 1.4991289377212524 7700
1744912290158 2.1492347717285156 7710
1744912300815 2.208893299102783 7720
1744912311356 1.6419024467468262 7730
1744912321521 2.2646877765655518 7740
1744912331824 2.2573232650756836 7750
1744912342257 2.0314159393310547 7760
1744912352934 1.6953644752502441 7770
1744912388091 1.0492620468139648 7780
1744912398389 2.0139119625091553 7790
1744912408418 2.2585504055023193 7800
1744912418942 2.2882611751556396 7810
1744912429243 1.2864028215408325 7820
1744912439464 1.1747260093688965 7830
1744912449695 2.079660177230835 7840
1744912459762 0.7966530919075012 7850
1744912469944 1.8442634344100952 7860
1744912480033 1.7649163007736206 7870
1744912490182 1.3883376121520996 7880
1744912500218 1.8040308952331543 7890
1744912510645 0.9503694176673889 7900
1744912521182 1.6970553398132324 7910
1744912531362 1.797958254814148 7920
1744912541866 2.6267454624176025 7930
1744912552011 1.6117050647735596 7940
1744912562489 2.994868278503418 7950
1744912572681 2.353764295578003 7960
1744912583112 2.116105079650879 7970
1744912593873 1.8461638689041138 7980
1744912603994 1.3383980989456177 7990
1744912614176 1.504589319229126 8000
1744912624192 2.2442643642425537 8010
1744912634454 1.8250930309295654 8020
1744912644694 1.8507659435272217 8030
1744912654789 3.0234646797180176 8040
1744912665075 1.5503795146942139 8050
1744912675387 1.2724066972732544 8060
1744912685677 1.8655685186386108 8070
1744912695781 3.6476736068725586 8080
1744912705996 0.8458450436592102 8090
1744912716225 1.7671042680740356 8100
1744912726570 2.0473272800445557 8110
1744912737313 2.466064453125 8120
1744912748114 1.6761324405670166 8130
1744912758504 0.998431384563446 8140
1744912769237 2.1602964401245117 8150
1744912779813 2.098900079727173 8160
1744912790724 1.1475069522857666 8170
1744912801059 1.942193865776062 8180
1744912811201 1.993688702583313 8190
1744912821230 1.88575279712677 8200
1744912856135 1.7573753595352173 8210
1744912866345 2.0254616737365723 8220
1744912876559 1.8280458450317383 8230
1744912887091 3.0909719467163086 8240
1744912897382 2.161496639251709 8250
1744912907400 1.4016610383987427 8260
1744912917552 1.261116623878479 8270
1744912927788 1.8716517686843872 8280
1744912937858 1.2102071046829224 8290
1744912947902 2.176748037338257 8300
1744912957946 2.1268506050109863 8310
1744912968394 1.3672019243240356 8320
1744912978593 1.3452976942062378 8330
1744912988753 1.9158977270126343 8340
1744912999057 2.910024642944336 8350
1744913009265 1.6726702451705933 8360
1744913019612 0.9776101112365723 8370
1744913029867 1.752944827079773 8380
1744913040079 2.034860610961914 8390
1744913051016 1.671485185623169 8400
1744913061175 1.7167378664016724 8410
1744913071601 1.2746212482452393 8420
1744913081986 1.4530998468399048 8430
1744913092211 2.368694543838501 8440
1744913102513 1.105210304260254 8450
1744913112577 1.5433130264282227 8460
1744913122881 1.2856884002685547 8470
1744913133112 1.5214718580245972 8480
1744913143575 2.1313908100128174 8490
1744913153641 1.7242549657821655 8500
1744913164052 1.9424420595169067 8510
1744913174473 2.492175340652466 8520
1744913184613 1.3402881622314453 8530
1744913194901 1.0287238359451294 8540
1744913205055 1.910348653793335 8550
1744913215317 1.724617838859558 8560
1744913225617 2.0751259326934814 8570
1744913235904 0.7308622598648071 8580
1744913246313 0.8715656399726868 8590
1744913256481 1.7853045463562012 8600
1744913266802 2.474120616912842 8610
1744913276898 2.0439939498901367 8620
1744913287469 1.459745168685913 8630
1744913297424 1.9764326810836792 8640
1744913333209 1.9095566272735596 8650
1744913343538 1.0577642917633057 8660
1744913354471 1.686608910560608 8670
1744913365249 2.0853703022003174 8680
1744913376013 1.3533140420913696 8690
1744913386169 2.0790841579437256 8700
1744913396451 2.4678213596343994 8710
1744913406964 1.6153000593185425 8720
1744913417358 1.4306985139846802 8730
1744913427802 1.948736310005188 8740
1744913437969 2.2819604873657227 8750
1744913448309 2.7828311920166016 8760
1744913458614 0.6455481648445129 8770
1744913468698 3.8691186904907227 8780
1744913479234 1.7411043643951416 8790
1744913489512 1.8467391729354858 8800
1744913500057 1.4621206521987915 8810
1744913510122 1.4584627151489258 8820
1744913520418 1.5510293245315552 8830
1744913530801 1.482408046722412 8840
1744913541051 1.8981083631515503 8850
1744913551396 2.2440907955169678 8860
1744913562134 1.668346643447876 8870
1744913572306 1.9165807962417603 8880
1744913582595 2.5547831058502197 8890
1744913592735 2.0136919021606445 8900
1744913603107 1.3148268461227417 8910
1744913613248 1.3939893245697021 8920
1744913623452 1.2105586528778076 8930
1744913633489 1.4506731033325195 8940
1744913643847 2.1487674713134766 8950
1744913654150 2.0626790523529053 8960
1744913664253 1.0363609790802002 8970
1744913674892 1.685957908630371 8980
1744913684978 2.0983164310455322 8990
1744913695141 2.0587761402130127 9000
1744913705300 1.416278600692749 9010
1744913715403 1.456521987915039 9020
1744913725715 1.952231764793396 9030
1744913735934 2.9887969493865967 9040
1744913746164 2.3425967693328857 9050
1744913756251 2.102576971054077 9060
1744913766745 2.005770206451416 9070
1744913802008 1.3174995183944702 9080
1744913812987 1.968692660331726 9090
1744913823238 1.3408758640289307 9100
1744913833636 1.5749664306640625 9110
1744913844180 1.6823123693466187 9120
1744913854742 2.085386276245117 9130
1744913864982 1.598832607269287 9140
1744913875495 1.6835633516311646 9150
1744913885878 1.405617594718933 9160
1744913896080 1.724596619606018 9170
1744913906394 2.225044012069702 9180
1744913916585 1.7386807203292847 9190
1744913926866 1.9490270614624023 9200
1744913937105 2.586533784866333 9210
1744913947148 1.6995973587036133 9220
1744913957474 2.1288654804229736 9230
1744913967617 1.617476463317871 9240
1744913977914 1.785528540611267 9250
1744913988249 1.6908451318740845 9260
1744913998476 1.3581445217132568 9270
1744914008755 1.5707236528396606 9280
1744914019109 1.7325716018676758 9290
1744914029373 2.0502562522888184 9300
1744914039823 2.585047483444214 9310
1744914050279 1.7806341648101807 9320
1744914060827 1.6295900344848633 9330
1744914071273 0.9548555016517639 9340
1744914081609 1.795141339302063 9350
1744914092031 1.6380687952041626 9360
1744914102460 1.291590929031372 9370
1744914112763 2.023367166519165 9380
1744914122937 2.946814775466919 9390
1744914133264 2.176450729370117 9400
1744914143435 2.006517171859741 9410
1744914153605 0.8765403628349304 9420
1744914163833 2.1898574829101562 9430
1744914174098 2.003014326095581 9440
1744914184343 0.5036988854408264 9450
1744914194420 1.5735808610916138 9460
1744914204614 1.0854909420013428 9470
1744914214901 1.1744379997253418 9480
1744914225494 2.2351834774017334 9490
1744914236072 1.8834774494171143 9500
1744914270726 1.5215983390808105 9510
1744914280864 2.51633358001709 9520
1744914291381 2.5324642658233643 9530
1744914301436 1.521072506904602 9540
1744914311766 2.3726284503936768 9550
1744914321888 0.9960488677024841 9560
1744914332496 2.13179612159729 9570
1744914342923 1.8489117622375488 9580
1744914353252 1.3406994342803955 9590
1744914363633 1.7148783206939697 9600
1744914373963 2.009230136871338 9610
1744914384413 2.153071641921997 9620
1744914394484 2.3379039764404297 9630
1744914405070 1.1196033954620361 9640
1744914415380 2.219738483428955 9650
1744914425834 2.390650749206543 9660
1744914435996 1.7623389959335327 9670
1744914446349 1.5068953037261963 9680
1744914456963 1.9232922792434692 9690
1744914467679 0.9622887372970581 9700
1744914478317 0.9915825724601746 9710
1744914488808 1.161204218864441 9720
1744914498915 1.508673906326294 9730
1744914509213 1.3536025285720825 9740
1744914519580 1.9657447338104248 9750
1744914530080 1.1878520250320435 9760
1744914540316 1.624448537826538 9770
1744914550481 1.0527088642120361 9780
1744914560827 2.2064805030822754 9790
1744914570952 1.9755982160568237 9800
1744914581151 2.206310987472534 9810
1744914591426 1.5656741857528687 9820
1744914601521 1.5097360610961914 9830
1744914611749 1.0515098571777344 9840
1744914622316 1.546947717666626 9850
1744914632745 1.0362598896026611 9860
1744914643325 0.8845300674438477 9870
1744914653468 2.1629879474639893 9880
1744914663621 2.0848639011383057 9890
1744914673669 1.3989145755767822 9900
1744914683942 1.7593914270401 9910
1744914694139 1.011406660079956 9920
1744914704624 1.251497745513916 9930
1744914739682 1.8215938806533813 9940
1744914750084 2.2714474201202393 9950
1744914760473 2.209301233291626 9960
1744914770971 0.8009849786758423 9970
1744914781666 2.1577208042144775 9980
1744914792189 2.0916028022766113 9990
1744914802441 1.7846113443374634 10000
1744914812732 1.0736219882965088 10010
1744914823121 1.4408243894577026 10020
1744914833616 1.1167656183242798 10030
1744914843906 1.4999767541885376 10040
1744914854033 0.4319671094417572 10050
1744914864254 1.5029257535934448 10060
1744914874371 1.210666298866272 10070
1744914884745 1.609439492225647 10080
1744914895276 2.0512592792510986 10090
1744914905583 1.582854986190796 10100
1744914915806 1.5704541206359863 10110
1744914926073 1.6709449291229248 10120
1744914936341 1.536573052406311 10130
1744914946950 1.1019859313964844 10140
1744914957481 1.238409399986267 10150
1744914967812 1.987723708152771 10160
1744914978003 1.5388133525848389 10170
1744914988373 0.8172163963317871 10180
1744914998468 2.4671993255615234 10190
1744915008772 2.10779070854187 10200
1744915018997 1.4977340698242188 10210
1744915029172 1.2337353229522705 10220
1744915039408 1.2235102653503418 10230
1744915049543 1.9333864450454712 10240
1744915060044 1.9253249168395996 10250
1744915070264 1.2320950031280518 10260
1744915080528 1.6945079565048218 10270
1744915090702 2.527458667755127 10280
1744915100862 1.3533965349197388 10290
1744915111298 2.058525323867798 10300
1744915121950 1.2778676748275757 10310
1744915132589 1.6188814640045166 10320
1744915143126 1.2704826593399048 10330
1744915153210 1.2300667762756348 10340
1744915163619 2.0759830474853516 10350
1744915173960 2.2338647842407227 10360
1744915208888 1.058639645576477 10370
1744915219242 1.501505732536316 10380
1744915229657 1.4733564853668213 10390
1744915239997 1.4656031131744385 10400
1744915250337 2.1189308166503906 10410
1744915260666 1.6733424663543701 10420
1744915271013 2.8089795112609863 10430
1744915281111 1.4091600179672241 10440
1744915291325 1.7655917406082153 10450
1744915301528 1.7653288841247559 10460
1744915311588 1.8006212711334229 10470
1744915321925 1.1725740432739258 10480
1744915332059 1.362316370010376 10490
1744915342097 1.0626051425933838 10500
1744915352267 1.6906383037567139 10510
1744915362420 2.1801300048828125 10520
1744915372589 1.6879924535751343 10530
1744915382807 2.148252248764038 10540
1744915393243 1.8548142910003662 10550
1744915403441 2.623459815979004 10560
1744915413875 2.4480936527252197 10570
1744915424217 1.271610140800476 10580
1744915434424 1.0207679271697998 10590
1744915444959 1.5730377435684204 10600
1744915455052 1.8019386529922485 10610
1744915465253 1.5945090055465698 10620
1744915475677 1.0158547163009644 10630
1744915486200 1.9686501026153564 10640
1744915496751 1.261927843093872 10650
1744915506840 1.1974263191223145 10660
1744915517171 1.2785842418670654 10670
1744915527300 1.0348635911941528 10680
1744915537457 1.95491623878479 10690
1744915547741 1.386297583580017 10700
1744915557989 1.6861473321914673 10710
1744915568318 1.2704784870147705 10720
1744915578441 1.9406416416168213 10730
1744915588608 1.087322473526001 10740
1744915598934 1.6553058624267578 10750
1744915609019 2.0071120262145996 10760
1744915619706 1.3464837074279785 10770
1744915629953 1.3325889110565186 10780
1744915640380 1.2711479663848877 10790
1744915649926 2.5742976665496826 10800
1744915685625 1.0463030338287354 10810
1744915695885 1.652935266494751 10820
1744915706161 1.8075813055038452 10830
1744915716252 0.32542529702186584 10840
1744915726721 1.8293547630310059 10850
1744915737064 0.8211543560028076 10860
1744915747534 1.7810802459716797 10870
1744915757729 1.4747521877288818 10880
1744915768124 1.5201165676116943 10890
1744915778282 1.0308818817138672 10900
1744915788369 1.5540540218353271 10910
1744915798777 1.2610621452331543 10920
1744915808907 2.2388076782226562 10930
1744915819268 1.7248462438583374 10940
1744915829834 1.2074267864227295 10950
1744915840101 2.028071880340576 10960
1744915850793 1.9829189777374268 10970
1744915861258 1.7805967330932617 10980
1744915871533 0.9788511395454407 10990
1744915881964 0.7428867816925049 11000
1744915892153 1.64339017868042 11010
1744915902402 1.48698890209198 11020
1744915912679 1.6078685522079468 11030
1744915923134 1.3997102975845337 11040
1744915933177 2.2278292179107666 11050
1744915943749 2.351825714111328 11060
1744915954163 1.8584190607070923 11070
1744915964393 1.9355260133743286 11080
1744915974743 1.5672401189804077 11090
1744915985097 1.0691412687301636 11100
1744915995289 1.4238694906234741 11110
1744916005442 1.6023743152618408 11120
1744916015757 1.3063150644302368 11130
1744916026074 2.215632915496826 11140
1744916036352 1.8681782484054565 11150
1744916046701 0.810936689376831 11160
1744916057221 2.040156602859497 11170
1744916067624 1.2420620918273926 11180
1744916078283 1.8455252647399902 11190
1744916088360 1.5907106399536133 11200
1744916098653 0.7914139628410339 11210
1744916108975 1.396040678024292 11220
1744916119468 2.2370944023132324 11230
1744916154399 2.111603021621704 11240
1744916164542 0.8929173350334167 11250
1744916175090 1.9367039203643799 11260
1744916185270 1.7313166856765747 11270
1744916195338 1.1236683130264282 11280
1744916205606 0.8604434132575989 11290
1744916215739 1.1955058574676514 11300
1744916226294 1.1031548976898193 11310
1744916236633 2.169025421142578 11320
1744916246951 1.9056665897369385 11330
1744916257432 2.6638729572296143 11340
1744916267777 0.9102763533592224 11350
1744916278267 2.051278591156006 11360
1744916288406 1.0519723892211914 11370
1744916298694 2.2530715465545654 11380
1744916308973 1.348160743713379 11390
1744916319132 1.1679986715316772 11400
1744916329473 2.4839329719543457 11410
1744916339887 0.9154075384140015 11420
1744916350626 1.4116452932357788 11430
1744916361551 1.4842091798782349 11440
1744916371774 1.7895708084106445 11450
1744916382055 1.7870193719863892 11460
1744916392432 0.20442980527877808 11470
1744916402679 1.3680988550186157 11480
1744916412898 1.3242567777633667 11490
1744916423312 1.7610105276107788 11500
1744916433951 0.8169753551483154 11510
1744916444076 1.5494526624679565 11520
1744916454357 1.6344547271728516 11530
1744916465096 1.876099944114685 11540
1744916475865 1.8085664510726929 11550
1744916486432 0.8620697855949402 11560
1744916496640 1.654335618019104 11570
1744916507294 0.783545196056366 11580
1744916517348 0.9384538531303406 11590
1744916527610 1.2195041179656982 11600
1744916537705 1.6047662496566772 11610
1744916548103 1.6638190746307373 11620
1744916558306 1.70280122756958 11630
1744916568400 1.6418451070785522 11640
1744916578635 2.3390817642211914 11650
1744916588947 0.8541421890258789 11660
1744916624003 2.256058931350708 11670
1744916634319 0.2646462619304657 11680
1744916644577 1.9427881240844727 11690
1744916654868 2.532816171646118 11700
1744916665280 0.8848022222518921 11710
1744916675469 1.7370014190673828 11720
1744916685730 0.9750258922576904 11730
1744916696217 1.8490447998046875 11740
1744916706625 1.5981286764144897 11750
1744916716909 1.8863753080368042 11760
1744916727253 2.3523285388946533 11770
1744916737671 2.3535361289978027 11780
1744916747868 1.2532671689987183 11790
1744916758096 0.7561125159263611 11800
1744916768271 1.6046233177185059 11810
1744916778450 1.6993454694747925 11820
1744916788742 1.6985805034637451 11830
1744916798918 0.9600073099136353 11840
1744916809125 0.7987464070320129 11850
1744916819294 1.510806918144226 11860
1744916829464 1.5806831121444702 11870
1744916839916 0.7585920095443726 11880
1744916850370 0.8107739686965942 11890
1744916860582 0.7048740983009338 11900
1744916870805 1.574573278427124 11910
1744916881380 1.8366115093231201 11920
1744916891726 1.055511713027954 11930
1744916901824 0.9781606197357178 11940
1744916912034 1.3946170806884766 11950
1744916922143 0.9007164835929871 11960
1744916932475 2.120840072631836 11970
1744916942563 1.3846231698989868 11980
1744916953175 1.7969599962234497 11990
1744916963576 1.7639614343643188 12000
1744916973882 1.5124454498291016 12010
1744916984061 1.8007490634918213 12020
1744916994312 1.741585373878479 12030
1744917004692 2.0689713954925537 12040
1744917014973 1.2519407272338867 12050
1744917025192 0.8967115879058838 12060
1744917035504 1.3750689029693604 12070
1744917045683 1.0131804943084717 12080
1744917056429 1.1550673246383667 12090
1744917091646 1.912575602531433 12100
1744917101833 2.304537773132324 12110
1744917112482 2.298234224319458 12120
1744917122657 1.4841479063034058 12130
1744917132763 2.1871984004974365 12140
1744917142939 1.6384708881378174 12150
1744917153333 0.5491287708282471 12160
1744917163985 1.2799344062805176 12170
1744917174409 1.4372529983520508 12180
1744917184744 1.7614710330963135 12190
1744917195413 1.5227136611938477 12200
1744917205868 1.2475829124450684 12210
1744917216141 2.191392660140991 12220
1744917226448 1.3438351154327393 12230
1744917236765 2.337395191192627 12240
1744917247027 1.669651746749878 12250
1744917257503 2.2584404945373535 12260
1744917268019 1.4162814617156982 12270
1744917278391 1.5380929708480835 12280
1744917288680 1.0441491603851318 12290
1744917299250 1.7538957595825195 12300
1744917309540 1.8563270568847656 12310
1744917319866 1.2430353164672852 12320
1744917330113 1.5211968421936035 12330
1744917340383 1.6870923042297363 12340
1744917350570 0.9024868607521057 12350
1744917360968 1.2658559083938599 12360
1744917371738 2.355043649673462 12370
1744917382123 1.4914168119430542 12380
1744917392705 1.312172293663025 12390
1744917403215 2.4964935779571533 12400
1744917413996 2.440049409866333 12410
1744917424364 1.3618193864822388 12420
1744917434816 1.1186047792434692 12430
1744917445124 1.9259445667266846 12440
1744917455516 0.5412265062332153 12450
1744917466147 1.270065188407898 12460
1744917476233 0.7943729162216187 12470
1744917486575 1.2264872789382935 12480
1744917497342 1.5835133790969849 12490
1744917507610 0.9277393817901611 12500
1744917518284 1.2005900144577026 12510
1744917528771 1.0918223857879639 12520
1744917564175 1.6478193998336792 12530
1744917574559 2.141310930252075 12540
1744917584814 2.4310505390167236 12550
1744917594944 0.7337626814842224 12560
1744917605344 2.3312489986419678 12570
1744917615470 1.1604481935501099 12580
1744917625929 1.3962286710739136 12590
1744917636295 1.2500293254852295 12600
1744917646472 1.7408407926559448 12610
1744917656816 1.3220267295837402 12620
1744917667067 1.3402141332626343 12630
1744917677254 0.9469999074935913 12640
1744917687826 1.8301477432250977 12650
1744917698010 0.8063190579414368 12660
1744917708393 2.0681354999542236 12670
1744917718551 1.845139741897583 12680
1744917728786 1.3709181547164917 12690
1744917738862 1.097813606262207 12700
1744917749164 1.6884777545928955 12710
1744917759419 1.771978497505188 12720
1744917769834 0.9987796545028687 12730
1744917780064 1.9473775625228882 12740
1744917790277 2.726217031478882 12750
1744917800726 1.963688611984253 12760
1744917810846 2.4364778995513916 12770
1744917821127 2.4779553413391113 12780
1744917831469 1.3315061330795288 12790
1744917841531 2.0586867332458496 12800
1744917851926 1.6807725429534912 12810
1744917862049 1.6331607103347778 12820
1744917872236 1.4903740882873535 12830
1744917882317 1.2431533336639404 12840
1744917892675 1.948211908340454 12850
1744917903041 2.3625099658966064 12860
1744917913273 1.3716397285461426 12870
1744917923549 1.6046186685562134 12880
1744917933687 1.7017650604248047 12890
1744917944150 2.473083734512329 12900
1744917954425 0.945012629032135 12910
1744917964648 1.4595643281936646 12920
1744917974959 1.7870476245880127 12930
1744917985030 1.3392102718353271 12940
1744917995657 1.1522160768508911 12950
1744918005277 5.380590915679932 12960
