1744903935129 6.944444444444445e-07 10
1744903945861 1.4660493827160495e-06 20
1744903956091 2.2376543209876545e-06 30
1744903966767 3.0092592592592593e-06 40
1744903976937 3.7808641975308645e-06 50
1744903987879 4.552469135802469e-06 60
1744903998900 5.324074074074074e-06 70
1744904009792 6.09567901234568e-06 80
1744904020370 6.8672839506172845e-06 90
1744904030623 7.63888888888889e-06 100
1744904041119 8.410493827160495e-06 110
1744904051555 9.1820987654321e-06 120
1744904061726 9.953703703703704e-06 130
1744904072557 1.072530864197531e-05 140
1744904082825 1.1496913580246914e-05 150
1744904093148 1.2268518518518519e-05 160
1744904103385 1.3040123456790124e-05 170
1744904114010 1.381172839506173e-05 180
1744904124455 1.4583333333333335e-05 190
1744904134717 1.5354938271604938e-05 200
1744904145028 1.6126543209876543e-05 210
1744904155150 1.6898148148148148e-05 220
1744904165635 1.7669753086419756e-05 230
1744904175890 1.8441358024691357e-05 240
1744904186319 1.9212962962962962e-05 250
1744904196775 1.998456790123457e-05 260
1744904207400 2.0756172839506175e-05 270
1744904218056 2.152777777777778e-05 280
1744904228482 2.2299382716049384e-05 290
1744904239005 2.307098765432099e-05 300
1744904249395 2.3842592592592594e-05 310
1744904259521 2.46141975308642e-05 320
1744904269847 2.5385802469135807e-05 330
1744904280067 2.615740740740741e-05 340
1744904290624 2.692901234567901e-05 350
1744904301251 2.7700617283950618e-05 360
1744904311628 2.8472222222222223e-05 370
1744904322172 2.924382716049383e-05 380
1744904332265 3.0015432098765432e-05 390
1744904342736 3.0787037037037034e-05 400
1744904353010 3.1558641975308645e-05 410
1744904363288 3.233024691358025e-05 420
1744904373933 3.3101851851851855e-05 430
1744904409443 3.387345679012346e-05 440
1744904419723 3.4645061728395064e-05 450
1744904430260 3.541666666666667e-05 460
1744904440606 3.6188271604938274e-05 470
1744904451138 3.695987654320988e-05 480
1744904461544 3.7731481481481484e-05 490
1744904471569 3.850308641975309e-05 500
1744904482146 3.927469135802469e-05 510
1744904492366 4.00462962962963e-05 520
1744904502774 4.08179012345679e-05 530
1744904513068 4.158950617283951e-05 540
1744904523466 4.236111111111111e-05 550
1744904533896 4.313271604938272e-05 560
1744904543999 4.390432098765432e-05 570
1744904554411 4.467592592592593e-05 580
1744904565064 4.544753086419754e-05 590
1744904575718 4.6219135802469136e-05 600
1744904586040 4.699074074074074e-05 610
1744904596189 4.7762345679012346e-05 620
1744904606864 4.853395061728395e-05 630
1744904617110 4.930555555555556e-05 640
1744904627271 5.007716049382716e-05 650
1744904637513 5.0848765432098765e-05 660
1744904647686 5.1620370370370377e-05 670
1744904658095 5.239197530864198e-05 680
1744904668330 5.316358024691358e-05 690
1744904678775 5.393518518518519e-05 700
1744904689040 5.4706790123456796e-05 710
1744904699446 5.5478395061728394e-05 720
1744904709889 5.6250000000000005e-05 730
1744904719915 5.702160493827161e-05 740
1744904730185 5.779320987654321e-05 750
1744904740588 5.856481481481482e-05 760
1744904750955 5.9336419753086424e-05 770
1744904761021 6.010802469135802e-05 780
1744904771252 6.0879629629629634e-05 790
1744904781505 6.165123456790125e-05 800
1744904791686 6.242283950617285e-05 810
1744904801917 6.319444444444444e-05 820
1744904812135 6.396604938271606e-05 830
1744904822751 6.473765432098766e-05 840
1744904833019 6.550925925925926e-05 850
1744904843421 6.628086419753087e-05 860
1744904878399 6.705246913580248e-05 870
1744904888769 6.782407407407407e-05 880
1744904898836 6.859567901234568e-05 890
1744904909196 6.93672839506173e-05 900
1744904919281 7.013888888888888e-05 910
1744904929932 7.091049382716049e-05 920
1744904940153 7.168209876543211e-05 930
1744904950380 7.245370370370371e-05 940
1744904960811 7.32253086419753e-05 950
1744904971347 7.399691358024692e-05 960
1744904981724 7.476851851851853e-05 970
1744904992171 7.554012345679012e-05 980
1744905002500 7.631172839506174e-05 990
1744905013087 7.708333333333334e-05 1000
1744905023430 7.785493827160493e-05 1010
1744905033666 7.862654320987655e-05 1020
1744905043761 7.939814814814816e-05 1030
1744905054105 8.016975308641975e-05 1040
1744905064609 8.094135802469137e-05 1050
1744905074676 8.171296296296297e-05 1060
1744905084953 8.248456790123457e-05 1070
1744905095012 8.325617283950618e-05 1080
1744905105553 8.402777777777778e-05 1090
1744905115801 8.479938271604939e-05 1100
1744905125894 8.5570987654321e-05 1110
1744905136156 8.63425925925926e-05 1120
1744905146227 8.71141975308642e-05 1130
1744905156683 8.788580246913581e-05 1140
1744905167617 8.865740740740741e-05 1150
1744905177987 8.942901234567902e-05 1160
1744905188391 9.020061728395062e-05 1170
1744905198716 9.097222222222223e-05 1180
1744905209127 9.174382716049383e-05 1190
1744905219293 9.251543209876544e-05 1200
1744905229631 9.328703703703704e-05 1210
1744905239801 9.405864197530865e-05 1220
1744905250038 9.483024691358025e-05 1230
1744905260130 9.560185185185186e-05 1240
1744905270239 9.637345679012346e-05 1250
1744905280456 9.714506172839507e-05 1260
1744905290961 9.791666666666667e-05 1270
1744905301392 9.868827160493828e-05 1280
1744905311594 9.945987654320988e-05 1290
1744905346694 9.99999836774797e-05 1300
1744905356861 9.999969349963714e-05 1310
1744905367423 9.999904060154386e-05 1320
1744905378207 9.999802498793624e-05 1330
1744905388490 9.999664666618205e-05 1340
1744905399017 9.999490564628022e-05 1350
1744905409075 9.999280194086089e-05 1360
1744905419882 9.99903355651853e-05 1370
1744905430132 9.998750653714562e-05 1380
1744905440566 9.998431487726491e-05 1390
1744905450650 9.998076060869693e-05 1400
1744905460902 9.997684375722592e-05 1410
1744905471072 9.997256435126645e-05 1420
1744905481250 9.99679224218633e-05 1430
1744905491540 9.996291800269109e-05 1440
1744905501896 9.995755113005414e-05 1450
1744905512789 9.995182184288614e-05 1460
1744905523198 9.994573018274991e-05 1470
1744905533322 9.993927619383712e-05 1480
1744905543690 9.993245992296789e-05 1490
1744905553838 9.99252814195905e-05 1500
1744905564248 9.991774073578106e-05 1510
1744905574342 9.990983792624306e-05 1520
1744905584540 9.990157304830707e-05 1530
1744905594832 9.989294616193017e-05 1540
1744905605340 9.988395732969573e-05 1550
1744905615598 9.987460661681276e-05 1560
1744905625786 9.986489409111551e-05 1570
1744905635944 9.985481982306304e-05 1580
1744905646288 9.984438388573859e-05 1590
1744905656356 9.983358635484916e-05 1600
1744905666622 9.982242730872488e-05 1610
1744905676734 9.981090682831851e-05 1620
1744905687176 9.979902499720477e-05 1630
1744905697203 9.978678190157982e-05 1640
1744905707559 9.977417763026055e-05 1650
1744905717776 9.976121227468405e-05 1660
1744905727887 9.97478859289068e-05 1670
1744905738221 9.973419868960412e-05 1680
1744905748435 9.97201506560694e-05 1690
1744905759135 9.970574193021339e-05 1700
1744905769319 9.969097261656344e-05 1710
1744905779449 9.967584282226281e-05 1720
1744905814689 9.966035265706984e-05 1730
1744905825101 9.964450223335713e-05 1740
1744905835161 9.962829166611077e-05 1750
1744905845508 9.961172107292953e-05 1760
1744905855681 9.959479057402392e-05 1770
1744905866025 9.957750029221542e-05 1780
1744905876262 9.955985035293546e-05 1790
1744905886480 9.954184088422465e-05 1800
1744905896938 9.95234720167318e-05 1810
1744905907128 9.950474388371289e-05 1820
1744905917428 9.948565662103023e-05 1830
1744905927671 9.946621036715142e-05 1840
1744905937846 9.94464052631483e-05 1850
1744905948436 9.9426241452696e-05 1860
1744905958638 9.94057190820719e-05 1870
1744905969135 9.938483830015445e-05 1880
1744905979310 9.936359925842225e-05 1890
1744905989539 9.934200211095288e-05 1900
1744905999826 9.932004701442171e-05 1910
1744906009977 9.92977341281009e-05 1920
1744906020305 9.927506361385817e-05 1930
1744906030540 9.925203563615561e-05 1940
1744906041394 9.922865036204851e-05 1950
1744906051644 9.920490796118418e-05 1960
1744906061732 9.918080860580064e-05 1970
1744906072091 9.915635247072547e-05 1980
1744906082143 9.913153973337446e-05 1990
1744906092360 9.910637057375035e-05 2000
1744906102604 9.908084517444155e-05 2010
1744906113065 9.905496372062078e-05 2020
1744906123235 9.902872640004373e-05 2030
1744906133272 9.900213340304772e-05 2040
1744906143644 9.897518492255032e-05 2050
1744906153959 9.894788115404788e-05 2060
1744906164769 9.892022229561426e-05 2070
1744906174885 9.88922085478992e-05 2080
1744906185165 9.886384011412706e-05 2090
1744906195508 9.88351172000952e-05 2100
1744906205719 9.880604001417253e-05 2110
1744906216021 9.877660876729804e-05 2120
1744906226209 9.874682367297922e-05 2130
1744906236384 9.871668494729054e-05 2140
1744906246673 9.868619280887185e-05 2150
1744906256325 9.865534747892684e-05 2160
1744906291699 9.862414918122141e-05 2170
1744906302303 9.859259814208199e-05 2180
1744906312502 9.856069459039404e-05 2190
1744906323042 9.852843875760025e-05 2200
1744906333526 9.849583087769893e-05 2210
1744906343569 9.846287118724231e-05 2220
1744906353980 9.842955992533478e-05 2230
1744906364084 9.839589733363121e-05 2240
1744906374418 9.836188365633519e-05 2250
1744906384474 9.83275191401972e-05 2260
1744906394687 9.829280403451289e-05 2270
1744906404875 9.825773859112126e-05 2280
1744906415232 9.822232306440278e-05 2290
1744906425834 9.818655771127759e-05 2300
1744906435991 9.815044279120367e-05 2310
1744906446244 9.811397856617486e-05 2320
1744906456328 9.807716530071904e-05 2330
1744906466714 9.80400032618962e-05 2340
1744906476878 9.800249271929645e-05 2350
1744906487144 9.796463394503812e-05 2360
1744906497374 9.792642721376581e-05 2370
1744906507569 9.788787280264832e-05 2380
1744906517842 9.784897099137665e-05 2390
1744906527999 9.780972206216204e-05 2400
1744906538040 9.777012629973385e-05 2410
1744906548623 9.773018399133756e-05 2420
1744906559106 9.768989542673262e-05 2430
1744906569293 9.764926089819038e-05 2440
1744906579681 9.760828070049199e-05 2450
1744906590088 9.756695513092621e-05 2460
1744906600674 9.752528448928731e-05 2470
1744906610779 9.748326907787282e-05 2480
1744906621171 9.744090920148147e-05 2490
1744906631272 9.73982051674108e-05 2500
1744906641445 9.73551572854551e-05 2510
1744906651578 9.731176586790305e-05 2520
1744906661618 9.726803122953547e-05 2530
1744906671774 9.722395368762311e-05 2540
1744906682084 9.717953356192427e-05 2550
1744906692573 9.71347711746825e-05 2560
1744906703430 9.708966685062429e-05 2570
1744906714441 9.704422091695666e-05 2580
1744906725028 9.699843370336483e-05 2590
1744906760434 9.695230554200988e-05 2600
1744906770518 9.690583676752618e-05 2610
1744906781265 9.685902771701913e-05 2620
1744906791473 9.681187873006261e-05 2630
1744906802124 9.676439014869656e-05 2640
1744906812407 9.67165623174245e-05 2650
1744906822924 9.666839558321103e-05 2660
1744906833597 9.661989029547928e-05 2670
1744906843769 9.65710468061084e-05 2680
1744906854330 9.652186546943103e-05 2690
1744906864609 9.647234664223069e-05 2700
1744906875044 9.642249068373921e-05 2710
1744906885295 9.637229795563412e-05 2720
1744906895431 9.632176882203602e-05 2730
1744906906005 9.627090364950597e-05 2740
1744906916007 9.62197028070428e-05 2750
1744906926341 9.616816666608042e-05 2760
1744906936586 9.611629560048517e-05 2770
1744906946747 9.606408998655307e-05 2780
1744906957000 9.601155020300712e-05 2790
1744906967339 9.595867663099453e-05 2800
1744906977616 9.590546965408393e-05 2810
1744906987795 9.585192965826266e-05 2820
1744906998096 9.579805703193392e-05 2830
1744907008329 9.574385216591397e-05 2840
1744907018776 9.568931545342925e-05 2850
1744907029247 9.563444729011357e-05 2860
1744907039291 9.55792480740053e-05 2870
1744907049708 9.552371820554431e-05 2880
1744907059881 9.546785808756926e-05 2890
1744907070153 9.541166812531455e-05 2900
1744907080709 9.535514872640741e-05 2910
1744907091035 9.529830030086498e-05 2920
1744907101584 9.524112326109128e-05 2930
1744907111976 9.518361802187426e-05 2940
1744907122489 9.512578500038278e-05 2950
1744907132886 9.506762461616356e-05 2960
1744907143123 9.500913729113817e-05 2970
1744907153317 9.495032344959998e-05 2980
1744907163413 9.489118351821099e-05 2990
1744907173772 9.483171792599887e-05 3000
1744907184318 9.477192710435377e-05 3010
1744907194402 9.471181148702515e-05 3020
1744907229650 9.465137151011874e-05 3030
1744907239928 9.45906076120933e-05 3040
1744907250089 9.452952023375747e-05 3050
1744907260314 9.446810981826652e-05 3060
1744907270441 9.440637681111922e-05 3070
1744907280602 9.434432166015456e-05 3080
1744907290893 9.428194481554848e-05 3090
1744907301161 9.421924672981067e-05 3100
1744907311481 9.415622785778122e-05 3110
1744907321725 9.409288865662735e-05 3120
1744907332161 9.402922958584009e-05 3130
1744907342499 9.396525110723095e-05 3140
1744907352585 9.390095368492859e-05 3150
1744907362873 9.38363377853754e-05 3160
1744907372895 9.377140387732414e-05 3170
1744907383061 9.370615243183461e-05 3180
1744907393259 9.364058392227009e-05 3190
1744907403497 9.357469882429405e-05 3200
1744907413765 9.350849761586658e-05 3210
1744907423887 9.344198077724099e-05 3220
1744907434063 9.337514879096037e-05 3230
1744907444127 9.330800214185394e-05 3240
1744907454339 9.324054131703371e-05 3250
1744907464576 9.31727668058908e-05 3260
1744907474795 9.310467910009202e-05 3270
1744907485285 9.303627869357615e-05 3280
1744907495316 9.296756608255048e-05 3290
1744907505591 9.28985417654872e-05 3300
1744907515956 9.282920624311973e-05 3310
1744907526103 9.27595600184391e-05 3320
1744907536271 9.268960359669035e-05 3330
1744907546305 9.261933748536878e-05 3340
1744907556481 9.254876219421636e-05 3350
1744907566551 9.247787823521799e-05 3360
1744907576871 9.240668612259774e-05 3370
1744907587256 9.233518637281521e-05 3380
1744907597595 9.226337950456172e-05 3390
1744907607916 9.219126603875659e-05 3400
1744907618096 9.211884649854327e-05 3410
1744907628330 9.204612140928568e-05 3420
1744907638371 9.197309129856433e-05 3430
1744907648904 9.189975669617242e-05 3440
1744907659234 9.182611813411216e-05 3450
1744907694488 9.175217614659076e-05 3460
1744907704555 9.167793127001664e-05 3470
1744907714746 9.16033840429955e-05 3480
1744907724788 9.152853500632643e-05 3490
1744907735242 9.145338470299801e-05 3500
1744907745444 9.137793367818428e-05 3510
1744907755717 9.130218247924092e-05 3520
1744907765955 9.122613165570115e-05 3530
1744907776144 9.114978175927185e-05 3540
1744907786366 9.10731333438295e-05 3550
1744907796631 9.099618696541612e-05 3560
1744907806828 9.091894318223533e-05 3570
1744907817304 9.084140255464829e-05 3580
1744907827525 9.076356564516952e-05 3590
1744907837731 9.068543301846297e-05 3600
1744907847880 9.060700524133785e-05 3610
1744907858056 9.052828288274446e-05 3620
1744907868222 9.044926651377024e-05 3630
1744907878423 9.03699567076354e-05 3640
1744907888754 9.02903540396889e-05 3650
1744907898938 9.021045908740435e-05 3660
1744907909583 9.013027243037557e-05 3670
1744907919611 9.004979465031267e-05 3680
1744907929840 8.99690263310376e-05 3690
1744907940072 8.988796805848007e-05 3700
1744907950093 8.980662042067322e-05 3710
1744907960428 8.972498400774938e-05 3720
1744907970743 8.964305941193577e-05 3730
1744907981010 8.956084722755029e-05 3740
1744907991108 8.9478348050997e-05 3750
1744908001363 8.939556248076203e-05 3760
1744908011555 8.931249111740915e-05 3770
1744908021840 8.922913456357534e-05 3780
1744908032142 8.914549342396652e-05 3790
1744908042176 8.906156830535311e-05 3800
1744908052364 8.897735981656565e-05 3810
1744908062678 8.889286856849035e-05 3820
1744908072967 8.880809517406472e-05 3830
1744908083781 8.872304024827305e-05 3840
1744908094076 8.863770440814203e-05 3850
1744908105063 8.855208827273618e-05 3860
1744908115783 8.846619246315342e-05 3870
1744908125980 8.838001760252059e-05 3880
1744908160724 8.829356431598884e-05 3890
1744908171605 8.820683323072918e-05 3900
1744908181795 8.81198249759279e-05 3910
1744908191996 8.803254018278196e-05 3920
1744908202340 8.794497948449449e-05 3930
1744908212565 8.785714351627017e-05 3940
1744908222758 8.776903291531057e-05 3950
1744908233100 8.768064832080962e-05 3960
1744908243523 8.759199037394887e-05 3970
1744908253717 8.750305971789295e-05 3980
1744908264182 8.741385699778479e-05 3990
1744908274599 8.7324382860741e-05 4000
1744908284915 8.72346379558472e-05 4010
1744908295252 8.714462293415331e-05 4020
1744908305467 8.70543384486687e-05 4030
1744908315665 8.696378515435765e-05 4040
1744908325898 8.687296370813443e-05 4050
1744908336236 8.678187476885864e-05 4060
1744908346409 8.669051899733041e-05 4070
1744908357023 8.659889705628555e-05 4080
1744908367576 8.65070096103908e-05 4090
1744908377993 8.6414857326239e-05 4100
1744908388358 8.632244087234425e-05 4110
1744908398597 8.622976091913702e-05 4120
1744908408839 8.613681813895937e-05 4130
1744908419152 8.604361320606003e-05 4140
1744908429408 8.595014679658941e-05 4150
1744908439691 8.585641958859492e-05 4160
1744908449860 8.576243226201581e-05 4170
1744908460544 8.566818549867844e-05 4180
1744908470878 8.557367998229114e-05 4190
1744908481393 8.547891639843943e-05 4200
1744908491683 8.538389543458095e-05 4210
1744908501811 8.528861778004048e-05 4220
1744908512202 8.519308412600495e-05 4230
1744908522232 8.509729516551841e-05 4240
1744908532751 8.500125159347706e-05 4250
1744908542812 8.490495410662412e-05 4260
1744908553199 8.480840340354487e-05 4270
1744908563705 8.471160018466147e-05 4280
1744908574039 8.461454515222803e-05 4290
1744908584397 8.451723901032533e-05 4300
1744908594693 8.441968246485591e-05 4310
1744908604404 8.432187622353876e-05 4320
1744908639978 8.422382099590434e-05 4330
1744908650359 8.412551749328933e-05 4340
1744908660477 8.402696642883155e-05 4350
1744908670870 8.392816851746467e-05 4360
1744908681077 8.382912447591322e-05 4370
1744908691428 8.372983502268712e-05 4380
1744908701864 8.363030087807675e-05 4390
1744908712241 8.35305227641475e-05 4400
1744908722577 8.343050140473467e-05 4410
1744908732772 8.333023752543816e-05 4420
1744908743258 8.32297318536172e-05 4430
1744908753308 8.312898511838514e-05 4440
1744908763514 8.302799805060407e-05 4450
1744908773916 8.292677138287957e-05 4460
1744908783968 8.282530584955537e-05 4470
1744908794248 8.272360218670806e-05 4480
1744908804396 8.262166113214176e-05 4490
1744908814721 8.251948342538267e-05 4500
1744908825257 8.241706980767381e-05 4510
1744908835335 8.23144210219696e-05 4520
1744908845779 8.221153781293045e-05 4530
1744908855856 8.210842092691743e-05 4540
1744908866174 8.200507111198677e-05 4550
1744908876547 8.190148911788446e-05 4560
1744908886971 8.179767569604088e-05 4570
1744908897260 8.169363159956524e-05 4580
1744908907510 8.158935758324018e-05 4590
1744908917796 8.148485440351629e-05 4600
1744908928123 8.138012281850658e-05 4610
1744908938531 8.127516358798109e-05 4620
1744908948753 8.116997747336121e-05 4630
1744908958984 8.106456523771434e-05 4640
1744908969410 8.095892764574817e-05 4650
1744908979575 8.085306546380532e-05 4660
1744908989760 8.074697945985762e-05 4670
1744908999824 8.064067040350063e-05 4680
1744909010139 8.0534139065948e-05 4690
1744909020663 8.0427386220026e-05 4700
1744909030820 8.032041264016768e-05 4710
1744909041121 8.021321910240755e-05 4720
1744909051250 8.010580638437566e-05 4730
1744909061524 7.999817526529216e-05 4740
1744909071669 7.989032652596158e-05 4750
1744909107260 7.978226094876715e-05 4760
1744909117959 7.967397931766511e-05 4770
1744909128366 7.956548241817912e-05 4780
1744909138558 7.945677103739443e-05 4790
1744909148870 7.93478459639523e-05 4800
1744909159107 7.923870798804413e-05 4810
1744909169374 7.912935790140587e-05 4820
1744909179689 7.90197964973122e-05 4830
1744909189746 7.891002457057077e-05 4840
1744909199904 7.880004291751651e-05 4850
1744909209947 7.868985233600576e-05 4860
1744909220120 7.857945362541053e-05 4870
1744909230177 7.846884758661267e-05 4880
1744909240335 7.83580350219981e-05 4890
1744909250688 7.824701673545098e-05 4900
1744909260894 7.813579353234789e-05 4910
1744909271211 7.802436621955189e-05 4920
1744909281242 7.791273560540684e-05 4930
1744909291412 7.780090249973134e-05 4940
1744909301619 7.768886771381305e-05 4950
1744909311709 7.757663206040264e-05 4960
1744909321896 7.746419635370798e-05 4970
1744909331992 7.735156140938827e-05 4980
1744909342283 7.723872804454797e-05 4990
1744909352454 7.712569707773105e-05 5000
1744909362771 7.701246932891497e-05 5010
1744909373307 7.689904561950467e-05 5020
1744909383447 7.678542677232674e-05 5030
1744909393761 7.667161361162338e-05 5040
1744909404061 7.655760696304641e-05 5050
1744909414347 7.644340765365129e-05 5060
1744909424486 7.632901651189115e-05 5070
1744909435149 7.621443436761074e-05 5080
1744909445604 7.609966205204045e-05 5090
1744909456127 7.598470039779024e-05 5100
1744909466590 7.586955023884364e-05 5110
1744909477027 7.575421241055162e-05 5120
1744909487220 7.563868774962667e-05 5130
1744909497443 7.552297709413658e-05 5140
1744909507580 7.540708128349849e-05 5150
1744909517842 7.529100115847265e-05 5160
1744909527930 7.517473756115651e-05 5170
1744909538663 7.505829133497845e-05 5180
1744909574039 7.494166332469172e-05 5190
1744909584151 7.482485437636835e-05 5200
1744909594391 7.470786533739296e-05 5210
1744909604809 7.459069705645658e-05 5220
1744909614900 7.447335038355063e-05 5230
1744909625210 7.435582616996063e-05 5240
1744909635630 7.423812526825999e-05 5250
1744909645814 7.4120248532304e-05 5260
1744909656061 7.400219681722349e-05 5270
1744909666191 7.388397097941865e-05 5280
1744909676411 7.376557187655284e-05 5290
1744909686909 7.364700036754639e-05 5300
1744909697398 7.352825731257032e-05 5310
1744909707528 7.34093435730401e-05 5320
1744909717794 7.329026001160948e-05 5330
1744909727980 7.317100749216412e-05 5340
1744909738230 7.305158687981539e-05 5350
1744909748536 7.293199904089413e-05 5360
1744909758780 7.281224484294424e-05 5370
1744909769368 7.26923251547165e-05 5380
1744909779436 7.257224084616224e-05 5390
1744909789725 7.245199278842702e-05 5400
1744909799999 7.233158185384426e-05 5410
1744909810297 7.221100891592907e-05 5420
1744909820735 7.209027484937168e-05 5430
1744909830771 7.196938053003129e-05 5440
1744909841111 7.184832683492965e-05 5450
1744909851488 7.172711464224467e-05 5460
1744909861670 7.160574483130407e-05 5470
1744909871934 7.148421828257902e-05 5480
1744909882557 7.136253587767772e-05 5490
1744909892717 7.124069849933903e-05 5500
1744909902831 7.111870703142606e-05 5510
1744909913039 7.099656235891976e-05 5520
1744909923549 7.087426536791249e-05 5530
1744909934094 7.075181694560155e-05 5540
1744909944252 7.062921798028289e-05 5550
1744909954283 7.050646936134449e-05 5560
1744909964538 7.038357197925998e-05 5570
1744909975033 7.026052672558225e-05 5580
1744909985243 7.013733449293687e-05 5590
1744909995626 7.001399617501564e-05 5600
1744910005786 6.989051266657019e-05 5610
1744910040711 6.976688486340536e-05 5620
1744910051054 6.964311366237283e-05 5630
1744910061092 6.951919996136453e-05 5640
1744910071256 6.939514465930614e-05 5650
1744910081413 6.927094865615053e-05 5660
1744910091637 6.914661285287143e-05 5670
1744910101890 6.902213815145655e-05 5680
1744910111964 6.889752545490138e-05 5690
1744910122133 6.877277566720241e-05 5700
1744910132798 6.86478896933507e-05 5710
1744910142968 6.852286843932518e-05 5720
1744910153644 6.839771281208628e-05 5730
1744910163737 6.827242371956914e-05 5740
1744910174228 6.814700207067719e-05 5750
1744910184573 6.802144877527541e-05 5760
1744910194748 6.789576474418386e-05 5770
1744910205033 6.776995088917097e-05 5780
1744910215201 6.764400812294702e-05 5790
1744910225542 6.751793735915744e-05 5800
1744910235654 6.739173951237623e-05 5810
1744910245895 6.726541549809925e-05 5820
1744910256456 6.713896623273773e-05 5830
1744910266810 6.701239263361146e-05 5840
1744910277122 6.688569561894222e-05 5850
1744910287186 6.675887610784708e-05 5860
1744910297378 6.663193502033182e-05 5870
1744910307488 6.650487327728412e-05 5880
1744910317804 6.637769180046697e-05 5890
1744910327981 6.6250391512512e-05 5900
1744910338044 6.612297333691268e-05 5910
1744910348233 6.599543819801777e-05 5920
1744910358384 6.586778702102445e-05 5930
1744910368654 6.574002073197177e-05 5940
1744910378804 6.56121402577338e-05 5950
1744910389050 6.548414652601297e-05 5960
1744910399187 6.535604046533338e-05 5970
1744910409474 6.522782300503393e-05 5980
1744910419684 6.509949507526175e-05 5990
1744910429809 6.49710576069653e-05 6000
1744910440192 6.48425115318877e-05 6010
1744910450352 6.471385778255999e-05 6020
1744910460439 6.458509729229426e-05 6030
1744910470777 6.4456230995177e-05 6040
1744910505783 6.432725982606225e-05 6050
1744910516036 6.419818472056485e-05 6060
1744910526262 6.40690066150536e-05 6070
1744910536461 6.393972644664458e-05 6080
1744910546759 6.381034515319422e-05 6090
1744910557267 6.368086367329258e-05 6100
1744910567352 6.35512829462565e-05 6110
1744910577976 6.342160391212288e-05 6120
1744910588445 6.329182751164165e-05 6130
1744910598674 6.316195468626918e-05 6140
1744910608906 6.303198637816132e-05 6150
1744910618974 6.290192353016662e-05 6160
1744910629025 6.277176708581938e-05 6170
1744910639101 6.264151798933303e-05 6180
1744910649455 6.251117718559298e-05 6190
1744910659748 6.238074562015008e-05 6200
1744910669956 6.225022423921347e-05 6210
1744910680163 6.211961398964396e-05 6220
1744910690529 6.198891581894698e-05 6230
1744910701133 6.185813067526582e-05 6240
1744910711307 6.17272595073747e-05 6250
1744910721897 6.159630326467189e-05 6260
1744910732279 6.146526289717283e-05 6270
1744910742602 6.133413935550328e-05 6280
1744910752802 6.120293359089231e-05 6290
1744910762854 6.107164655516552e-05 6300
1744910773431 6.094027920073811e-05 6310
1744910783717 6.080883248060787e-05 6320
1744910794208 6.0677307348348414e-05 6330
1744910804412 6.0545704758102175e-05 6340
1744910814588 6.041402566457348e-05 6350
1744910824957 6.028227102302168e-05 6360
1744910835011 6.015044178925415e-05 6370
1744910845304 6.001853891961944e-05 6380
1744910855725 5.9886563371000196e-05 6390
1744910865760 5.9754516100806423e-05 6400
1744910876070 5.9622398066968344e-05 6410
1744910886219 5.9490210227929555e-05 6420
1744910896728 5.93579535426401e-05 6430
1744910906793 5.922562897054937e-05 6440
1744910917301 5.9093237471599315e-05 6450
1744910928201 5.896078000621736e-05 6460
1744910938576 5.882825753530954e-05 6470
1744910948837 5.869567102025335e-05 6480
1744910984436 5.856302142289105e-05 6490
1744910994649 5.843030970552238e-05 6500
1744911004796 5.829753683089782e-05 6510
1744911014985 5.816470376221147e-05 6520
1744911025460 5.8031811463094135e-05 6530
1744911036176 5.7898860897606255e-05 6540
1744911046359 5.776585303023101e-05 6550
1744911056834 5.7632788825867256e-05 6560
1744911066870 5.749966924982255e-05 6570
1744911077027 5.736649526780611e-05 6580
1744911087169 5.723326784592188e-05 6590
1744911097473 5.7099987950661435e-05 6600
1744911107756 5.696665654889708e-05 6610
1744911118208 5.683327460787471e-05 6620
1744911128909 5.669984309520688e-05 6630
1744911139343 5.656636297886575e-05 6640
1744911149952 5.6432835227176115e-05 6650
1744911160192 5.629926080880828e-05 6660
1744911170326 5.61656406927711e-05 6670
1744911180658 5.603197584840499e-05 6680
1744911191058 5.58982672453748e-05 6690
1744911201251 5.576451585366282e-05 6700
1744911211500 5.5630722643561785e-05 6710
1744911221737 5.549688858566777e-05 6720
1744911232019 5.536301465087319e-05 6730
1744911242408 5.5229101810359726e-05 6740
1744911252665 5.5095151035591355e-05 6750
1744911262861 5.496116329830716e-05 6760
1744911272978 5.482713957051444e-05 6770
1744911283364 5.469308082448155e-05 6780
1744911293518 5.4558988032730896e-05 6790
1744911303721 5.442486216803185e-05 6800
1744911313770 5.429070420339373e-05 6810
1744911323963 5.415651511205873e-05 6820
1744911334421 5.402229586749479e-05 6830
1744911344985 5.388804744338869e-05 6840
1744911355368 5.3753770813638814e-05 6850
1744911365702 5.361946695234818e-05 6860
1744911376171 5.3485136833817396e-05 6870
1744911386605 5.335078143253751e-05 6880
1744911396704 5.321640172318297e-05 6890
1744911406971 5.308199868060462e-05 6900
1744911417030 5.2947573279822525e-05 6910
1744911452240 5.281312649601897e-05 6920
1744911462928 5.267865930453135e-05 6930
1744911472981 5.254417268084514e-05 6940
1744911483724 5.240966760058672e-05 6950
1744911493779 5.227514503951642e-05 6960
1744911504292 5.2140605973521354e-05 6970
1744911514692 5.20060513786084e-05 6980
1744911524902 5.187148223089704e-05 6990
1744911535317 5.173689950661239e-05 7000
1744911545394 5.1602304182077996e-05 7010
1744911555618 5.1467697233708866e-05 7020
1744911565834 5.133307963800429e-05 7030
1744911576249 5.119845237154084e-05 7040
1744911586665 5.106381641096516e-05 7050
1744911596898 5.092917273298711e-05 7060
1744911607133 5.0794522314372385e-05 7070
1744911617285 5.065986613193566e-05 7080
1744911627452 5.052520516253342e-05 7090
1744911637734 5.0390540383056875e-05 7100
1744911647852 5.0255872770424825e-05 7110
1744911658434 5.01212033015767e-05 7120
1744911668887 4.9986532953465355e-05 7130
1744911679413 4.985186270305e-05 7140
1744911689572 4.971719352728918e-05 7150
1744911699813 4.958252640313364e-05 7160
1744911710211 4.9447862307519236e-05 7170
1744911720541 4.931320221735981e-05 7180
1744911730874 4.917854710954021e-05 7190
1744911741293 4.904389796090911e-05 7200
1744911751616 4.890925574827195e-05 7210
1744911762051 4.8774621448383866e-05 7220
1744911772293 4.863999603794258e-05 7230
1744911782625 4.850538049358135e-05 7240
1744911793005 4.8370775791861815e-05 7250
1744911803339 4.8236182909266994e-05 7260
1744911813490 4.8101602822194166e-05 7270
1744911823844 4.796703650694777e-05 7280
1744911834238 4.783248493973233e-05 7290
1744911844265 4.76979490966454e-05 7300
1744911854762 4.756342995367045e-05 7310
1744911864842 4.7428928486669847e-05 7320
1744911875114 4.729444567137763e-05 7330
1744911885543 4.715998248339263e-05 7340
1744911920956 4.702553989817123e-05 7350
1744911931022 4.68911188910204e-05 7360
1744911941220 4.6756720437090516e-05 7370
1744911951300 4.6622345511368385e-05 7380
1744911961672 4.648799508867012e-05 7390
1744911972077 4.635367014363408e-05 7400
1744911982144 4.621937165071378e-05 7410
1744911992473 4.608510058417086e-05 7420
1744912002557 4.5950857918067986e-05 7430
1744912013003 4.581664462626181e-05 7440
1744912023189 4.568246168239586e-05 7450
1744912033427 4.554831005989352e-05 7460
1744912043658 4.541419073195099e-05 7470
1744912053741 4.528010467153016e-05 7480
1744912064126 4.514605285135152e-05 7490
1744912074180 4.501203624388729e-05 7500
1744912084447 4.487805582135415e-05 7510
1744912094765 4.474411255570634e-05 7520
1744912105108 4.461020741862848e-05 7530
1744912115301 4.447634138152862e-05 7540
1744912125684 4.434251541553118e-05 7550
1744912136010 4.4208730491469886e-05 7560
1744912146330 4.4074987579880685e-05 7570
1744912156859 4.394128765099477e-05 7580
1744912167145 4.380763167473155e-05 7590
1744912177454 4.367402062069152e-05 7600
1744912187824 4.3540455458149345e-05 7610
1744912197894 4.340693715604672e-05 7620
1744912208129 4.327346668298548e-05 7630
1744912218386 4.314004500722037e-05 7640
1744912228811 4.300667309665222e-05 7650
1744912239225 4.287335191882083e-05 7660
1744912249332 4.274008244089795e-05 7670
1744912259500 4.260686562968024e-05 7680
1744912269580 4.247370245158235e-05 7690
1744912279765 4.234059387262985e-05 7700
1744912290158 4.220754085845218e-05 7710
1744912300815 4.20745443742757e-05 7720
1744912311356 4.1941605384916707e-05 7730
1744912321521 4.1808724854774365e-05 7740
1744912331824 4.16759037478238e-05 7750
1744912342257 4.154314302760898e-05 7760
1744912352934 4.141044365723587e-05 7770
1744912388091 4.1277806599365334e-05 7780
1744912398389 4.114523281620624e-05 7790
1744912408418 4.1012723269508365e-05 7800
1744912418942 4.088027892055552e-05 7810
1744912429243 4.0747900730158565e-05 7820
1744912439464 4.0615589658648416e-05 7830
1744912449695 4.0483346665869e-05 7840
1744912459762 4.0351172711170466e-05 7850
1744912469944 4.0219068753402076e-05 7860
1744912480033 4.0087035750905346e-05 7870
1744912490182 3.995507466150699e-05 7880
1744912500218 3.982318644251208e-05 7890
1744912510645 3.969137205069703e-05 7900
1744912521182 3.955963244230271e-05 7910
1744912531362 3.9427968573027426e-05 7920
1744912541866 3.929638139802007e-05 7930
1744912552011 3.9164871871873173e-05 7940
1744912562489 3.903344094861594e-05 7950
1744912572681 3.8902089581707356e-05 7960
1744912583112 3.8770818724029276e-05 7970
1744912593873 3.863962932787955e-05 7980
1744912603994 3.850852234496497e-05 7990
1744912614176 3.837749872639452e-05 8000
1744912624192 3.8246559422672465e-05 8010
1744912634454 3.8115705383691355e-05 8020
1744912644694 3.798493755872519e-05 8030
1744912654789 3.7854256896422545e-05 8040
1744912665075 3.772366434479971e-05 8050
1744912675387 3.7593160851233745e-05 8060
1744912685677 3.7462747362455635e-05 8070
1744912695781 3.7332424824543464e-05 8080
1744912705996 3.7202194182915496e-05 8090
1744912716225 3.707205638232334e-05 8100
1744912726570 3.6942012366845096e-05 8110
1744912737313 3.68120630798785e-05 8120
1744912748114 3.6682209464134086e-05 8130
1744912758504 3.65524524616284e-05 8140
1744912769237 3.6422793013676994e-05 8150
1744912779813 3.62932320608878e-05 8160
1744912790724 3.616377054315423e-05 8170
1744912801059 3.603440939964832e-05 8180
1744912811201 3.590514956881392e-05 8190
1744912821230 3.577599198835998e-05 8200
1744912856135 3.5646937595253624e-05 8210
1744912866345 3.5517987325713434e-05 8220
1744912876559 3.5389142115202625e-05 8230
1744912887091 3.526040289842225e-05 8240
1744912897382 3.513177060930448e-05 8250
1744912907400 3.500324618100577e-05 8260
1744912917552 3.4874830545900045e-05 8270
1744912927788 3.4746524635572076e-05 8280
1744912937858 3.461832938081059e-05 8290
1744912947902 3.449024571160163e-05 8300
1744912957946 3.4362274557121633e-05 8310
1744912968394 3.423441684573093e-05 8320
1744912978593 3.410667350496683e-05 8330
1744912988753 3.3979045461536914e-05 8340
1744912999057 3.385153364131239e-05 8350
1744913009265 3.372413896932132e-05 8360
1744913019612 3.3596862369741916e-05 8370
1744913029867 3.346970476589583e-05 8380
1744913040079 3.334266708024149e-05 8390
1744913051016 3.321575023436736e-05 8400
1744913061175 3.30889551489853e-05 8410
1744913071601 3.2962282743923835e-05 8420
1744913081986 3.283573393812153e-05 8430
1744913092211 3.2709309649620304e-05 8440
1744913102513 3.25830107955588e-05 8450
1744913112577 3.245683829216564e-05 8460
1744913122881 3.2330793054752873e-05 8470
1744913133112 3.2204875997709326e-05 8480
1744913143575 3.2079088034493956e-05 8490
1744913153641 3.195343007762912e-05 8500
1744913164052 3.182790303869416e-05 8510
1744913174473 3.170250782831864e-05 8520
1744913184613 3.157724535617579e-05 8530
1744913194901 3.1452116530975844e-05 8540
1744913205055 3.1327122260459576e-05 8550
1744913215317 3.12022634513916e-05 8560
1744913225617 3.107754100955385e-05 8570
1744913235904 3.0952955839738954e-05 8580
1744913246313 3.082850884574374e-05 8590
1744913256481 3.070420093036265e-05 8600
1744913266802 3.05800329953812e-05 8610
1744913276898 3.0456005941569354e-05 8620
1744913287469 3.0332120668675122e-05 8630
1744913297424 3.0208378075417977e-05 8640
1744913333209 3.0084779059482322e-05 8650
1744913343538 2.996132451751092e-05 8660
1744913354471 2.9838015345098552e-05 8670
1744913365249 2.9714852436785368e-05 8680
1744913376013 2.9591836686050485e-05 8690
1744913386169 2.946896898530542e-05 8700
1744913396451 2.9346250225887712e-05 8710
1744913406964 2.922368129805442e-05 8720
1744913417358 2.9101263090975615e-05 8730
1744913427802 2.8978996492727994e-05 8740
1744913437969 2.8856882390288454e-05 8750
1744913448309 2.8734921669527553e-05 8760
1744913458614 2.8613115215203167e-05 8770
1744913468698 2.8491463910954104e-05 8780
1744913479234 2.8369968639293564e-05 8790
1744913489512 2.8248630281602894e-05 8800
1744913500057 2.8127449718125075e-05 8810
1744913510122 2.800642782795835e-05 8820
1744913520418 2.7885565489049946e-05 8830
1744913530801 2.776486357818958e-05 8840
1744913541051 2.764432297100315e-05 8850
1744913551396 2.7523944541946435e-05 8860
1744913562134 2.7403729164298634e-05 8870
1744913572306 2.7283677710156175e-05 8880
1744913582595 2.7163791050426234e-05 8890
1744913592735 2.7044070054820513e-05 8900
1744913603107 2.6924515591848955e-05 8910
1744913613248 2.6805128528813384e-05 8920
1744913623452 2.6685909731801195e-05 8930
1744913633489 2.6566860065679123e-05 8940
1744913643847 2.6447980394086978e-05 8950
1744913654150 2.6329271579431332e-05 8960
1744913664253 2.6210734482879252e-05 8970
1744913674892 2.609236996435216e-05 8980
1744913684978 2.597417888251943e-05 8990
1744913695141 2.5856162094792342e-05 9000
1744913705300 2.5738320457317698e-05 9010
1744913715403 2.562065482497169e-05 9020
1744913725715 2.550316605135372e-05 9030
1744913735934 2.53858549887802e-05 9040
1744913746164 2.5268722488278225e-05 9050
1744913756251 2.515176939957965e-05 9060
1744913766745 2.5034996571114756e-05 9070
1744913802008 2.4918404850006127e-05 9080
1744913812987 2.480199508206248e-05 9090
1744913823238 2.4685768111772644e-05 9100
1744913833636 2.4569724782299276e-05 9110
1744913844180 2.4453865935472837e-05 9120
1744913854742 2.4338192411785503e-05 9130
1744913864982 2.4222705050384987e-05 9140
1744913875495 2.4107404689068553e-05 9150
1744913885878 2.399229216427682e-05 9160
1744913896080 2.3877368311087766e-05 9170
1744913906394 2.3762633963210725e-05 9180
1744913916585 2.3648089952980202e-05 9190
1744913926866 2.3533737111349917e-05 9200
1744913937105 2.3419576267886807e-05 9210
1744913947148 2.330560825076495e-05 9220
1744913957474 2.3191833886759562e-05 9230
1744913967617 2.307825400124099e-05 9240
1744913977914 2.2964869418168822e-05 9250
1744913988249 2.2851680960085752e-05 9260
1744913998476 2.2738689448111762e-05 9270
1744914008755 2.262589570193805e-05 9280
1744914019109 2.2513300539821135e-05 9290
1744914029373 2.2400904778576963e-05 9300
1744914039823 2.22887092335749e-05 9310
1744914050279 2.2176714718731832e-05 9320
1744914060827 2.2064922046506347e-05 9330
1744914071273 2.1953332027892703e-05 9340
1744914081609 2.1841945472415094e-05 9350
1744914092031 2.1730763188121634e-05 9360
1744914102460 2.1619785981578573e-05 9370
1744914112763 2.150901465786446e-05 9380
1744914122937 2.139845002056432e-05 9390
1744914133264 2.1288092871763648e-05 9400
1744914143435 2.1177944012042843e-05 9410
1744914153605 2.1068004240471258e-05 9420
1744914163833 2.0958274354601393e-05 9430
1744914174098 2.084875515046315e-05 9440
1744914184343 2.0739447422558095e-05 9450
1744914194420 2.0630351963853587e-05 9460
1744914204614 2.0521469565777153e-05 9470
1744914214901 2.0412801018210627e-05 9480
1744914225494 2.0304347109484484e-05 9490
1744914236072 2.0196108626372167e-05 9500
1744914270726 2.008808635408426e-05 9510
1744914280864 1.9980281076262863e-05 9520
1744914291381 1.9872693574975937e-05 9530
1744914301436 1.9765324630711613e-05 9540
1744914311766 1.96581750223724e-05 9550
1744914321888 1.9551245527269753e-05 9560
1744914332496 1.9444536921118313e-05 9570
1744914342923 1.9338049978030253e-05 9580
1744914353252 1.9231785470509713e-05 9590
1744914363633 1.9125744169447212e-05 9600
1744914373963 1.9019926844113996e-05 9610
1744914384413 1.891433426215653e-05 9620
1744914394484 1.8808967189590848e-05 9630
1744914405070 1.8703826390797048e-05 9640
1744914415380 1.8598912628513767e-05 9650
1744914425834 1.849422666383258e-05 9660
1744914435996 1.8389769256192518e-05 9670
1744914446349 1.8285541163374592e-05 9680
1744914456963 1.818154314149621e-05 9690
1744914467679 1.8077775945005802e-05 9700
1744914478317 1.7974240326677234e-05 9710
1744914488808 1.7870937037604397e-05 9720
1744914498915 1.7767866827195805e-05 9730
1744914509213 1.7665030443169135e-05 9740
1744914519580 1.7562428631545658e-05 9750
1744914530080 1.746006213664507e-05 9760
1744914540316 1.7357931701079965e-05 9770
1744914550481 1.7256038065750397e-05 9780
1744914560827 1.715438196983859e-05 9790
1744914570952 1.705296415080359e-05 9800
1744914581151 1.6951785344375805e-05 9810
1744914591426 1.68508462845518e-05 9820
1744914601521 1.6750147703588886e-05 9830
1744914611749 1.6649690331999805e-05 9840
1744914622316 1.6549474898547503e-05 9850
1744914632745 1.6449502130239814e-05 9860
1744914643325 1.6349772752324066e-05 9870
1744914653468 1.625028748828203e-05 9880
1744914663621 1.6151047059824555e-05 9890
1744914673669 1.6052052186886257e-05 9900
1744914683942 1.595330358762047e-05 9910
1744914694139 1.585480197839394e-05 9920
1744914704624 1.5756548073781603e-05 9930
1744914739682 1.5658542586561413e-05 9940
1744914750084 1.5560786227709273e-05 9950
1744914760473 1.546327970639371e-05 9960
1744914770971 1.5366023729970898e-05 9970
1744914781666 1.5269019003979386e-05 9980
1744914792189 1.5172266232135035e-05 9990
1744914802441 1.5075766116325985e-05 10000
1744914812732 1.4979519356607425e-05 10010
1744914823121 1.4883526651196599e-05 10020
1744914833616 1.4787788696467769e-05 10030
1744914843906 1.469230618694707e-05 10040
1744914854033 1.4597079815307562e-05 10050
1744914864254 1.4502110272364122e-05 10060
1744914874371 1.4407398247068538e-05 10070
1744914884745 1.431294442650437e-05 10080
1744914895276 1.4218749495882133e-05 10090
1744914905583 1.4124814138534165e-05 10100
1744914915806 1.4031139035909762e-05 10110
1744914926073 1.3937724867570257e-05 10120
1744914936341 1.3844572311183995e-05 10130
1744914946950 1.3751682042521474e-05 10140
1744914957481 1.3659054735450494e-05 10150
1744914967812 1.3566691061931136e-05 10160
1744914978003 1.3474591692011036e-05 10170
1744914988373 1.3382757293820409e-05 10180
1744914998468 1.3291188533567239e-05 10190
1744915008772 1.3199886075532492e-05 10200
1744915018997 1.3108850582065257e-05 10210
1744915029172 1.3018082713577877e-05 10220
1744915039408 1.2927583128541287e-05 10230
1744915049543 1.2837352483480191e-05 10240
1744915060044 1.2747391432968187e-05 10250
1744915070264 1.2657700629623192e-05 10260
1744915080528 1.2568280724102632e-05 10270
1744915090702 1.2479132365098678e-05 10280
1744915100862 1.2390256199333583e-05 10290
1744915111298 1.230165287155503e-05 10300
1744915121950 1.2213323024531353e-05 10310
1744915132589 1.2125267299046993e-05 10320
1744915143126 1.2037486333897751e-05 10330
1744915153210 1.1949980765886198e-05 10340
1744915163619 1.1862751229817054e-05 10350
1744915173960 1.1775798358492629e-05 10360
1744915208888 1.1689122782708062e-05 10370
1744915219242 1.1602725131246978e-05 10380
1744915229657 1.151660603087678e-05 10390
1744915239997 1.1430766106344132e-05 10400
1744915250337 1.1345205980370405e-05 10410
1744915260666 1.1259926273647236e-05 10420
1744915271013 1.117492760483193e-05 10430
1744915281111 1.1090210590543065e-05 10440
1744915291325 1.100577584535592e-05 10450
1744915301528 1.0921623981798073e-05 10460
1744915311588 1.0837755610345008e-05 10470
1744915321925 1.0754171339415563e-05 10480
1744915332059 1.0670871775367603e-05 10490
1744915342097 1.0587857522493627e-05 10500
1744915352267 1.0505129183016322e-05 10510
1744915362420 1.0422687357084266e-05 10520
1744915372589 1.0340532642767514e-05 10530
1744915382807 1.0258665636053272e-05 10540
1744915393243 1.0177086930841617e-05 10550
1744915403441 1.0095797118941175e-05 10560
1744915413875 1.0014796790064728e-05 10570
1744915424217 9.934086531825093e-06 10580
1744915434424 9.853666929730782e-06 10590
1744915444959 9.773538567181711e-06 10600
1744915455052 9.693702025465035e-06 10610
1744915465253 9.614157883750935e-06 10620
1744915475677 9.534906719088355e-06 10630
1744915486200 9.455949106400858e-06 10640
1744915496751 9.377285618482473e-06 10650
1744915506840 9.298916825993481e-06 10660
1744915517171 9.220843297456356e-06 10670
1744915527300 9.14306559925155e-06 10680
1744915537457 9.065584295613428e-06 10690
1744915547741 8.988399948626214e-06 10700
1744915557989 8.911513118219872e-06 10710
1744915568318 8.834924362165992e-06 10720
1744915578441 8.758634236073843e-06 10730
1744915588608 8.682643293386317e-06 10740
1744915598934 8.606952085375852e-06 10750
1744915609019 8.531561161140483e-06 10760
1744915619706 8.45647106759988e-06 10770
1744915629953 8.381682349491315e-06 10780
1744915640380 8.307195549365793e-06 10790
1744915649926 8.233011207584019e-06 10800
1744915685625 8.159129862312548e-06 10810
1744915695885 8.08555204951989e-06 10820
1744915706161 8.01227830297256e-06 10830
1744915716252 7.939309154231239e-06 10840
1744915726721 7.866645132646955e-06 10850
1744915737064 7.79428676535715e-06 10860
1744915747534 7.722234577281983e-06 10870
1744915757729 7.650489091120388e-06 10880
1744915768124 7.5790508273463675e-06 10890
1744915778282 7.507920304205202e-06 10900
1744915788369 7.437098037709694e-06 10910
1744915798777 7.366584541636384e-06 10920
1744915808907 7.296380327521857e-06 10930
1744915819268 7.226485904659058e-06 10940
1744915829834 7.156901780093539e-06 10950
1744915840101 7.087628458619811e-06 10960
1744915850793 7.018666442777693e-06 10970
1744915861258 6.950016232848638e-06 10980
1744915871533 6.881678326852136e-06 10990
1744915881964 6.813653220542071e-06 11000
1744915892153 6.745941407403128e-06 11010
1744915902402 6.678543378647256e-06 11020
1744915912679 6.611459623210037e-06 11030
1744915923134 6.544690627747174e-06 11040
1744915933177 6.478236876630988e-06 11050
1744915943749 6.41209885194688e-06 11060
1744915954163 6.346277033489762e-06 11070
1744915964393 6.280771898760718e-06 11080
1744915974743 6.215583922963442e-06 11090
1744915985097 6.150713579000805e-06 11100
1744915995289 6.086161337471436e-06 11110
1744916005442 6.021927666666322e-06 11120
1744916015757 5.9580130325653625e-06 11130
1744916026074 5.89441789883407e-06 11140
1744916036352 5.831142726820116e-06 11150
1744916046701 5.768187975550027e-06 11160
1744916057221 5.7055541017258855e-06 11170
1744916067624 5.643241559721957e-06 11180
1744916078283 5.581250801581417e-06 11190
1744916088360 5.5195822770131074e-06 11200
1744916098653 5.458236433388225e-06 11210
1744916108975 5.397213715737093e-06 11220
1744916119468 5.336514566745909e-06 11230
1744916154399 5.276139426753618e-06 11240
1744916164542 5.216088733748597e-06 11250
1744916175090 5.156362923365588e-06 11260
1744916185270 5.096962428882446e-06 11270
1744916195338 5.0378876812170575e-06 11280
1744916205606 4.979139108924213e-06 11290
1744916215739 4.920717138192455e-06 11300
1744916226294 4.8626221928409985e-06 11310
1744916236633 4.804854694316724e-06 11320
1744916246951 4.747415061690996e-06 11330
1744916257432 4.6903037116567625e-06 11340
1744916267777 4.633521058525408e-06 11350
1744916278267 4.577067514223815e-06 11360
1744916288406 4.520943488291379e-06 11370
1744916298694 4.465149387877027e-06 11380
1744916308973 4.409685617736209e-06 11390
1744916319132 4.354552580228055e-06 11400
1744916329473 4.2997506753124304e-06 11410
1744916339887 4.2452803005469384e-06 11420
1744916350626 4.191141851084185e-06 11430
1744916361551 4.137335719668822e-06 11440
1744916371774 4.083862296634705e-06 11450
1744916382055 4.030721969902074e-06 11460
1744916392432 3.977915124974763e-06 11470
1744916402679 3.925442144937336e-06 11480
1744916412898 3.8733034104524004e-06 11490
1744916423312 3.821499299757758e-06 11500
1744916433951 3.770030188663709e-06 11510
1744916444076 3.718896450550324e-06 11520
1744916454357 3.6680984563647434e-06 11530
1744916465096 3.617636574618416e-06 11540
1744916475865 3.5675111713845298e-06 11550
1744916486432 3.517722610295299e-06 11560
1744916496640 3.468271252539318e-06 11570
1744916507294 3.419157456858951e-06 11580
1744916517348 3.3703815795477658e-06 11590
1744916527610 3.3219439744478885e-06 11600
1744916537705 3.273844992947489e-06 11610
1744916548103 3.226084983978195e-06 11620
1744916558306 3.178664294012568e-06 11630
1744916568400 3.131583267061622e-06 11640
1744916578635 3.0848422446722867e-06 11650
1744916588947 3.038441565924938e-06 11660
1744916624003 2.9923815674309683e-06 11670
1744916634319 2.946662583330301e-06 11680
1744916644577 2.9012849452890013e-06 11690
1744916654868 2.8562489824968563e-06 11700
1744916665280 2.811555021664969e-06 11710
1744916675469 2.767203387023426e-06 11720
1744916685730 2.7231944003189346e-06 11730
1744916696217 2.6795283808124515e-06 11740
1744916706625 2.636205645276907e-06 11750
1744916716909 2.5932265079949115e-06 11760
1744916727253 2.5505912807564367e-06 11770
1744916737671 2.5083002728565785e-06 11780
1744916747868 2.4663537910933286e-06 11790
1744916758096 2.424752139765318e-06 11800
1744916768271 2.3834956206696125e-06 11810
1744916778450 2.3425845330995623e-06 11820
1744916788742 2.3020191738425735e-06 11830
1744916798918 2.261799837178008e-06 11840
1744916809125 2.2219268148750027e-06 11850
1744916819294 2.1824003961903815e-06 11860
1744916829464 2.143220867866552e-06 11870
1744916839916 2.1043885141294463e-06 11880
1744916850370 2.0659036166863766e-06 11890
1744916860582 2.027766454724106e-06 11900
1744916870805 1.9899773049067537e-06 11910
1744916881380 1.952536441373798e-06 11920
1744916891726 1.9154441357380757e-06 11930
1744916901824 1.8787006570838595e-06 11940
1744916912034 1.8423062719648553e-06 11950
1744916922143 1.8062612444022909e-06 11960
1744916932475 1.7705658358830036e-06 11970
1744916942563 1.7352203053575157e-06 11980
1744916953175 1.7002249092382129e-06 11990
1744916963576 1.6655799013974184e-06 12000
1744916973882 1.631285533165583e-06 12010
1744916984061 1.5973420533294813e-06 12020
1744916994312 1.5637497081303686e-06 12030
1744917004692 1.530508741262221e-06 12040
1744917014973 1.497619393869948e-06 12050
1744917025192 1.4650819045476605e-06 12060
1744917035504 1.4328965093369283e-06 12070
1744917045683 1.4010634417250812e-06 12080
1744917056429 1.3695829326434927e-06 12090
1744917091646 1.338455210465933e-06 12100
1744917101833 1.307680501006886e-06 12110
1744917112482 1.277259027519928e-06 12120
1744917122657 1.247191010696097e-06 12130
1744917132763 1.2174766686623095e-06 12140
1744917142939 1.1881162169797565e-06 12150
1744917153333 1.1591098686423496e-06 12160
1744917163985 1.1304578340751826e-06 12170
1744917174409 1.1021603211329835e-06 12180
1744917184744 1.0742175350986372e-06 12190
1744917195413 1.0466296786816766e-06 12200
1744917205868 1.0193969520168046e-06 12210
1744917216141 9.925195526624575e-07 12220
1744917226448 9.65997675599395e-07 12230
1744917236765 9.398315132292057e-07 12240
1744917247027 9.140212553730043e-07 12250
1744917257503 8.885670892700093e-07 12260
1744917268019 8.634691995761723e-07 12270
1744917278391 8.38727768362868e-07 12280
1744917288680 8.143429751155674e-07 12290
1744917299250 7.903149967325163e-07 12300
1744917309540 7.666440075234648e-07 12310
1744917319866 7.43330179208418e-07 12320
1744917330113 7.203736809163586e-07 12330
1744917340383 6.977746791840434e-07 12340
1744917350570 6.755333379547979e-07 12350
1744917360968 6.536498185772955e-07 12360
1744917371738 6.321242798044302e-07 12370
1744917382123 6.109568777921404e-07 12380
1744917392705 5.901477660982646e-07 12390
1744917403215 5.696970956814541e-07 12400
1744917413996 5.496050149000676e-07 12410
1744917424364 5.298716695110894e-07 12420
1744917434816 5.104972026690802e-07 12430
1744917445124 4.914817549251216e-07 12440
1744917455516 4.728254642258234e-07 12450
1744917466147 4.545284659123128e-07 12460
1744917476233 4.3659089271922973e-07 12470
1744917486575 4.190128747737887e-07 12480
1744917497342 4.0179453959484636e-07 12490
1744917507610 3.849360120919354e-07 12500
1744917518284 3.6843741456439317e-07 12510
1744917528771 3.5229886670046783e-07 12520
1744917564175 3.365204855764359e-07 12530
1744917574559 3.211023856557638e-07 12540
1744917584814 3.060446787882809e-07 12550
1744917594944 2.9134747420935803e-07 12560
1744917605344 2.770108785391301e-07 12570
1744917615470 2.6303499578169686e-07 12580
1744917625929 2.4941992732440686e-07 12590
1744917636295 2.3616577193707468e-07 12600
1744917646472 2.232726257713036e-07 12610
1744917656816 2.1074058235977522e-07 12620
1744917667067 1.9856973261556112e-07 12630
1744917677254 1.8676016483147872e-07 12640
1744917687826 1.753119646794421e-07 12650
1744917698010 1.6422521520983448e-07 12660
1744917708393 1.534999968509254e-07 12670
1744917718551 1.431363874082714e-07 12680
1744917728786 1.3313446206414394e-07 12690
1744917738862 1.234942933770189e-07 12700
1744917749164 1.1421595128100482e-07 12710
1744917759419 1.052995030853654e-07 12720
1744917769834 9.674501347402554e-08 12730
1744917780064 8.855254450509387e-08 12740
1744917790277 8.072215561042984e-08 12750
1744917800726 7.325390359519402e-08 12760
1744917810846 6.614784263743179e-08 12770
1744917821127 5.9404024287718075e-08 12780
1744917831469 5.3022497468735446e-08 12790
1744917841531 4.7003308474946607e-08 12800
1744917851926 4.134650097225579e-08 12810
1744917862049 3.605211599769231e-08 12820
1744917872236 3.1120191959094216e-08 12830
1744917882317 2.6550764634863944e-08 12840
1744917892675 2.2343867173674205e-08 12850
1744917903041 1.849953009425698e-08 12860
1744917913273 1.5017781285153743e-08 12870
1744917923549 1.189864600454338e-08 12880
1744917933687 9.142146880031232e-09 12890
1744917944150 6.748303908504783e-09 12900
1744917954425 4.71713445596711e-09 12910
1744917964648 3.0486532574480753e-09 12920
1744917974959 1.7428724168488952e-09 12930
1744917985030 7.998014068921756e-10 12940
1744917995657 2.1944706904419854e-10 12950
1744918005277 1.813613453860441e-12 12960
