1744903935129 3.8579 10
1744903945861 3.8661 20
1744903956091 3.8337 30
1744903966767 3.789 40
1744903976937 3.7936 50
1744903987879 3.7441 60
1744903998900 3.7022 70
1744904009792 3.6475 80
1744904020370 3.6161 90
1744904030623 3.5329 100
1744904041119 3.4571 110
1744904051555 3.3815 120
1744904061726 3.3496 130
1744904072557 3.2956 140
1744904082825 3.2045 150
1744904093148 3.1474 160
1744904103385 3.0598 170
1744904114010 2.9886 180
1744904124455 2.8923 190
1744904134717 2.7964 200
1744904145028 2.7397 210
1744904155150 2.6985 220
1744904165635 2.6589 230
1744904175890 2.5719 240
1744904186319 2.4931 250
1744904196775 2.4006 260
1744904207400 2.3433 270
1744904218056 2.3118 280
1744904228482 2.3282 290
1744904239005 2.2236 300
1744904249395 2.2228 310
1744904259521 2.1881 320
1744904269847 2.2188 330
1744904280067 2.0945 340
1744904290624 2.0391 350
1744904301251 2.0359 360
1744904311628 1.9531 370
1744904322172 2.0154 380
1744904332265 1.8714 390
1744904342736 1.9218 400
1744904353010 1.8783 410
1744904363288 1.9223 420
1744904373933 1.8388 430
1744904409443 1.8162 440
1744904419723 1.8084 450
1744904430260 1.8134 460
1744904440606 1.8397 470
1744904451138 1.6391 480
1744904461544 1.6656 490
1744904471569 1.7083 500
1744904482146 1.735 510
1744904492366 1.7351 520
1744904502774 1.6971 530
1744904513068 1.7524 540
1744904523466 1.6244 550
1744904533896 1.6794 560
1744904543999 1.615 570
1744904554411 1.6556 580
1744904565064 1.6222 590
1744904575718 1.6495 600
1744904586040 1.6324 610
1744904596189 1.5569 620
1744904606864 1.6071 630
1744904617110 1.6518 640
1744904627271 1.6125 650
1744904637513 1.5747 660
1744904647686 1.636 670
1744904658095 1.6814 680
1744904668330 1.5481 690
1744904678775 1.4756 700
1744904689040 1.5525 710
1744904699446 1.4929 720
1744904709889 1.4928 730
1744904719915 1.5971 740
1744904730185 1.5358 750
1744904740588 1.5518 760
1744904750955 1.5311 770
1744904761021 1.4657 780
1744904771252 1.4302 790
1744904781505 1.4823 800
1744904791686 1.4989 810
1744904801917 1.4384 820
1744904812135 1.5283 830
1744904822751 1.5294 840
1744904833019 1.4326 850
1744904843421 1.4862 860
1744904878399 1.4564 870
1744904888769 1.4601 880
1744904898836 1.4011 890
1744904909196 1.4361 900
1744904919281 1.3894 910
1744904929932 1.3949 920
1744904940153 1.4463 930
1744904950380 1.4306 940
1744904960811 1.3593 950
1744904971347 1.407 960
1744904981724 1.4509 970
1744904992171 1.3343 980
1744905002500 1.3611 990
1744905013087 1.3799 1000
1744905023430 1.4283 1010
1744905033666 1.3485 1020
1744905043761 1.3855 1030
1744905054105 1.3581 1040
1744905064609 1.3314 1050
1744905074676 1.4087 1060
1744905084953 1.3682 1070
1744905095012 1.423 1080
1744905105553 1.3535 1090
1744905115801 1.3426 1100
1744905125894 1.3177 1110
1744905136156 1.4047 1120
1744905146227 1.3601 1130
1744905156683 1.336 1140
1744905167617 1.369 1150
1744905177987 1.4252 1160
1744905188391 1.3969 1170
1744905198716 1.3948 1180
1744905209127 1.3047 1190
1744905219293 1.2621 1200
1744905229631 1.2936 1210
1744905239801 1.3655 1220
1744905250038 1.3184 1230
1744905260130 1.3394 1240
1744905270239 1.3359 1250
1744905280456 1.2939 1260
1744905290961 1.2026 1270
1744905301392 1.3003 1280
1744905311594 1.2605 1290
1744905346694 1.3561 1300
1744905356861 1.3197 1310
1744905367423 1.2491 1320
1744905378207 1.2416 1330
1744905388490 1.1823 1340
1744905399017 1.2506 1350
1744905409075 1.3013 1360
1744905419882 1.2417 1370
1744905430132 1.2339 1380
1744905440566 1.2131 1390
1744905450650 1.2432 1400
1744905460902 1.2701 1410
1744905471072 1.3218 1420
1744905481250 1.2785 1430
1744905491540 1.2352 1440
1744905501896 1.265 1450
1744905512789 1.1948 1460
1744905523198 1.2925 1470
1744905533322 1.2095 1480
1744905543690 1.2417 1490
1744905553838 1.2551 1500
1744905564248 1.2326 1510
1744905574342 1.1962 1520
1744905584540 1.1802 1530
1744905594832 1.1948 1540
1744905605340 1.256 1550
1744905615598 1.1621 1560
1744905625786 1.2067 1570
1744905635944 1.2965 1580
1744905646288 1.1981 1590
1744905656356 1.2332 1600
1744905666622 1.2463 1610
1744905676734 1.1929 1620
1744905687176 1.142 1630
1744905697203 1.2809 1640
1744905707559 1.1808 1650
1744905717776 1.2181 1660
1744905727887 1.2152 1670
1744905738221 1.1947 1680
1744905748435 1.198 1690
1744905759135 1.2063 1700
1744905769319 1.2203 1710
1744905779449 1.2475 1720
1744905814689 1.1664 1730
1744905825101 1.1533 1740
1744905835161 1.1454 1750
1744905845508 1.1406 1760
1744905855681 1.1377 1770
1744905866025 1.0818 1780
1744905876262 1.1537 1790
1744905886480 1.1071 1800
1744905896938 1.147 1810
1744905907128 1.1501 1820
1744905917428 1.2009 1830
1744905927671 1.1599 1840
1744905937846 1.1356 1850
1744905948436 1.1673 1860
1744905958638 1.1132 1870
1744905969135 1.1297 1880
1744905979310 1.1203 1890
1744905989539 1.1389 1900
1744905999826 1.1796 1910
1744906009977 1.2112 1920
1744906020305 1.1737 1930
1744906030540 1.1058 1940
1744906041394 1.1505 1950
1744906051644 1.2369 1960
1744906061732 1.1186 1970
1744906072091 1.0989 1980
1744906082143 1.1187 1990
1744906092360 1.1092 2000
1744906102604 1.1669 2010
1744906113065 1.1727 2020
1744906123235 1.1175 2030
1744906133272 1.1004 2040
1744906143644 1.15 2050
1744906153959 1.1406 2060
1744906164769 1.1215 2070
1744906174885 1.0942 2080
1744906185165 1.1246 2090
1744906195508 1.1565 2100
1744906205719 1.1591 2110
1744906216021 1.0963 2120
1744906226209 1.1814 2130
1744906236384 1.1324 2140
1744906246673 1.0935 2150
1744906256325 1.2163 2160
1744906291699 1.0911 2170
1744906302303 1.0374 2180
1744906312502 1.0641 2190
1744906323042 1.0852 2200
1744906333526 1.1086 2210
1744906343569 1.1117 2220
1744906353980 1.0649 2230
1744906364084 1.1042 2240
1744906374418 1.0821 2250
1744906384474 1.1009 2260
1744906394687 1.0624 2270
1744906404875 1.0826 2280
1744906415232 1.1023 2290
1744906425834 1.0683 2300
1744906435991 1.1086 2310
1744906446244 1.1137 2320
1744906456328 1.0413 2330
1744906466714 1.1133 2340
1744906476878 1.0826 2350
1744906487144 1.0894 2360
1744906497374 1.0844 2370
1744906507569 1.0858 2380
1744906517842 1.0719 2390
1744906527999 1.104 2400
1744906538040 1.0889 2410
1744906548623 1.0675 2420
1744906559106 1.0876 2430
1744906569293 1.0975 2440
1744906579681 1.0571 2450
1744906590088 1.0466 2460
1744906600674 1.0888 2470
1744906610779 1.1095 2480
1744906621171 1.0906 2490
1744906631272 1.0923 2500
1744906641445 1.0519 2510
1744906651578 1.1135 2520
1744906661618 1.0144 2530
1744906671774 1.0888 2540
1744906682084 1.0623 2550
1744906692573 1.1006 2560
1744906703430 1.0957 2570
1744906714441 1.0174 2580
1744906725028 1.0154 2590
1744906760434 1.039 2600
1744906770518 1.0437 2610
1744906781265 0.9998 2620
1744906791473 1.0305 2630
1744906802124 0.9903 2640
1744906812407 1.0425 2650
1744906822924 1.0489 2660
1744906833597 1.0067 2670
1744906843769 1.0775 2680
1744906854330 1.0223 2690
1744906864609 1.0054 2700
1744906875044 1.0595 2710
1744906885295 1.0373 2720
1744906895431 1.0453 2730
1744906906005 1.0612 2740
1744906916007 1.0415 2750
1744906926341 1.0078 2760
1744906936586 1.0414 2770
1744906946747 1.1258 2780
1744906957000 1.0927 2790
1744906967339 0.9931 2800
1744906977616 1.0447 2810
1744906987795 1.0075 2820
1744906998096 1.0226 2830
1744907008329 1.0722 2840
1744907018776 1.0133 2850
1744907029247 0.9947 2860
1744907039291 1.0052 2870
1744907049708 1.0419 2880
1744907059881 1.0503 2890
1744907070153 1.0358 2900
1744907080709 1.003 2910
1744907091035 1.0498 2920
1744907101584 1.0163 2930
1744907111976 1.0605 2940
1744907122489 1.0691 2950
1744907132886 1.0334 2960
1744907143123 1.0703 2970
1744907153317 1.0121 2980
1744907163413 1.0167 2990
1744907173772 0.9893 3000
1744907184318 1.0254 3010
1744907194402 1.0353 3020
1744907229650 0.9537 3030
1744907239928 1.0037 3040
1744907250089 0.9782 3050
1744907260314 1.0572 3060
1744907270441 1.0067 3070
1744907280602 1.0464 3080
1744907290893 0.9938 3090
1744907301161 1.0375 3100
1744907311481 0.9967 3110
1744907321725 1.0007 3120
1744907332161 1.0698 3130
1744907342499 1.0073 3140
1744907352585 1.0029 3150
1744907362873 1.026 3160
1744907372895 1.0093 3170
1744907383061 0.9691 3180
1744907393259 0.9964 3190
1744907403497 0.996 3200
1744907413765 1.0141 3210
1744907423887 1.0136 3220
1744907434063 1.0125 3230
1744907444127 0.9966 3240
1744907454339 0.9623 3250
1744907464576 1.0129 3260
1744907474795 1.0311 3270
1744907485285 0.953 3280
1744907495316 1.024 3290
1744907505591 1.0385 3300
1744907515956 1.0421 3310
1744907526103 0.9743 3320
1744907536271 1.0183 3330
1744907546305 1.0221 3340
1744907556481 1.0045 3350
1744907566551 0.9955 3360
1744907576871 1.0228 3370
1744907587256 0.9801 3380
1744907597595 1.0197 3390
1744907607916 1.0303 3400
1744907618096 0.9695 3410
1744907628330 0.9984 3420
1744907638371 1.0035 3430
1744907648904 0.981 3440
1744907659234 0.955 3450
1744907694488 1.016 3460
1744907704555 0.9963 3470
1744907714746 0.9831 3480
1744907724788 0.9767 3490
1744907735242 0.9399 3500
1744907745444 0.9825 3510
1744907755717 1.0019 3520
1744907765955 0.9853 3530
1744907776144 0.9337 3540
1744907786366 0.9753 3550
1744907796631 0.9921 3560
1744907806828 1.0037 3570
1744907817304 1.0272 3580
1744907827525 0.9775 3590
1744907837731 1.0072 3600
1744907847880 1.0097 3610
1744907858056 0.9398 3620
1744907868222 0.9447 3630
1744907878423 0.9592 3640
1744907888754 0.972 3650
1744907898938 0.97 3660
1744907909583 1.0381 3670
1744907919611 1.0235 3680
1744907929840 1.0006 3690
1744907940072 0.9961 3700
1744907950093 0.9564 3710
1744907960428 0.9826 3720
1744907970743 0.9768 3730
1744907981010 0.96 3740
1744907991108 1.0122 3750
1744908001363 0.9376 3760
1744908011555 0.9361 3770
1744908021840 0.9993 3780
1744908032142 0.9989 3790
1744908042176 0.9764 3800
1744908052364 0.9686 3810
1744908062678 1.0035 3820
1744908072967 0.9923 3830
1744908083781 0.9831 3840
1744908094076 0.9491 3850
1744908105063 0.9441 3860
1744908115783 0.9744 3870
1744908125980 1.0138 3880
1744908160724 1.0066 3890
1744908171605 0.9496 3900
1744908181795 0.9614 3910
1744908191996 0.9578 3920
1744908202340 0.9762 3930
1744908212565 0.9467 3940
1744908222758 0.9378 3950
1744908233100 0.9813 3960
1744908243523 0.9339 3970
1744908253717 0.9331 3980
1744908264182 0.9624 3990
1744908274599 0.9623 4000
1744908284915 0.9165 4010
1744908295252 0.9673 4020
1744908305467 0.9696 4030
1744908315665 0.9607 4040
1744908325898 0.9821 4050
1744908336236 0.9923 4060
1744908346409 0.9241 4070
1744908357023 0.9499 4080
1744908367576 0.9591 4090
1744908377993 0.9668 4100
1744908388358 0.9725 4110
1744908398597 0.9603 4120
1744908408839 0.9452 4130
1744908419152 0.9516 4140
1744908429408 0.9634 4150
1744908439691 0.993 4160
1744908449860 0.9604 4170
1744908460544 0.9443 4180
1744908470878 0.9545 4190
1744908481393 0.9509 4200
1744908491683 0.9867 4210
1744908501811 0.9642 4220
1744908512202 0.9564 4230
1744908522232 0.9204 4240
1744908532751 0.9564 4250
1744908542812 0.9704 4260
1744908553199 0.9225 4270
1744908563705 0.9711 4280
1744908574039 0.9424 4290
1744908584397 0.9603 4300
1744908594693 0.9645 4310
1744908604404 0.9646 4320
1744908639978 0.8969 4330
1744908650359 0.9031 4340
1744908660477 0.9324 4350
1744908670870 0.9386 4360
1744908681077 0.903 4370
1744908691428 0.9042 4380
1744908701864 0.9272 4390
1744908712241 0.9477 4400
1744908722577 0.9016 4410
1744908732772 0.9265 4420
1744908743258 0.9301 4430
1744908753308 0.9408 4440
1744908763514 0.9884 4450
1744908773916 0.915 4460
1744908783968 0.9325 4470
1744908794248 0.9176 4480
1744908804396 0.9685 4490
1744908814721 0.9441 4500
1744908825257 0.9533 4510
1744908835335 0.9727 4520
1744908845779 0.9238 4530
1744908855856 0.9606 4540
1744908866174 0.9417 4550
1744908876547 0.8985 4560
1744908886971 0.9459 4570
1744908897260 0.8984 4580
1744908907510 0.9254 4590
1744908917796 0.9099 4600
1744908928123 0.9586 4610
1744908938531 0.9302 4620
1744908948753 0.9386 4630
1744908958984 0.8863 4640
1744908969410 0.9217 4650
1744908979575 0.9882 4660
1744908989760 0.9392 4670
1744908999824 0.9845 4680
1744909010139 0.9345 4690
1744909020663 0.9503 4700
1744909030820 0.9815 4710
1744909041121 0.9527 4720
1744909051250 0.9316 4730
1744909061524 0.9254 4740
1744909071669 0.887 4750
1744909107260 0.8928 4760
1744909117959 0.9002 4770
1744909128366 0.9194 4780
1744909138558 0.9009 4790
1744909148870 0.9238 4800
1744909159107 0.9528 4810
1744909169374 0.8788 4820
1744909179689 0.9082 4830
1744909189746 0.9256 4840
1744909199904 0.8859 4850
1744909209947 0.9098 4860
1744909220120 0.9334 4870
1744909230177 0.9371 4880
1744909240335 0.9156 4890
1744909250688 0.886 4900
1744909260894 0.9108 4910
1744909271211 0.863 4920
1744909281242 0.9407 4930
1744909291412 0.9269 4940
1744909301619 0.8972 4950
1744909311709 0.9078 4960
1744909321896 0.9086 4970
1744909331992 0.8938 4980
1744909342283 0.9075 4990
1744909352454 0.9147 5000
1744909362771 0.9229 5010
1744909373307 0.8786 5020
1744909383447 0.9118 5030
1744909393761 0.9333 5040
1744909404061 0.9007 5050
1744909414347 0.9626 5060
1744909424486 0.8876 5070
1744909435149 0.9617 5080
1744909445604 0.9114 5090
1744909456127 0.9635 5100
1744909466590 0.8757 5110
1744909477027 0.89 5120
1744909487220 0.8952 5130
1744909497443 0.8897 5140
1744909507580 0.8734 5150
1744909517842 0.9329 5160
1744909527930 0.8708 5170
1744909538663 0.9342 5180
1744909574039 0.8796 5190
1744909584151 0.8977 5200
1744909594391 0.9383 5210
1744909604809 0.9399 5220
1744909614900 0.9142 5230
1744909625210 0.8749 5240
1744909635630 0.9155 5250
1744909645814 0.8828 5260
1744909656061 0.9015 5270
1744909666191 0.8611 5280
1744909676411 0.8678 5290
1744909686909 0.923 5300
1744909697398 0.8981 5310
1744909707528 0.9411 5320
1744909717794 0.8873 5330
1744909727980 0.9016 5340
1744909738230 0.8934 5350
1744909748536 0.9117 5360
1744909758780 0.919 5370
1744909769368 0.8844 5380
1744909779436 0.897 5390
1744909789725 0.9184 5400
1744909799999 0.8989 5410
1744909810297 0.9267 5420
1744909820735 0.8713 5430
1744909830771 0.8986 5440
1744909841111 0.8489 5450
1744909851488 0.9337 5460
1744909861670 0.9284 5470
1744909871934 0.8967 5480
1744909882557 0.9117 5490
1744909892717 0.908 5500
1744909902831 0.8707 5510
1744909913039 0.9006 5520
1744909923549 0.8832 5530
1744909934094 0.9107 5540
1744909944252 0.8904 5550
1744909954283 0.9183 5560
1744909964538 0.8806 5570
1744909975033 0.8822 5580
1744909985243 0.8826 5590
1744909995626 0.866 5600
1744910005786 0.8423 5610
1744910040711 0.8752 5620
1744910051054 0.907 5630
1744910061092 0.9091 5640
1744910071256 0.8418 5650
1744910081413 0.8537 5660
1744910091637 0.8791 5670
1744910101890 0.8837 5680
1744910111964 0.8688 5690
1744910122133 0.874 5700
1744910132798 0.8655 5710
1744910142968 0.8729 5720
1744910153644 0.8686 5730
1744910163737 0.9116 5740
1744910174228 0.8692 5750
1744910184573 0.897 5760
1744910194748 0.8524 5770
1744910205033 0.8548 5780
1744910215201 0.8937 5790
1744910225542 0.8879 5800
1744910235654 0.8992 5810
1744910245895 0.8852 5820
1744910256456 0.9022 5830
1744910266810 0.8479 5840
1744910277122 0.8791 5850
1744910287186 0.832 5860
1744910297378 0.8946 5870
1744910307488 0.907 5880
1744910317804 0.856 5890
1744910327981 0.8977 5900
1744910338044 0.8543 5910
1744910348233 0.9046 5920
1744910358384 0.8669 5930
1744910368654 0.9207 5940
1744910378804 0.9332 5950
1744910389050 0.8865 5960
1744910399187 0.8449 5970
1744910409474 0.883 5980
1744910419684 0.8703 5990
1744910429809 0.9078 6000
1744910440192 0.943 6010
1744910450352 0.8679 6020
1744910460439 0.9301 6030
1744910470777 0.848 6040
1744910505783 0.8958 6050
1744910516036 0.8478 6060
1744910526262 0.8726 6070
1744910536461 0.838 6080
1744910546759 0.8512 6090
1744910557267 0.9146 6100
1744910567352 0.8755 6110
1744910577976 0.8808 6120
1744910588445 0.8344 6130
1744910598674 0.8921 6140
1744910608906 0.8742 6150
1744910618974 0.875 6160
1744910629025 0.8533 6170
1744910639101 0.8586 6180
1744910649455 0.8516 6190
1744910659748 0.9221 6200
1744910669956 0.9006 6210
1744910680163 0.8803 6220
1744910690529 0.894 6230
1744910701133 0.8625 6240
1744910711307 0.8607 6250
1744910721897 0.8608 6260
1744910732279 0.9043 6270
1744910742602 0.8891 6280
1744910752802 0.8736 6290
1744910762854 0.8904 6300
1744910773431 0.8662 6310
1744910783717 0.847 6320
1744910794208 0.8808 6330
1744910804412 0.8661 6340
1744910814588 0.8383 6350
1744910824957 0.8703 6360
1744910835011 0.8408 6370
1744910845304 0.8518 6380
1744910855725 0.8357 6390
1744910865760 0.9182 6400
1744910876070 0.8995 6410
1744910886219 0.8729 6420
1744910896728 0.837 6430
1744910906793 0.8586 6440
1744910917301 0.8685 6450
1744910928201 0.8657 6460
1744910938576 0.873 6470
1744910948837 0.8827 6480
1744910984436 0.8531 6490
1744910994649 0.8529 6500
1744911004796 0.8711 6510
1744911014985 0.837 6520
1744911025460 0.8753 6530
1744911036176 0.8667 6540
1744911046359 0.8165 6550
1744911056834 0.8303 6560
1744911066870 0.8981 6570
1744911077027 0.8679 6580
1744911087169 0.8995 6590
1744911097473 0.8352 6600
1744911107756 0.8233 6610
1744911118208 0.8883 6620
1744911128909 0.8905 6630
1744911139343 0.8346 6640
1744911149952 0.8566 6650
1744911160192 0.8433 6660
1744911170326 0.8519 6670
1744911180658 0.8353 6680
1744911191058 0.8801 6690
1744911201251 0.8679 6700
1744911211500 0.8583 6710
1744911221737 0.8716 6720
1744911232019 0.8553 6730
1744911242408 0.8284 6740
1744911252665 0.7955 6750
1744911262861 0.8718 6760
1744911272978 0.8528 6770
1744911283364 0.8436 6780
1744911293518 0.8828 6790
1744911303721 0.871 6800
1744911313770 0.8752 6810
1744911323963 0.8014 6820
1744911334421 0.837 6830
1744911344985 0.8682 6840
1744911355368 0.8635 6850
1744911365702 0.8556 6860
1744911376171 0.8839 6870
1744911386605 0.8864 6880
1744911396704 0.8612 6890
1744911406971 0.8425 6900
1744911417030 0.8979 6910
1744911452240 0.8656 6920
1744911462928 0.8554 6930
1744911472981 0.8413 6940
1744911483724 0.8652 6950
1744911493779 0.8547 6960
1744911504292 0.8321 6970
1744911514692 0.8382 6980
1744911524902 0.8531 6990
1744911535317 0.8438 7000
1744911545394 0.8487 7010
1744911555618 0.8434 7020
1744911565834 0.8225 7030
1744911576249 0.8561 7040
1744911586665 0.822 7050
1744911596898 0.8487 7060
1744911607133 0.8368 7070
1744911617285 0.8713 7080
1744911627452 0.8659 7090
1744911637734 0.8304 7100
1744911647852 0.8354 7110
1744911658434 0.8196 7120
1744911668887 0.7958 7130
1744911679413 0.8441 7140
1744911689572 0.8413 7150
1744911699813 0.8513 7160
1744911710211 0.8565 7170
1744911720541 0.8391 7180
1744911730874 0.8212 7190
1744911741293 0.8212 7200
1744911751616 0.8437 7210
1744911762051 0.8355 7220
1744911772293 0.8291 7230
1744911782625 0.8795 7240
1744911793005 0.7958 7250
1744911803339 0.853 7260
1744911813490 0.8644 7270
1744911823844 0.8579 7280
1744911834238 0.8615 7290
1744911844265 0.8677 7300
1744911854762 0.834 7310
1744911864842 0.8536 7320
1744911875114 0.8588 7330
1744911885543 0.8858 7340
1744911920956 0.8278 7350
1744911931022 0.8518 7360
1744911941220 0.8427 7370
1744911951300 0.8364 7380
1744911961672 0.8765 7390
1744911972077 0.8447 7400
1744911982144 0.8572 7410
1744911992473 0.8334 7420
1744912002557 0.7634 7430
1744912013003 0.8336 7440
1744912023189 0.8234 7450
1744912033427 0.8284 7460
1744912043658 0.8501 7470
1744912053741 0.8363 7480
1744912064126 0.8284 7490
1744912074180 0.844 7500
1744912084447 0.8236 7510
1744912094765 0.8121 7520
1744912105108 0.8308 7530
1744912115301 0.8555 7540
1744912125684 0.869 7550
1744912136010 0.8549 7560
1744912146330 0.7969 7570
1744912156859 0.8538 7580
1744912167145 0.8182 7590
1744912177454 0.7857 7600
1744912187824 0.8467 7610
1744912197894 0.8333 7620
1744912208129 0.858 7630
1744912218386 0.8639 7640
1744912228811 0.8285 7650
1744912239225 0.8159 7660
1744912249332 0.8583 7670
1744912259500 0.8463 7680
1744912269580 0.8549 7690
1744912279765 0.8297 7700
1744912290158 0.8255 7710
1744912300815 0.8253 7720
1744912311356 0.8377 7730
1744912321521 0.8185 7740
1744912331824 0.8238 7750
1744912342257 0.8304 7760
1744912352934 0.8043 7770
1744912388091 0.8391 7780
1744912398389 0.8298 7790
1744912408418 0.802 7800
1744912418942 0.8469 7810
1744912429243 0.8189 7820
1744912439464 0.8264 7830
1744912449695 0.8448 7840
1744912459762 0.8561 7850
1744912469944 0.7944 7860
1744912480033 0.8266 7870
1744912490182 0.8138 7880
1744912500218 0.8128 7890
1744912510645 0.8164 7900
1744912521182 0.834 7910
1744912531362 0.8057 7920
1744912541866 0.8255 7930
1744912552011 0.7923 7940
1744912562489 0.8411 7950
1744912572681 0.8513 7960
1744912583112 0.7986 7970
1744912593873 0.8377 7980
1744912603994 0.8038 7990
1744912614176 0.8305 8000
1744912624192 0.8592 8010
1744912634454 0.7906 8020
1744912644694 0.8101 8030
1744912654789 0.8169 8040
1744912665075 0.8014 8050
1744912675387 0.8172 8060
1744912685677 0.836 8070
1744912695781 0.8411 8080
1744912705996 0.821 8090
1744912716225 0.8329 8100
1744912726570 0.844 8110
1744912737313 0.8143 8120
1744912748114 0.795 8130
1744912758504 0.8201 8140
1744912769237 0.8249 8150
1744912779813 0.8332 8160
1744912790724 0.7991 8170
1744912801059 0.7998 8180
1744912811201 0.8361 8190
1744912821230 0.7889 8200
1744912856135 0.8169 8210
1744912866345 0.8147 8220
1744912876559 0.819 8230
1744912887091 0.8326 8240
1744912897382 0.8074 8250
1744912907400 0.8003 8260
1744912917552 0.7953 8270
1744912927788 0.8403 8280
1744912937858 0.7926 8290
1744912947902 0.8096 8300
1744912957946 0.837 8310
1744912968394 0.7778 8320
1744912978593 0.8089 8330
1744912988753 0.804 8340
1744912999057 0.8148 8350
1744913009265 0.8172 8360
1744913019612 0.7947 8370
1744913029867 0.8267 8380
1744913040079 0.8237 8390
1744913051016 0.8063 8400
1744913061175 0.7947 8410
1744913071601 0.8064 8420
1744913081986 0.801 8430
1744913092211 0.7991 8440
1744913102513 0.8316 8450
1744913112577 0.8063 8460
1744913122881 0.8008 8470
1744913133112 0.8025 8480
1744913143575 0.8132 8490
1744913153641 0.8146 8500
1744913164052 0.8252 8510
1744913174473 0.8506 8520
1744913184613 0.7897 8530
1744913194901 0.8138 8540
1744913205055 0.7919 8550
1744913215317 0.7814 8560
1744913225617 0.8083 8570
1744913235904 0.8218 8580
1744913246313 0.8202 8590
1744913256481 0.7813 8600
1744913266802 0.809 8610
1744913276898 0.8263 8620
1744913287469 0.7939 8630
1744913297424 0.8404 8640
1744913333209 0.8524 8650
1744913343538 0.7991 8660
1744913354471 0.7812 8670
1744913365249 0.7966 8680
1744913376013 0.8448 8690
1744913386169 0.7991 8700
1744913396451 0.8188 8710
1744913406964 0.7856 8720
1744913417358 0.8316 8730
1744913427802 0.7982 8740
1744913437969 0.802 8750
1744913448309 0.7877 8760
1744913458614 0.782 8770
1744913468698 0.7931 8780
1744913479234 0.7688 8790
1744913489512 0.8284 8800
1744913500057 0.8316 8810
1744913510122 0.7922 8820
1744913520418 0.818 8830
1744913530801 0.81 8840
1744913541051 0.7942 8850
1744913551396 0.7833 8860
1744913562134 0.7882 8870
1744913572306 0.8144 8880
1744913582595 0.8041 8890
1744913592735 0.7961 8900
1744913603107 0.7786 8910
1744913613248 0.783 8920
1744913623452 0.7978 8930
1744913633489 0.8194 8940
1744913643847 0.7821 8950
1744913654150 0.8066 8960
1744913664253 0.8079 8970
1744913674892 0.807 8980
1744913684978 0.8136 8990
1744913695141 0.8106 9000
1744913705300 0.7709 9010
1744913715403 0.7951 9020
1744913725715 0.7776 9030
1744913735934 0.8134 9040
1744913746164 0.8009 9050
1744913756251 0.7926 9060
1744913766745 0.7896 9070
1744913802008 0.789 9080
1744913812987 0.7896 9090
1744913823238 0.7765 9100
1744913833636 0.7966 9110
1744913844180 0.7748 9120
1744913854742 0.7991 9130
1744913864982 0.7935 9140
1744913875495 0.7765 9150
1744913885878 0.7854 9160
1744913896080 0.7845 9170
1744913906394 0.8147 9180
1744913916585 0.815 9190
1744913926866 0.7937 9200
1744913937105 0.816 9210
1744913947148 0.7852 9220
1744913957474 0.8222 9230
1744913967617 0.8336 9240
1744913977914 0.8111 9250
1744913988249 0.7864 9260
1744913998476 0.7892 9270
1744914008755 0.792 9280
1744914019109 0.8118 9290
1744914029373 0.7757 9300
1744914039823 0.788 9310
1744914050279 0.8055 9320
1744914060827 0.8182 9330
1744914071273 0.7938 9340
1744914081609 0.7859 9350
1744914092031 0.8163 9360
1744914102460 0.8098 9370
1744914112763 0.7856 9380
1744914122937 0.7996 9390
1744914133264 0.8085 9400
1744914143435 0.7889 9410
1744914153605 0.8019 9420
1744914163833 0.8071 9430
1744914174098 0.7895 9440
1744914184343 0.8113 9450
1744914194420 0.7884 9460
1744914204614 0.7896 9470
1744914214901 0.8018 9480
1744914225494 0.8079 9490
1744914236072 0.7869 9500
1744914270726 0.7771 9510
1744914280864 0.8232 9520
1744914291381 0.7878 9530
1744914301436 0.7963 9540
1744914311766 0.7967 9550
1744914321888 0.7889 9560
1744914332496 0.8068 9570
1744914342923 0.7968 9580
1744914353252 0.8032 9590
1744914363633 0.7969 9600
1744914373963 0.8122 9610
1744914384413 0.8285 9620
1744914394484 0.7905 9630
1744914405070 0.7973 9640
1744914415380 0.7899 9650
1744914425834 0.7853 9660
1744914435996 0.7787 9670
1744914446349 0.7818 9680
1744914456963 0.7759 9690
1744914467679 0.7698 9700
1744914478317 0.7882 9710
1744914488808 0.7917 9720
1744914498915 0.7947 9730
1744914509213 0.7569 9740
1744914519580 0.8264 9750
1744914530080 0.7848 9760
1744914540316 0.8072 9770
1744914550481 0.7872 9780
1744914560827 0.7884 9790
1744914570952 0.8093 9800
1744914581151 0.7831 9810
1744914591426 0.7835 9820
1744914601521 0.767 9830
1744914611749 0.7885 9840
1744914622316 0.756 9850
1744914632745 0.7952 9860
1744914643325 0.7706 9870
1744914653468 0.8266 9880
1744914663621 0.8146 9890
1744914673669 0.7639 9900
1744914683942 0.7804 9910
1744914694139 0.798 9920
1744914704624 0.7818 9930
1744914739682 0.7597 9940
1744914750084 0.7808 9950
1744914760473 0.7966 9960
1744914770971 0.788 9970
1744914781666 0.7848 9980
1744914792189 0.7916 9990
1744914802441 0.8042 10000
1744914812732 0.7932 10010
1744914823121 0.7722 10020
1744914833616 0.8084 10030
1744914843906 0.7905 10040
1744914854033 0.8065 10050
1744914864254 0.7753 10060
1744914874371 0.8015 10070
1744914884745 0.8022 10080
1744914895276 0.7752 10090
1744914905583 0.7693 10100
1744914915806 0.7647 10110
1744914926073 0.7934 10120
1744914936341 0.7828 10130
1744914946950 0.7844 10140
1744914957481 0.7782 10150
1744914967812 0.7742 10160
1744914978003 0.788 10170
1744914988373 0.7899 10180
1744914998468 0.7843 10190
1744915008772 0.8005 10200
1744915018997 0.7763 10210
1744915029172 0.8082 10220
1744915039408 0.7888 10230
1744915049543 0.792 10240
1744915060044 0.7735 10250
1744915070264 0.8099 10260
1744915080528 0.792 10270
1744915090702 0.7985 10280
1744915100862 0.8183 10290
1744915111298 0.8059 10300
1744915121950 0.8045 10310
1744915132589 0.7871 10320
1744915143126 0.7775 10330
1744915153210 0.7739 10340
1744915163619 0.7663 10350
1744915173960 0.7931 10360
1744915208888 0.7742 10370
1744915219242 0.7829 10380
1744915229657 0.7983 10390
1744915239997 0.7764 10400
1744915250337 0.7871 10410
1744915260666 0.794 10420
1744915271013 0.7963 10430
1744915281111 0.805 10440
1744915291325 0.7494 10450
1744915301528 0.762 10460
1744915311588 0.7586 10470
1744915321925 0.7957 10480
1744915332059 0.7684 10490
1744915342097 0.7724 10500
1744915352267 0.7983 10510
1744915362420 0.774 10520
1744915372589 0.7606 10530
1744915382807 0.7936 10540
1744915393243 0.7743 10550
1744915403441 0.7682 10560
1744915413875 0.7883 10570
1744915424217 0.7639 10580
1744915434424 0.7823 10590
1744915444959 0.7835 10600
1744915455052 0.7752 10610
1744915465253 0.7716 10620
1744915475677 0.7917 10630
1744915486200 0.7839 10640
1744915496751 0.7678 10650
1744915506840 0.7534 10660
1744915517171 0.7925 10670
1744915527300 0.7917 10680
1744915537457 0.8033 10690
1744915547741 0.7624 10700
1744915557989 0.8103 10710
1744915568318 0.7629 10720
1744915578441 0.7521 10730
1744915588608 0.7662 10740
1744915598934 0.7684 10750
1744915609019 0.7781 10760
1744915619706 0.7639 10770
1744915629953 0.7714 10780
1744915640380 0.8146 10790
1744915649926 0.7606 10800
1744915685625 0.7733 10810
1744915695885 0.7705 10820
1744915706161 0.7909 10830
1744915716252 0.754 10840
1744915726721 0.7772 10850
1744915737064 0.806 10860
1744915747534 0.7816 10870
1744915757729 0.7909 10880
1744915768124 0.7743 10890
1744915778282 0.8019 10900
1744915788369 0.8114 10910
1744915798777 0.7824 10920
1744915808907 0.7662 10930
1744915819268 0.826 10940
1744915829834 0.7666 10950
1744915840101 0.7792 10960
1744915850793 0.7724 10970
1744915861258 0.7668 10980
1744915871533 0.7615 10990
1744915881964 0.7448 11000
1744915892153 0.7734 11010
1744915902402 0.8032 11020
1744915912679 0.7576 11030
1744915923134 0.7756 11040
1744915933177 0.7912 11050
1744915943749 0.7604 11060
1744915954163 0.7828 11070
1744915964393 0.7672 11080
1744915974743 0.7479 11090
1744915985097 0.7912 11100
1744915995289 0.785 11110
1744916005442 0.7509 11120
1744916015757 0.7632 11130
1744916026074 0.7826 11140
1744916036352 0.8009 11150
1744916046701 0.7517 11160
1744916057221 0.7652 11170
1744916067624 0.7684 11180
1744916078283 0.7557 11190
1744916088360 0.7868 11200
1744916098653 0.7532 11210
1744916108975 0.7685 11220
1744916119468 0.7727 11230
1744916154399 0.7699 11240
1744916164542 0.7616 11250
1744916175090 0.7817 11260
1744916185270 0.7391 11270
1744916195338 0.7728 11280
1744916205606 0.7563 11290
1744916215739 0.7448 11300
1744916226294 0.7586 11310
1744916236633 0.7641 11320
1744916246951 0.7622 11330
1744916257432 0.7512 11340
1744916267777 0.7791 11350
1744916278267 0.7762 11360
1744916288406 0.7804 11370
1744916298694 0.7747 11380
1744916308973 0.7791 11390
1744916319132 0.7577 11400
1744916329473 0.761 11410
1744916339887 0.7714 11420
1744916350626 0.8009 11430
1744916361551 0.762 11440
1744916371774 0.7921 11450
1744916382055 0.7655 11460
1744916392432 0.7705 11470
1744916402679 0.7775 11480
1744916412898 0.7671 11490
1744916423312 0.7699 11500
1744916433951 0.7599 11510
1744916444076 0.7559 11520
1744916454357 0.7451 11530
1744916465096 0.7826 11540
1744916475865 0.7844 11550
1744916486432 0.7459 11560
1744916496640 0.7676 11570
1744916507294 0.7526 11580
1744916517348 0.7797 11590
1744916527610 0.7844 11600
1744916537705 0.7684 11610
1744916548103 0.7507 11620
1744916558306 0.7676 11630
1744916568400 0.7761 11640
1744916578635 0.8159 11650
1744916588947 0.7747 11660
1744916624003 0.8048 11670
1744916634319 0.7748 11680
1744916644577 0.7832 11690
1744916654868 0.8151 11700
1744916665280 0.7672 11710
1744916675469 0.7468 11720
1744916685730 0.7563 11730
1744916696217 0.7694 11740
1744916706625 0.7716 11750
1744916716909 0.7664 11760
1744916727253 0.7831 11770
1744916737671 0.7755 11780
1744916747868 0.7563 11790
1744916758096 0.7643 11800
1744916768271 0.7576 11810
1744916778450 0.7639 11820
1744916788742 0.7699 11830
1744916798918 0.7851 11840
1744916809125 0.7584 11850
1744916819294 0.7926 11860
1744916829464 0.7776 11870
1744916839916 0.765 11880
1744916850370 0.7925 11890
1744916860582 0.7652 11900
1744916870805 0.7667 11910
1744916881380 0.7913 11920
1744916891726 0.7781 11930
1744916901824 0.7513 11940
1744916912034 0.8124 11950
1744916922143 0.7264 11960
1744916932475 0.7496 11970
1744916942563 0.768 11980
1744916953175 0.7466 11990
1744916963576 0.7597 12000
1744916973882 0.7924 12010
1744916984061 0.7759 12020
1744916994312 0.7682 12030
1744917004692 0.7379 12040
1744917014973 0.7645 12050
1744917025192 0.7649 12060
1744917035504 0.7621 12070
1744917045683 0.7692 12080
1744917056429 0.7815 12090
1744917091646 0.7801 12100
1744917101833 0.7736 12110
1744917112482 0.7844 12120
1744917122657 0.767 12130
1744917132763 0.7833 12140
1744917142939 0.7654 12150
1744917153333 0.7701 12160
1744917163985 0.758 12170
1744917174409 0.7593 12180
1744917184744 0.7652 12190
1744917195413 0.7744 12200
1744917205868 0.7575 12210
1744917216141 0.7696 12220
1744917226448 0.7665 12230
1744917236765 0.7852 12240
1744917247027 0.7652 12250
1744917257503 0.7741 12260
1744917268019 0.7598 12270
1744917278391 0.8 12280
1744917288680 0.7734 12290
1744917299250 0.7559 12300
1744917309540 0.7601 12310
1744917319866 0.7641 12320
1744917330113 0.7569 12330
1744917340383 0.7461 12340
1744917350570 0.7454 12350
1744917360968 0.7587 12360
1744917371738 0.7588 12370
1744917382123 0.7786 12380
1744917392705 0.753 12390
1744917403215 0.7613 12400
1744917413996 0.7562 12410
1744917424364 0.7499 12420
1744917434816 0.7606 12430
1744917445124 0.7742 12440
1744917455516 0.7483 12450
1744917466147 0.7922 12460
1744917476233 0.7842 12470
1744917486575 0.7785 12480
1744917497342 0.7611 12490
1744917507610 0.748 12500
1744917518284 0.7518 12510
1744917528771 0.7471 12520
1744917564175 0.7569 12530
1744917574559 0.7971 12540
1744917584814 0.8158 12550
1744917594944 0.7657 12560
1744917605344 0.7625 12570
1744917615470 0.7793 12580
1744917625929 0.7676 12590
1744917636295 0.7492 12600
1744917646472 0.7687 12610
1744917656816 0.7625 12620
1744917667067 0.7612 12630
1744917677254 0.7677 12640
1744917687826 0.7772 12650
1744917698010 0.7818 12660
1744917708393 0.7801 12670
1744917718551 0.7602 12680
1744917728786 0.7789 12690
1744917738862 0.7775 12700
1744917749164 0.7936 12710
1744917759419 0.7512 12720
1744917769834 0.7398 12730
1744917780064 0.7712 12740
1744917790277 0.756 12750
1744917800726 0.7728 12760
1744917810846 0.7924 12770
1744917821127 0.7763 12780
1744917831469 0.7715 12790
1744917841531 0.7694 12800
1744917851926 0.7968 12810
1744917862049 0.7968 12820
1744917872236 0.7597 12830
1744917882317 0.784 12840
1744917892675 0.7782 12850
1744917903041 0.7686 12860
1744917913273 0.7957 12870
1744917923549 0.7689 12880
1744917933687 0.746 12890
1744917944150 0.7727 12900
1744917954425 0.7753 12910
1744917964648 0.7699 12920
1744917974959 0.7739 12930
1744917985030 0.7725 12940
1744917995657 0.7619 12950
1744918005277 0.7513 12960
