1744849783787 0.05181347150259067 10
1744849797625 0.10362694300518134 20
1744849811428 0.15544041450777202 30
1744849824798 0.20725388601036268 40
1744849838842 0.25906735751295334 50
1744849852167 0.31088082901554404 60
1744849865747 0.3626943005181347 70
1744849878763 0.41450777202072536 80
1744849892075 0.46632124352331605 90
1744849905452 0.5181347150259067 100
1744849918507 0.5699481865284974 110
1744849932232 0.6217616580310881 120
1744849945661 0.6735751295336787 130
1744849959651 0.7253886010362695 140
1744849973095 0.7772020725388601 150
1744849986401 0.8290155440414507 160
1744849999706 0.8808290155440415 170
1744850013947 0.9326424870466321 180
1744850027379 0.9844559585492227 190
1744850069098 1.0 193
1744850080556 1.0362694300518134 200
1744850093793 1.0880829015544042 210
1744850107193 1.1398963730569949 220
1744850120124 1.1917098445595855 230
1744850133481 1.2435233160621761 240
1744850146784 1.2953367875647668 250
1744850160091 1.3471502590673574 260
1744850173555 1.3989637305699483 270
1744850186877 1.450777202072539 280
1744850200150 1.5025906735751295 290
1744850213738 1.5544041450777202 300
1744850227186 1.6062176165803108 310
1744850240622 1.6580310880829017 320
1744850253866 1.709844559585492 330
1744850267282 1.761658031088083 340
1744850280891 1.8134715025906736 350
1744850294316 1.8652849740932642 360
1744850307743 1.917098445595855 370
1744850321281 1.9689119170984455 380
1744850364884 2.0 386
1744850372089 2.0207253886010363 390
1744850386182 2.0725388601036268 400
1744850399703 2.1243523316062176 410
1744850412961 2.1761658031088085 420
1744850426233 2.227979274611399 430
1744850439577 2.2797927461139897 440
1744850452893 2.33160621761658 450
1744850465879 2.383419689119171 460
1744850479317 2.4352331606217614 470
1744850492589 2.4870466321243523 480
1744850505802 2.538860103626943 490
1744850519110 2.5906735751295336 500
1744850532400 2.6424870466321244 510
1744850545689 2.694300518134715 520
1744850558988 2.7461139896373057 530
1744850572391 2.7979274611398965 540
1744850585663 2.849740932642487 550
1744850599232 2.901554404145078 560
1744850612157 2.9533678756476682 570
1744850659335 3.0 579
1744850662872 3.005181347150259 580
1744850676163 3.05699481865285 590
1744850689680 3.1088082901554404 600
1744850702936 3.160621761658031 610
1744850717062 3.2124352331606216 620
1744850730597 3.2642487046632125 630
1744850744105 3.3160621761658033 640
1744850757758 3.3678756476683938 650
1744850771109 3.4196891191709846 660
1744850785282 3.471502590673575 670
1744850799321 3.523316062176166 680
1744850813078 3.5751295336787567 690
1744850826842 3.626943005181347 700
1744850840333 3.6787564766839376 710
1744850853473 3.7305699481865284 720
1744850866898 3.7823834196891193 730
1744850880498 3.8341968911917097 740
1744850893855 3.8860103626943006 750
1744850907304 3.937823834196891 760
1744850920205 3.989637305699482 770
1744850959919 4.0 772
1744850972554 4.041450777202073 780
1744850985673 4.0932642487046635 790
1744850999007 4.1450777202072535 800
1744851012506 4.196891191709844 810
1744851026377 4.248704663212435 820
1744851039586 4.300518134715026 830
1744851052623 4.352331606217617 840
1744851066172 4.404145077720207 850
1744851079527 4.455958549222798 860
1744851092819 4.507772020725389 870
1744851106083 4.5595854922279795 880
1744851119272 4.61139896373057 890
1744851132356 4.66321243523316 900
1744851146128 4.715025906735751 910
1744851159559 4.766839378238342 920
1744851172692 4.818652849740933 930
1744851186429 4.870466321243523 940
1744851199414 4.922279792746114 950
1744851212905 4.974093264248705 960
1744851254867 5.0 965
1744851265798 5.025906735751295 970
1744851278803 5.077720207253886 980
1744851292430 5.129533678756476 990
1744851305923 5.181347150259067 1000
1744851319223 5.233160621761658 1010
1744851332451 5.284974093264249 1020
1744851345613 5.33678756476684 1030
1744851359116 5.38860103626943 1040
1744851372277 5.4404145077720205 1050
1744851385434 5.492227979274611 1060
1744851399203 5.544041450777202 1070
1744851412330 5.595854922279793 1080
1744851426067 5.647668393782383 1090
1744851439300 5.699481865284974 1100
1744851452591 5.751295336787565 1110
1744851465843 5.803108808290156 1120
1744851479420 5.8549222797927465 1130
1744851492774 5.9067357512953365 1140
1744851505982 5.958549222797927 1150
1744851552576 6.0 1158
1744851559021 6.010362694300518 1160
1744851572580 6.062176165803109 1170
1744851586287 6.1139896373057 1180
1744851599967 6.16580310880829 1190
1744851613564 6.217616580310881 1200
1744851626911 6.269430051813472 1210
1744851640748 6.321243523316062 1220
1744851654322 6.373056994818652 1230
1744851668120 6.424870466321243 1240
1744851681286 6.476683937823834 1250
1744851694601 6.528497409326425 1260
1744851708047 6.580310880829016 1270
1744851721412 6.632124352331607 1280
1744851734973 6.683937823834197 1290
1744851748138 6.7357512953367875 1300
1744851761819 6.787564766839378 1310
1744851774932 6.839378238341969 1320
1744851788487 6.891191709844559 1330
1744851801693 6.94300518134715 1340
1744851814620 6.994818652849741 1350
1744851852034 7.0 1351
1744851868312 7.046632124352332 1360
1744851881850 7.098445595854923 1370
1744851895332 7.150259067357513 1380
1744851908870 7.2020725388601035 1390
1744851922513 7.253886010362694 1400
1744851935889 7.305699481865285 1410
1744851949438 7.357512953367876 1420
1744851962631 7.409326424870466 1430
1744851975739 7.461139896373057 1440
1744851989097 7.512953367875648 1450
1744852002305 7.564766839378239 1460
1744852015850 7.616580310880829 1470
1744852029046 7.668393782383419 1480
1744852042245 7.72020725388601 1490
1744852055367 7.772020725388601 1500
1744852068901 7.823834196891192 1510
1744852082362 7.875647668393782 1520
1744852095737 7.927461139896373 1530
1744852109032 7.979274611398964 1540
1744852150912 8.0 1544
1744852162894 8.031088082901555 1550
1744852176236 8.082901554404145 1560
1744852190288 8.134715025906736 1570
1744852204315 8.186528497409327 1580
1744852217868 8.238341968911918 1590
1744852231549 8.290155440414507 1600
1744852244917 8.341968911917098 1610
1744852258275 8.393782383419689 1620
1744852271347 8.44559585492228 1630
1744852284843 8.49740932642487 1640
1744852298283 8.549222797927461 1650
1744852311515 8.601036269430052 1660
1744852325285 8.652849740932643 1670
1744852338774 8.704663212435234 1680
1744852352103 8.756476683937823 1690
1744852365339 8.808290155440414 1700
1744852378926 8.860103626943005 1710
1744852392698 8.911917098445596 1720
1744852405999 8.963730569948186 1730
1744852450879 9.0 1737
1744852458672 9.015544041450777 1740
1744852472457 9.067357512953368 1750
1744852486247 9.119170984455959 1760
1744852499880 9.17098445595855 1770
1744852513170 9.22279792746114 1780
1744852526671 9.27461139896373 1790
1744852540101 9.32642487046632 1800
1744852553308 9.378238341968911 1810
1744852566838 9.430051813471502 1820
1744852579944 9.481865284974093 1830
1744852593385 9.533678756476684 1840
1744852606866 9.585492227979275 1850
1744852620096 9.637305699481866 1860
1744852633551 9.689119170984457 1870
1744852646725 9.740932642487046 1880
1744852660352 9.792746113989637 1890
1744852673524 9.844559585492227 1900
1744852687128 9.896373056994818 1910
1744852700425 9.94818652849741 1920
1744852713878 10.0 1930
1744852750603 10.0 1930
1744852767565 10.05181347150259 1940
1744852780715 10.103626943005182 1950
1744852794035 10.155440414507773 1960
1744852807317 10.207253886010363 1970
1744852820951 10.259067357512953 1980
1744852834187 10.310880829015543 1990
1744852847660 10.362694300518134 2000
1744852860906 10.414507772020725 2010
1744852874224 10.466321243523316 2020
1744852888156 10.518134715025907 2030
1744852901377 10.569948186528498 2040
1744852914755 10.621761658031089 2050
1744852928203 10.67357512953368 2060
1744852941677 10.72538860103627 2070
1744852954589 10.77720207253886 2080
1744852968095 10.82901554404145 2090
1744852981367 10.880829015544041 2100
1744852994541 10.932642487046632 2110
1744853008045 10.984455958549223 2120
1744853047408 11.0 2123
1744853060661 11.036269430051814 2130
1744853073892 11.088082901554404 2140
1744853087507 11.139896373056995 2150
1744853100895 11.191709844559586 2160
1744853114158 11.243523316062177 2170
1744853128249 11.295336787564766 2180
1744853141919 11.347150259067357 2190
1744853155393 11.398963730569948 2200
1744853169162 11.450777202072539 2210
1744853182586 11.50259067357513 2220
1744853196152 11.55440414507772 2230
1744853210099 11.606217616580311 2240
1744853224176 11.658031088082902 2250
1744853237585 11.709844559585493 2260
1744853250981 11.761658031088082 2270
1744853264113 11.813471502590673 2280
1744853278015 11.865284974093264 2290
1744853291493 11.917098445595855 2300
1744853305286 11.968911917098445 2310
1744853348981 12.0 2316
1744853357693 12.020725388601036 2320
1744853370983 12.072538860103627 2330
1744853384169 12.124352331606218 2340
1744853397380 12.176165803108809 2350
1744853411006 12.2279792746114 2360
1744853424138 12.279792746113989 2370
1744853437361 12.33160621761658 2380
1744853450465 12.38341968911917 2390
1744853463776 12.435233160621761 2400
1744853476906 12.487046632124352 2410
1744853490320 12.538860103626943 2420
1744853503614 12.590673575129534 2430
1744853516871 12.642487046632125 2440
1744853530440 12.694300518134716 2450
1744853544259 12.746113989637305 2460
1744853557522 12.797927461139896 2470
1744853570587 12.849740932642487 2480
1744853584072 12.901554404145077 2490
1744853597381 12.953367875647668 2500
1744853645202 13.0 2509
1744853650161 13.005181347150259 2510
1744853663950 13.05699481865285 2520
1744853677547 13.10880829015544 2530
1744853690633 13.160621761658032 2540
1744853704239 13.212435233160623 2550
1744853717416 13.264248704663212 2560
1744853730643 13.316062176165802 2570
1744853744316 13.367875647668393 2580
1744853757449 13.419689119170984 2590
1744853770799 13.471502590673575 2600
1744853784082 13.523316062176166 2610
1744853797166 13.575129533678757 2620
1744853810723 13.626943005181348 2630
1744853824350 13.678756476683938 2640
1744853837938 13.73056994818653 2650
1744853851822 13.782383419689118 2660
1744853865556 13.83419689119171 2670
1744853878727 13.8860103626943 2680
1744853892506 13.937823834196891 2690
1744853905695 13.989637305699482 2700
1744853944823 14.0 2702
1744853959459 14.041450777202073 2710
1744853973161 14.093264248704664 2720
1744853986740 14.145077720207254 2730
1744854000168 14.196891191709845 2740
1744854013435 14.248704663212436 2750
1744854027109 14.300518134715025 2760
1744854040746 14.352331606217616 2770
1744854054086 14.404145077720207 2780
1744854067492 14.455958549222798 2790
1744854081170 14.507772020725389 2800
1744854094495 14.55958549222798 2810
1744854108109 14.61139896373057 2820
1744854121242 14.663212435233161 2830
1744854134711 14.715025906735752 2840
1744854147886 14.766839378238341 2850
1744854161169 14.818652849740932 2860
1744854174592 14.870466321243523 2870
1744854187810 14.922279792746114 2880
1744854201389 14.974093264248705 2890
1744854244371 15.0 2895
1744854254456 15.025906735751295 2900
1744854268050 15.077720207253886 2910
1744854281221 15.129533678756477 2920
1744854294404 15.181347150259068 2930
1744854307516 15.233160621761659 2940
1744854321189 15.284974093264248 2950
1744854335049 15.336787564766839 2960
1744854348801 15.38860103626943 2970
1744854362316 15.44041450777202 2980
1744854375692 15.492227979274611 2990
1744854389197 15.544041450777202 3000
1744854402631 15.595854922279793 3010
1744854416161 15.647668393782384 3020
1744854429233 15.699481865284975 3030
1744854442887 15.751295336787564 3040
1744854455865 15.803108808290155 3050
1744854469023 15.854922279792746 3060
1744854482502 15.906735751295336 3070
1744854496069 15.958549222797927 3080
1744854542908 16.0 3088
1744854549053 16.010362694300518 3090
1744854562298 16.06217616580311 3100
1744854576069 16.1139896373057 3110
1744854589518 16.16580310880829 3120
1744854603452 16.21761658031088 3130
1744854617324 16.269430051813472 3140
1744854631241 16.321243523316063 3150
1744854644967 16.373056994818654 3160
1744854658352 16.424870466321245 3170
1744854671580 16.476683937823836 3180
1744854684849 16.528497409326423 3190
1744854698212 16.580310880829014 3200
1744854711231 16.632124352331605 3210
1744854724806 16.683937823834196 3220
1744854737870 16.735751295336787 3230
1744854751332 16.787564766839377 3240
1744854764847 16.83937823834197 3250
1744854778345 16.89119170984456 3260
1744854791894 16.94300518134715 3270
1744854805662 16.99481865284974 3280
1744854843130 17.0 3281
1744854858745 17.04663212435233 3290
1744854872149 17.098445595854923 3300
1744854885378 17.150259067357513 3310
1744854898847 17.202072538860104 3320
1744854912390 17.253886010362695 3330
1744854925669 17.305699481865286 3340
1744854938960 17.357512953367877 3350
1744854952276 17.409326424870468 3360
1744854965924 17.46113989637306 3370
1744854979006 17.512953367875646 3380
1744854992023 17.564766839378237 3390
1744855005564 17.616580310880828 3400
1744855018684 17.66839378238342 3410
1744855032324 17.72020725388601 3420
1744855045683 17.7720207253886 3430
1744855058894 17.82383419689119 3440
1744855072108 17.875647668393782 3450
1744855085294 17.927461139896373 3460
1744855098895 17.979274611398964 3470
1744855139895 18.0 3474
1744855151766 18.031088082901555 3480
1744855165580 18.082901554404145 3490
1744855179115 18.134715025906736 3500
1744855192879 18.186528497409327 3510
1744855206340 18.238341968911918 3520
1744855219843 18.29015544041451 3530
1744855233525 18.3419689119171 3540
1744855246908 18.39378238341969 3550
1744855260549 18.44559585492228 3560
1744855274803 18.497409326424872 3570
1744855288016 18.54922279792746 3580
1744855301405 18.60103626943005 3590
1744855314868 18.65284974093264 3600
1744855328120 18.704663212435232 3610
1744855341727 18.756476683937823 3620
1744855354943 18.808290155440414 3630
1744855368837 18.860103626943005 3640
1744855382349 18.911917098445596 3650
1744855395421 18.963730569948186 3660
1744855440073 19.0 3667
1744855447573 19.015544041450777 3670
1744855460790 19.067357512953368 3680
1744855473921 19.11917098445596 3690
1744855487305 19.17098445595855 3700
1744855500160 19.22279792746114 3710
1744855513395 19.27461139896373 3720
1744855526416 19.326424870466322 3730
1744855539425 19.378238341968913 3740
1744855552888 19.430051813471504 3750
1744855566495 19.481865284974095 3760
1744855580124 19.533678756476682 3770
1744855593408 19.585492227979273 3780
1744855607099 19.637305699481864 3790
1744855620356 19.689119170984455 3800
1744855633598 19.740932642487046 3810
1744855646946 19.792746113989637 3820
1744855660436 19.844559585492227 3830
1744855673710 19.89637305699482 3840
1744855687012 19.94818652849741 3850
1744855699918 20.0 3860
1744855735879 20.0 3860
1744855753039 20.05181347150259 3870
1744855767264 20.10362694300518 3880
1744855781619 20.155440414507773 3890
1744855795918 20.207253886010363 3900
1744855808968 20.259067357512954 3910
1744855822354 20.310880829015545 3920
1744855835681 20.362694300518136 3930
1744855849090 20.414507772020727 3940
1744855862861 20.466321243523318 3950
1744855876235 20.518134715025905 3960
1744855889963 20.569948186528496 3970
1744855903363 20.621761658031087 3980
1744855916963 20.673575129533678 3990
1744855930470 20.72538860103627 4000
1744855943966 20.77720207253886 4010
1744855957432 20.82901554404145 4020
1744855970697 20.88082901554404 4030
1744855984424 20.932642487046632 4040
1744855997731 20.984455958549223 4050
1744856037603 21.0 4053
1744856050357 21.036269430051814 4060
1744856063557 21.088082901554404 4070
1744856076989 21.139896373056995 4080
1744856090365 21.191709844559586 4090
1744856103783 21.243523316062177 4100
1744856116938 21.295336787564768 4110
1744856130044 21.34715025906736 4120
1744856143585 21.39896373056995 4130
1744856156831 21.45077720207254 4140
1744856170399 21.502590673575128 4150
1744856183609 21.55440414507772 4160
1744856197029 21.60621761658031 4170
1744856210151 21.6580310880829 4180
1744856223249 21.70984455958549 4190
1744856236947 21.761658031088082 4200
1744856250253 21.813471502590673 4210
1744856263733 21.865284974093264 4220
1744856276640 21.917098445595855 4230
1744856289789 21.968911917098445 4240
1744856333826 22.0 4246
1744856342824 22.020725388601036 4250
1744856356296 22.072538860103627 4260
1744856369577 22.124352331606218 4270
1744856383318 22.17616580310881 4280
1744856396700 22.2279792746114 4290
1744856410709 22.27979274611399 4300
1744856424185 22.33160621761658 4310
1744856437497 22.383419689119172 4320
1744856450730 22.435233160621763 4330
1744856464025 22.487046632124354 4340
1744856477239 22.53886010362694 4350
1744856490342 22.590673575129532 4360
1744856503662 22.642487046632123 4370
1744856516813 22.694300518134714 4380
1744856530309 22.746113989637305 4390
1744856543650 22.797927461139896 4400
1744856557331 22.849740932642487 4410
1744856571130 22.901554404145077 4420
1744856584243 22.95336787564767 4430
1744856631133 23.0 4439
1744856636421 23.00518134715026 4440
1744856649824 23.05699481865285 4450
1744856663073 23.10880829015544 4460
1744856676285 23.16062176165803 4470
1744856689569 23.212435233160623 4480
1744856702779 23.264248704663213 4490
1744856716325 23.316062176165804 4500
1744856729549 23.367875647668395 4510
1744856742924 23.419689119170986 4520
1744856756191 23.471502590673577 4530
1744856770273 23.523316062176164 4540
1744856783329 23.575129533678755 4550
1744856796740 23.626943005181346 4560
1744856810428 23.678756476683937 4570
1744856823854 23.730569948186528 4580
1744856837485 23.78238341968912 4590
1744856851001 23.83419689119171 4600
1744856864839 23.8860103626943 4610
1744856877887 23.93782383419689 4620
1744856891731 23.989637305699482 4630
1744856930752 24.0 4632
1744856945702 24.041450777202073 4640
1744856959127 24.093264248704664 4650
1744856972040 24.145077720207254 4660
1744856985241 24.196891191709845 4670
1744856998856 24.248704663212436 4680
1744857012030 24.300518134715027 4690
1744857025524 24.352331606217618 4700
1744857038847 24.40414507772021 4710
1744857052348 24.4559585492228 4720
1744857065440 24.50777202072539 4730
1744857078837 24.559585492227978 4740
1744857091933 24.61139896373057 4750
1744857105149 24.66321243523316 4760
1744857118568 24.71502590673575 4770
1744857131941 24.76683937823834 4780
1744857145694 24.818652849740932 4790
1744857158789 24.870466321243523 4800
1744857172408 24.922279792746114 4810
1744857185387 24.974093264248705 4820
1744857227922 25.0 4825
1744857238682 25.025906735751295 4830
1744857252181 25.077720207253886 4840
1744857265815 25.129533678756477 4850
1744857278818 25.181347150259068 4860
1744857292304 25.23316062176166 4870
1744857305831 25.28497409326425 4880
1744857318740 25.33678756476684 4890
1744857332121 25.38860103626943 4900
1744857345727 25.440414507772022 4910
1744857359918 25.49222797927461 4920
1744857373320 25.5440414507772 4930
1744857386762 25.59585492227979 4940
1744857400134 25.647668393782382 4950
1744857413346 25.699481865284973 4960
1744857426730 25.751295336787564 4970
1744857440180 25.803108808290155 4980
1744857453863 25.854922279792746 4990
1744857467544 25.906735751295336 5000
1744857481658 25.958549222797927 5010
1744857528582 26.0 5018
1744857535366 26.010362694300518 5020
1744857548611 26.06217616580311 5030
1744857561764 26.1139896373057 5040
1744857575671 26.16580310880829 5050
1744857588695 26.21761658031088 5060
1744857602274 26.269430051813472 5070
1744857615667 26.321243523316063 5080
1744857628982 26.373056994818654 5090
1744857642165 26.424870466321245 5100
1744857655292 26.476683937823836 5110
1744857668801 26.528497409326423 5120
1744857682127 26.580310880829014 5130
1744857695977 26.632124352331605 5140
1744857709356 26.683937823834196 5150
1744857722750 26.735751295336787 5160
1744857735752 26.787564766839377 5170
1744857749124 26.83937823834197 5180
1744857762334 26.89119170984456 5190
1744857775730 26.94300518134715 5200
1744857789188 26.99481865284974 5210
1744857826999 27.0 5211
1744857842685 27.04663212435233 5220
1744857856861 27.098445595854923 5230
1744857870143 27.150259067357513 5240
1744857883809 27.202072538860104 5250
1744857897501 27.253886010362695 5260
1744857910878 27.305699481865286 5270
1744857924081 27.357512953367877 5280
1744857937345 27.409326424870468 5290
1744857950441 27.46113989637306 5300
1744857963803 27.512953367875646 5310
1744857977348 27.564766839378237 5320
1744857990830 27.616580310880828 5330
1744858003998 27.66839378238342 5340
1744858016996 27.72020725388601 5350
1744858030853 27.7720207253886 5360
1744858044084 27.82383419689119 5370
1744858057336 27.875647668393782 5380
1744858070861 27.927461139896373 5390
1744858084184 27.979274611398964 5400
1744858125553 28.0 5404
1744858137065 28.031088082901555 5410
1744858150330 28.082901554404145 5420
1744858163375 28.134715025906736 5430
1744858176873 28.186528497409327 5440
1744858190251 28.238341968911918 5450
1744858203350 28.29015544041451 5460
1744858216951 28.3419689119171 5470
1744858230052 28.39378238341969 5480
1744858243879 28.44559585492228 5490
1744858257289 28.497409326424872 5500
1744858270595 28.54922279792746 5510
1744858284285 28.60103626943005 5520
1744858297284 28.65284974093264 5530
1744858310544 28.704663212435232 5540
1744858323864 28.756476683937823 5550
1744858337237 28.808290155440414 5560
1744858351138 28.860103626943005 5570
1744858364344 28.911917098445596 5580
1744858377785 28.963730569948186 5590
1744858423260 29.0 5597
1744858431349 29.015544041450777 5600
1744858445257 29.067357512953368 5610
1744858458880 29.11917098445596 5620
1744858472936 29.17098445595855 5630
1744858486877 29.22279792746114 5640
1744858500283 29.27461139896373 5650
1744858513603 29.326424870466322 5660
1744858527240 29.378238341968913 5670
1744858540762 29.430051813471504 5680
1744858554235 29.481865284974095 5690
1744858567383 29.533678756476682 5700
1744858580559 29.585492227979273 5710
1744858594187 29.637305699481864 5720
1744858607432 29.689119170984455 5730
1744858620808 29.740932642487046 5740
1744858634056 29.792746113989637 5750
1744858647665 29.844559585492227 5760
1744858660902 29.89637305699482 5770
1744858674821 29.94818652849741 5780
1744858687627 30.0 5790
1744858724180 30.0 5790
1744858726164 30.0 5790
1744858727281 30.0 0
1744858763862 30.0 5790
