1744849783787 5.317318439483643 10
1744849797625 5.20404577255249 20
1744849811428 5.13689661026001 30
1744849824798 4.777938365936279 40
1744849838842 5.306023597717285 50
1744849852167 4.93557596206665 60
1744849865747 6.382928371429443 70
1744849878763 6.484604358673096 80
1744849892075 9.664817810058594 90
1744849905452 13.667972564697266 100
1744849918507 9.139795303344727 110
1744849932232 8.788360595703125 120
1744849945661 10.109115600585938 130
1744849959651 11.319122314453125 140
1744849973095 10.412742614746094 150
1744849986401 9.96916675567627 160
1744849999706 11.139559745788574 170
1744850013947 9.75989055633545 180
1744850027379 9.500006675720215 190
1744850080556 15.133517265319824 200
1744850093793 8.607989311218262 210
1744850107193 12.68112850189209 220
1744850120124 8.793413162231445 230
1744850133481 10.224347114562988 240
1744850146784 8.584970474243164 250
1744850160091 8.762125968933105 260
1744850173555 10.79112434387207 270
1744850186877 7.9025492668151855 280
1744850200150 7.418706893920898 290
1744850213738 8.138079643249512 300
1744850227186 7.6894731521606445 310
1744850240622 7.990047931671143 320
1744850253866 7.273885250091553 330
1744850267282 11.926169395446777 340
1744850280891 8.079244613647461 350
1744850294316 8.195303916931152 360
1744850307743 7.358738422393799 370
1744850321281 5.667575359344482 380
1744850372089 7.758722305297852 390
1744850386182 9.522110939025879 400
1744850399703 6.585447788238525 410
1744850412961 7.593626022338867 420
1744850426233 6.4737229347229 430
1744850439577 8.223522186279297 440
1744850452893 9.333304405212402 450
1744850465879 6.49591064453125 460
1744850479317 5.314092636108398 470
1744850492589 5.869818210601807 480
1744850505802 7.290356159210205 490
1744850519110 6.98521614074707 500
1744850532400 7.061499118804932 510
1744850545689 6.052165985107422 520
1744850558988 7.2288498878479 530
1744850572391 6.294279098510742 540
1744850585663 8.365423202514648 550
1744850599232 6.769924640655518 560
1744850612157 6.724771976470947 570
1744850662872 12.169899940490723 580
1744850676163 7.0995774269104 590
1744850689680 5.930722713470459 600
1744850702936 7.521650314331055 610
1744850717062 6.374307632446289 620
1744850730597 5.885242938995361 630
1744850744105 4.393407344818115 640
1744850757758 5.112728595733643 650
1744850771109 6.1498637199401855 660
1744850785282 8.090627670288086 670
1744850799321 6.9091081619262695 680
1744850813078 5.93961238861084 690
1744850826842 5.33128547668457 700
1744850840333 5.2003889083862305 710
1744850853473 5.732424259185791 720
1744850866898 7.851039886474609 730
1744850880498 20.097734451293945 740
1744850893855 5.638608932495117 750
1744850907304 4.702384948730469 760
1744850920205 6.620148658752441 770
1744850972554 4.505188465118408 780
1744850985673 3.4761834144592285 790
1744850999007 6.001038074493408 800
1744851012506 4.456531524658203 810
1744851026377 12.743636131286621 820
1744851039586 6.764209270477295 830
1744851052623 5.717947483062744 840
1744851066172 11.137009620666504 850
1744851079527 6.059023380279541 860
1744851092819 6.007055282592773 870
1744851106083 5.6987762451171875 880
1744851119272 5.419553756713867 890
1744851132356 5.042260646820068 900
1744851146128 6.561773777008057 910
1744851159559 5.217160224914551 920
1744851172692 4.322247505187988 930
1744851186429 6.000324726104736 940
1744851199414 5.155540943145752 950
1744851212905 4.565088748931885 960
1744851265798 6.143170356750488 970
1744851278803 5.442133903503418 980
1744851292430 3.6218721866607666 990
1744851305923 5.657408714294434 1000
1744851319223 6.329525470733643 1010
1744851332451 4.8455915451049805 1020
1744851345613 5.137632369995117 1030
1744851359116 4.597268581390381 1040
1744851372277 4.476386070251465 1050
1744851385434 5.362659454345703 1060
1744851399203 7.6820197105407715 1070
1744851412330 5.715902805328369 1080
1744851426067 4.30742883682251 1090
1744851439300 5.852451801300049 1100
1744851452591 4.636528968811035 1110
1744851465843 7.533694267272949 1120
1744851479420 6.826465129852295 1130
1744851492774 5.873105525970459 1140
1744851505982 3.821068525314331 1150
1744851559021 3.253981590270996 1160
1744851572580 5.479185104370117 1170
1744851586287 4.118791580200195 1180
1744851599967 6.328551769256592 1190
1744851613564 6.119847297668457 1200
1744851626911 7.259317398071289 1210
1744851640748 4.274868488311768 1220
1744851654322 4.763472080230713 1230
1744851668120 9.0610990524292 1240
1744851681286 4.465101718902588 1250
1744851694601 6.13357400894165 1260
1744851708047 5.252596855163574 1270
1744851721412 4.478084564208984 1280
1744851734973 4.835221767425537 1290
1744851748138 4.8329176902771 1300
1744851761819 5.071665287017822 1310
1744851774932 5.201836109161377 1320
1744851788487 4.875358581542969 1330
1744851801693 6.346335411071777 1340
1744851814620 7.179825782775879 1350
1744851868312 4.687823295593262 1360
1744851881850 5.732785701751709 1370
1744851895332 6.496250629425049 1380
1744851908870 5.3155412673950195 1390
1744851922513 5.974113941192627 1400
1744851935889 4.026590824127197 1410
1744851949438 3.189812183380127 1420
1744851962631 4.6570210456848145 1430
1744851975739 4.68363618850708 1440
1744851989097 5.90563440322876 1450
1744852002305 3.3067550659179688 1460
1744852015850 5.740152835845947 1470
1744852029046 4.062612533569336 1480
1744852042245 4.771590232849121 1490
1744852055367 5.297350883483887 1500
1744852068901 4.586246490478516 1510
1744852082362 6.6492695808410645 1520
1744852095737 5.646546840667725 1530
1744852109032 3.7207727432250977 1540
1744852162894 5.439052104949951 1550
1744852176236 4.453404903411865 1560
1744852190288 3.1473019123077393 1570
1744852204315 6.412267208099365 1580
1744852217868 4.8335957527160645 1590
1744852231549 6.578436851501465 1600
1744852244917 5.224025249481201 1610
1744852258275 5.123665809631348 1620
1744852271347 5.43732213973999 1630
1744852284843 4.399366855621338 1640
1744852298283 6.058960914611816 1650
1744852311515 5.056406021118164 1660
1744852325285 6.898717403411865 1670
1744852338774 4.862253665924072 1680
1744852352103 4.143014907836914 1690
1744852365339 8.279356956481934 1700
1744852378926 3.854541778564453 1710
1744852392698 4.049659729003906 1720
1744852405999 4.985454082489014 1730
1744852458672 4.268367290496826 1740
1744852472457 4.679997444152832 1750
1744852486247 3.671588659286499 1760
1744852499880 3.826756000518799 1770
1744852513170 6.028103351593018 1780
1744852526671 3.270198106765747 1790
1744852540101 5.079653263092041 1800
1744852553308 4.941854000091553 1810
1744852566838 4.2316789627075195 1820
1744852579944 4.0485992431640625 1830
1744852593385 4.6208367347717285 1840
1744852606866 4.5920796394348145 1850
1744852620096 3.8065054416656494 1860
1744852633551 4.55014705657959 1870
1744852646725 5.300525188446045 1880
1744852660352 3.4807989597320557 1890
1744852673524 3.50364351272583 1900
1744852687128 3.9553537368774414 1910
1744852700425 5.523311614990234 1920
1744852713878 5.280178546905518 1930
1744852767565 3.7926933765411377 1940
1744852780715 4.092270374298096 1950
1744852794035 3.093881130218506 1960
1744852807317 4.230081081390381 1970
1744852820951 6.642105579376221 1980
1744852834187 4.335479259490967 1990
1744852847660 4.481139659881592 2000
1744852860906 4.346671104431152 2010
1744852874224 4.8195037841796875 2020
1744852888156 4.27562141418457 2030
1744852901377 9.455228805541992 2040
1744852914755 3.20141339302063 2050
1744852928203 16.864543914794922 2060
1744852941677 4.237463474273682 2070
1744852954589 5.480999946594238 2080
1744852968095 4.949150085449219 2090
1744852981367 5.734017848968506 2100
1744852994541 5.023736000061035 2110
1744853008045 4.190709590911865 2120
1744853060661 3.3383584022521973 2130
1744853073892 4.227506160736084 2140
1744853087507 4.1016082763671875 2150
1744853100895 4.970142364501953 2160
1744853114158 3.767211675643921 2170
1744853128249 4.455783843994141 2180
1744853141919 6.142963409423828 2190
1744853155393 5.145129203796387 2200
1744853169162 5.1410627365112305 2210
1744853182586 5.1640143394470215 2220
1744853196152 4.846956253051758 2230
1744853210099 3.6088454723358154 2240
1744853224176 7.605710983276367 2250
1744853237585 4.239431858062744 2260
1744853250981 3.3261518478393555 2270
1744853264113 4.071319580078125 2280
1744853278015 5.51237154006958 2290
1744853291493 4.781197547912598 2300
1744853305286 4.329484462738037 2310
1744853357693 3.255941867828369 2320
1744853370983 5.494199752807617 2330
1744853384169 5.028184413909912 2340
1744853397380 1.99436354637146 2350
1744853411006 4.402594089508057 2360
1744853424138 4.7426910400390625 2370
1744853437361 4.8000569343566895 2380
1744853450465 2.8337817192077637 2390
1744853463776 9.775219917297363 2400
1744853476906 3.4397122859954834 2410
1744853490320 3.9954111576080322 2420
1744853503614 3.9146995544433594 2430
1744853516871 5.031901836395264 2440
1744853530440 4.5783538818359375 2450
1744853544259 4.314902305603027 2460
1744853557522 7.660870552062988 2470
1744853570587 4.539456844329834 2480
1744853584072 5.704588413238525 2490
1744853597381 3.568197727203369 2500
1744853650161 3.116722822189331 2510
1744853663950 5.408204078674316 2520
1744853677547 4.127711296081543 2530
1744853690633 3.9893035888671875 2540
1744853704239 3.54683518409729 2550
1744853717416 2.7324984073638916 2560
1744853730643 8.057732582092285 2570
1744853744316 4.179331302642822 2580
1744853757449 4.586025714874268 2590
1744853770799 5.195644855499268 2600
1744853784082 6.702595233917236 2610
1744853797166 7.784519195556641 2620
1744853810723 4.478062629699707 2630
1744853824350 4.809603691101074 2640
1744853837938 3.0694150924682617 2650
1744853851822 7.308291435241699 2660
1744853865556 4.687378883361816 2670
1744853878727 4.545416831970215 2680
1744853892506 6.972055435180664 2690
1744853905695 4.432459831237793 2700
1744853959459 5.3081374168396 2710
1744853973161 4.644920349121094 2720
1744853986740 3.5960400104522705 2730
1744854000168 6.730242729187012 2740
1744854013435 4.540512561798096 2750
1744854027109 5.95308256149292 2760
1744854040746 3.9293365478515625 2770
1744854054086 3.7042455673217773 2780
1744854067492 2.989469528198242 2790
1744854081170 6.762216091156006 2800
1744854094495 6.108154296875 2810
1744854108109 4.031054973602295 2820
1744854121242 4.915955543518066 2830
1744854134711 3.227813482284546 2840
1744854147886 4.578775882720947 2850
1744854161169 3.606689691543579 2860
1744854174592 3.6339616775512695 2870
1744854187810 4.391522407531738 2880
1744854201389 3.874047040939331 2890
1744854254456 5.823786735534668 2900
1744854268050 5.534811973571777 2910
1744854281221 3.595689058303833 2920
1744854294404 3.6120898723602295 2930
1744854307516 3.7027573585510254 2940
1744854321189 3.524940013885498 2950
1744854335049 4.50960636138916 2960
1744854348801 4.704305171966553 2970
1744854362316 3.8260645866394043 2980
1744854375692 6.612131118774414 2990
1744854389197 3.7025914192199707 3000
1744854402631 3.2325310707092285 3010
1744854416161 4.411599636077881 3020
1744854429233 3.8621513843536377 3030
1744854442887 4.961564064025879 3040
1744854455865 6.0817084312438965 3050
1744854469023 3.93497633934021 3060
1744854482502 3.8428406715393066 3070
1744854496069 3.3713982105255127 3080
1744854549053 2.9050328731536865 3090
1744854562298 5.154189586639404 3100
1744854576069 2.7762558460235596 3110
1744854589518 3.2095224857330322 3120
1744854603452 2.9627022743225098 3130
1744854617324 4.724812984466553 3140
1744854631241 3.978008270263672 3150
1744854644967 4.414124488830566 3160
1744854658352 2.7857792377471924 3170
1744854671580 3.7436001300811768 3180
1744854684849 3.3997652530670166 3190
1744854698212 3.5709753036499023 3200
1744854711231 4.2564191818237305 3210
1744854724806 5.624573230743408 3220
1744854737870 3.9095046520233154 3230
1744854751332 3.568596124649048 3240
1744854764847 3.3976428508758545 3250
1744854778345 3.2395076751708984 3260
1744854791894 4.024847984313965 3270
1744854805662 3.1972410678863525 3280
1744854858745 4.875589847564697 3290
1744854872149 3.9416308403015137 3300
1744854885378 4.63865327835083 3310
1744854898847 3.3268280029296875 3320
1744854912390 2.4270753860473633 3330
1744854925669 3.2438864707946777 3340
1744854938960 3.28283953666687 3350
1744854952276 3.3846232891082764 3360
1744854965924 4.2555317878723145 3370
1744854979006 3.422894239425659 3380
1744854992023 4.999014377593994 3390
1744855005564 4.21428918838501 3400
1744855018684 3.2952027320861816 3410
1744855032324 3.3453800678253174 3420
1744855045683 2.6601979732513428 3430
1744855058894 2.6425516605377197 3440
1744855072108 4.8971734046936035 3450
1744855085294 3.401362895965576 3460
1744855098895 4.328495502471924 3470
1744855151766 2.90826153755188 3480
1744855165580 3.0195529460906982 3490
1744855179115 5.5344414710998535 3500
1744855192879 4.27576208114624 3510
1744855206340 3.1825292110443115 3520
1744855219843 3.480092763900757 3530
1744855233525 3.7013356685638428 3540
1744855246908 3.644946336746216 3550
1744855260549 3.433793783187866 3560
1744855274803 6.277039051055908 3570
1744855288016 4.388749122619629 3580
1744855301405 3.3836889266967773 3590
1744855314868 3.6656436920166016 3600
1744855328120 3.140740394592285 3610
1744855341727 1.8705815076828003 3620
1744855354943 3.3679628372192383 3630
1744855368837 3.3752665519714355 3640
1744855382349 4.573301792144775 3650
1744855395421 3.8338053226470947 3660
1744855447573 3.8844809532165527 3670
1744855460790 4.9585771560668945 3680
1744855473921 3.8643791675567627 3690
1744855487305 4.131641864776611 3700
1744855500160 4.06683874130249 3710
1744855513395 3.855990171432495 3720
1744855526416 4.269359111785889 3730
1744855539425 2.9266295433044434 3740
1744855552888 3.795610189437866 3750
1744855566495 4.275116443634033 3760
1744855580124 5.274294853210449 3770
1744855593408 3.770033359527588 3780
1744855607099 4.361584663391113 3790
1744855620356 5.153039932250977 3800
1744855633598 3.56473708152771 3810
1744855646946 3.7499372959136963 3820
1744855660436 2.5439703464508057 3830
1744855673710 3.1682183742523193 3840
1744855687012 4.528647422790527 3850
1744855699918 4.878852367401123 3860
1744855753039 2.9812986850738525 3870
1744855767264 3.83016037940979 3880
1744855781619 3.8553073406219482 3890
1744855795918 2.1116409301757812 3900
1744855808968 3.9064292907714844 3910
1744855822354 3.4940073490142822 3920
1744855835681 5.579634666442871 3930
1744855849090 3.8050765991210938 3940
1744855862861 4.073569297790527 3950
1744855876235 2.291766881942749 3960
1744855889963 4.267966270446777 3970
1744855903363 3.4273853302001953 3980
1744855916963 3.762697219848633 3990
1744855930470 3.6355628967285156 4000
1744855943966 2.945408821105957 4010
1744855957432 5.4326252937316895 4020
1744855970697 3.028684377670288 4030
1744855984424 3.577115535736084 4040
1744855997731 3.279730796813965 4050
1744856050357 2.8145132064819336 4060
1744856063557 3.3828606605529785 4070
1744856076989 4.327674865722656 4080
1744856090365 3.0330417156219482 4090
1744856103783 3.890263557434082 4100
1744856116938 3.9922728538513184 4110
1744856130044 3.578691005706787 4120
1744856143585 6.43143892288208 4130
1744856156831 4.315013408660889 4140
1744856170399 6.409701347351074 4150
1744856183609 2.841257333755493 4160
1744856197029 3.6202542781829834 4170
1744856210151 4.7146124839782715 4180
1744856223249 3.2375221252441406 4190
1744856236947 3.5059244632720947 4200
1744856250253 3.007295608520508 4210
1744856263733 3.279554605484009 4220
1744856276640 5.8916778564453125 4230
1744856289789 4.636445045471191 4240
1744856342824 3.0738093852996826 4250
1744856356296 5.089015007019043 4260
1744856369577 3.9865894317626953 4270
1744856383318 3.2942917346954346 4280
1744856396700 3.552997589111328 4290
1744856410709 2.1802518367767334 4300
1744856424185 3.170208692550659 4310
1744856437497 5.14947509765625 4320
1744856450730 3.804914951324463 4330
1744856464025 2.6862144470214844 4340
1744856477239 4.125682830810547 4350
1744856490342 5.2697672843933105 4360
1744856503662 3.3160910606384277 4370
1744856516813 5.091361045837402 4380
1744856530309 2.215510368347168 4390
1744856543650 2.9667165279388428 4400
1744856557331 3.7570221424102783 4410
1744856571130 4.201820373535156 4420
1744856584243 4.2600250244140625 4430
1744856636421 4.2132649421691895 4440
1744856649824 2.8798422813415527 4450
1744856663073 2.848144769668579 4460
1744856676285 2.943969964981079 4470
1744856689569 4.584054946899414 4480
1744856702779 3.464765787124634 4490
1744856716325 4.115839004516602 4500
1744856729549 3.142650604248047 4510
1744856742924 6.140390396118164 4520
1744856756191 3.921595335006714 4530
1744856770273 5.362100601196289 4540
1744856783329 5.453352928161621 4550
1744856796740 3.207148790359497 4560
1744856810428 5.876372814178467 4570
1744856823854 3.8425471782684326 4580
1744856837485 3.927241325378418 4590
1744856851001 3.7327373027801514 4600
1744856864839 6.031492233276367 4610
1744856877887 4.448278903961182 4620
1744856891731 3.769453763961792 4630
1744856945702 3.774545431137085 4640
1744856959127 3.202878952026367 4650
1744856972040 3.0535871982574463 4660
1744856985241 3.188868284225464 4670
1744856998856 6.835824012756348 4680
1744857012030 3.4188621044158936 4690
1744857025524 3.0281739234924316 4700
1744857038847 4.0806427001953125 4710
1744857052348 4.254734039306641 4720
1744857065440 3.725367307662964 4730
1744857078837 4.840636253356934 4740
1744857091933 4.556970119476318 4750
1744857105149 3.821951150894165 4760
1744857118568 1.3311928510665894 4770
1744857131941 3.9111862182617188 4780
1744857145694 3.274543523788452 4790
1744857158789 3.42173433303833 4800
1744857172408 4.9426984786987305 4810
1744857185387 4.017662048339844 4820
1744857238682 2.7788567543029785 4830
1744857252181 2.6887574195861816 4840
1744857265815 2.487118721008301 4850
1744857278818 3.1095948219299316 4860
1744857292304 4.909770488739014 4870
1744857305831 3.284252166748047 4880
1744857318740 3.018873691558838 4890
1744857332121 4.4712653160095215 4900
1744857345727 4.264980792999268 4910
1744857359918 3.7602157592773438 4920
1744857373320 3.5001819133758545 4930
1744857386762 2.684835910797119 4940
1744857400134 2.450120687484741 4950
1744857413346 4.154610633850098 4960
1744857426730 1.8738176822662354 4970
1744857440180 2.4572558403015137 4980
1744857453863 3.422960042953491 4990
1744857467544 3.6660103797912598 5000
1744857481658 3.846168041229248 5010
1744857535366 4.124655246734619 5020
1744857548611 2.5350534915924072 5030
1744857561764 5.346733570098877 5040
1744857575671 3.7954702377319336 5050
1744857588695 3.0813746452331543 5060
1744857602274 2.78326678276062 5070
1744857615667 4.126068592071533 5080
1744857628982 3.6626508235931396 5090
1744857642165 7.006424903869629 5100
1744857655292 6.218066692352295 5110
1744857668801 3.0533387660980225 5120
1744857682127 3.3782451152801514 5130
1744857695977 3.132904291152954 5140
1744857709356 3.5829036235809326 5150
1744857722750 3.984461784362793 5160
1744857735752 3.447842836380005 5170
1744857749124 2.941678285598755 5180
1744857762334 3.6180801391601562 5190
1744857775730 2.8397674560546875 5200
1744857789188 4.077878952026367 5210
1744857842685 3.1003236770629883 5220
1744857856861 4.725944995880127 5230
1744857870143 3.464912176132202 5240
1744857883809 2.6454830169677734 5250
1744857897501 3.635526657104492 5260
1744857910878 3.7897841930389404 5270
1744857924081 2.6184914112091064 5280
1744857937345 3.4423129558563232 5290
1744857950441 3.550726890563965 5300
1744857963803 2.2867116928100586 5310
1744857977348 5.083619117736816 5320
1744857990830 5.088535308837891 5330
1744858003998 3.1985342502593994 5340
1744858016996 2.9828875064849854 5350
1744858030853 3.719571113586426 5360
1744858044084 2.3028171062469482 5370
1744858057336 3.198228120803833 5380
1744858070861 3.2900710105895996 5390
1744858084184 3.1841940879821777 5400
1744858137065 6.931661128997803 5410
1744858150330 3.1799962520599365 5420
1744858163375 2.605451822280884 5430
1744858176873 3.7849581241607666 5440
1744858190251 3.3207805156707764 5450
1744858203350 3.5078914165496826 5460
1744858216951 2.3897452354431152 5470
1744858230052 4.505420684814453 5480
1744858243879 2.4358789920806885 5490
1744858257289 3.6957147121429443 5500
1744858270595 4.320764064788818 5510
1744858284285 2.506648302078247 5520
1744858297284 5.1758809089660645 5530
1744858310544 2.625237464904785 5540
1744858323864 3.546861171722412 5550
1744858337237 4.152740955352783 5560
1744858351138 3.143956184387207 5570
1744858364344 4.21818733215332 5580
1744858377785 3.8665032386779785 5590
1744858431349 3.351372241973877 5600
1744858445257 2.6680445671081543 5610
1744858458880 4.246898174285889 5620
1744858472936 6.032847881317139 5630
1744858486877 5.15286111831665 5640
1744858500283 3.877232313156128 5650
1744858513603 2.8545656204223633 5660
1744858527240 2.855658769607544 5670
1744858540762 4.440593242645264 5680
1744858554235 2.1641266345977783 5690
1744858567383 3.9384305477142334 5700
1744858580559 4.288431167602539 5710
1744858594187 3.728822708129883 5720
1744858607432 4.890232086181641 5730
1744858620808 3.7864556312561035 5740
1744858634056 3.0463016033172607 5750
1744858647665 4.088362216949463 5760
1744858660902 3.82781982421875 5770
1744858674821 3.379720449447632 5780
1744858687627 4.333014488220215 5790
