1744849783787 1.5544041450777204e-06 10
1744849797625 3.281519861830743e-06 20
1744849811428 5.008635578583766e-06 30
1744849824798 6.735751295336788e-06 40
1744849838842 8.462867012089811e-06 50
1744849852167 1.0189982728842833e-05 60
1744849865747 1.1917098445595855e-05 70
1744849878763 1.3644214162348878e-05 80
1744849892075 1.53713298791019e-05 90
1744849905452 1.7098445595854924e-05 100
1744849918507 1.8825561312607946e-05 110
1744849932232 2.055267702936097e-05 120
1744849945661 2.227979274611399e-05 130
1744849959651 2.4006908462867013e-05 140
1744849973095 2.5734024179620035e-05 150
1744849986401 2.7461139896373057e-05 160
1744849999706 2.918825561312608e-05 170
1744850013947 3.091537132987911e-05 180
1744850027379 3.264248704663213e-05 190
1744850080556 3.436960276338515e-05 200
1744850093793 3.609671848013817e-05 210
1744850107193 3.78238341968912e-05 220
1744850120124 3.9550949913644216e-05 230
1744850133481 4.127806563039724e-05 240
1744850146784 4.300518134715026e-05 250
1744850160091 4.4732297063903286e-05 260
1744850173555 4.6459412780656305e-05 270
1744850186877 4.818652849740933e-05 280
1744850200150 4.991364421416235e-05 290
1744850213738 5.1640759930915375e-05 300
1744850227186 5.3367875647668394e-05 310
1744850240622 5.509499136442142e-05 320
1744850253866 5.682210708117444e-05 330
1744850267282 5.8549222797927464e-05 340
1744850280891 6.027633851468048e-05 350
1744850294316 6.200345423143351e-05 360
1744850307743 6.373056994818653e-05 370
1744850321281 6.545768566493955e-05 380
1744850372089 6.718480138169257e-05 390
1744850386182 6.89119170984456e-05 400
1744850399703 7.063903281519862e-05 410
1744850412961 7.236614853195165e-05 420
1744850426233 7.409326424870466e-05 430
1744850439577 7.582037996545769e-05 440
1744850452893 7.754749568221071e-05 450
1744850465879 7.927461139896374e-05 460
1744850479317 8.100172711571675e-05 470
1744850492589 8.272884283246978e-05 480
1744850505802 8.44559585492228e-05 490
1744850519110 8.618307426597583e-05 500
1744850532400 8.791018998272885e-05 510
1744850545689 8.963730569948186e-05 520
1744850558988 9.136442141623489e-05 530
1744850572391 9.309153713298792e-05 540
1744850585663 9.481865284974094e-05 550
1744850599232 9.654576856649395e-05 560
1744850612157 9.827288428324698e-05 570
1744850662872 0.0001 580
1744850676163 9.999909135070845e-05 590
1744850689680 9.999636543585953e-05 600
1744850702936 9.999182235452925e-05 610
1744850717062 9.998546227184034e-05 620
1744850730597 9.997728541895616e-05 630
1744850744105 9.996729209307241e-05 640
1744850757758 9.99554826574062e-05 650
1744850771109 9.994185754118294e-05 660
1744850785282 9.992641723962075e-05 670
1744850799321 9.990916231391236e-05 680
1744850813078 9.989009339120482e-05 690
1744850826842 9.986921116457668e-05 700
1744850840333 9.984651639301272e-05 710
1744850853473 9.982200990137647e-05 720
1744850866898 9.97956925803802e-05 730
1744850880498 9.97675653865525e-05 740
1744850893855 9.973762934220357e-05 750
1744850907304 9.970588553538801e-05 760
1744850920205 9.967233511986533e-05 770
1744850972554 9.9636979315058e-05 780
1744850985673 9.959981940600708e-05 790
1744850999007 9.956085674332559e-05 800
1744851012506 9.952009274314935e-05 810
1744851026377 9.947752888708554e-05 820
1744851039586 9.94331667221589e-05 830
1744851052623 9.93870078607554e-05 840
1744851066172 9.933905398056372e-05 850
1744851079527 9.92893068245142e-05 860
1744851092819 9.92377682007156e-05 870
1744851106083 9.918443998238926e-05 880
1744851119272 9.91293241078011e-05 890
1744851132356 9.907242258019113e-05 900
1744851146128 9.901373746770066e-05 910
1744851159559 9.895327090329714e-05 920
1744851172692 9.889102508469658e-05 930
1744851186429 9.882700227428378e-05 940
1744851199414 9.876120479902995e-05 950
1744851212905 9.86936350504083e-05 960
1744851265798 9.862429548430695e-05 970
1744851278803 9.855318862093985e-05 980
1744851292430 9.848031704475501e-05 990
1744851305923 9.840568340434069e-05 1000
1744851319223 9.832929041232907e-05 1010
1744851332451 9.825114084529766e-05 1020
1744851345613 9.817123754366843e-05 1030
1744851359116 9.80895834116045e-05 1040
1744851372277 9.800618141690463e-05 1050
1744851385434 9.792103459089539e-05 1060
1744851399203 9.783414602832086e-05 1070
1744851412330 9.774551888723031e-05 1080
1744851426067 9.76551563888633e-05 1090
1744851439300 9.756306181753261e-05 1100
1744851452591 9.746923852050494e-05 1110
1744851465843 9.737368990787916e-05 1120
1744851479420 9.727641945246246e-05 1130
1744851492774 9.717743068964407e-05 1140
1744851505982 9.70767272172667e-05 1150
1744851559021 9.697431269549597e-05 1160
1744851572580 9.687019084668715e-05 1170
1744851586287 9.676436545525002e-05 1180
1744851599967 9.665684036751123e-05 1190
1744851613564 9.654761949157462e-05 1200
1744851626911 9.643670679717901e-05 1210
1744851640748 9.632410631555407e-05 1220
1744851654322 9.620982213927369e-05 1230
1744851668120 9.609385842210734e-05 1240
1744851681286 9.597621937886898e-05 1250
1744851694601 9.585690928526392e-05 1260
1744851708047 9.573593247773347e-05 1270
1744851721412 9.561329335329725e-05 1280
1744851734973 9.548899636939338e-05 1290
1744851748138 9.536304604371653e-05 1300
1744851761819 9.523544695405365e-05 1310
1744851774932 9.510620373811767e-05 1320
1744851788487 9.49753210933788e-05 1330
1744851801693 9.484280377689401e-05 1340
1744851814620 9.470865660513389e-05 1350
1744851868312 9.457288445380772e-05 1360
1744851881850 9.443549225768629e-05 1370
1744851895332 9.429648501042247e-05 1380
1744851908870 9.415586776436973e-05 1390
1744851922513 9.40136456303985e-05 1400
1744851935889 9.386982377771045e-05 1410
1744851949438 9.372440743365054e-05 1420
1744851962631 9.35774018835171e-05 1430
1744851975739 9.342881247036967e-05 1440
1744851989097 9.327864459483489e-05 1450
1744852002305 9.312690371491009e-05 1460
1744852015850 9.297359534576497e-05 1470
1744852029046 9.28187250595412e-05 1480
1744852042245 9.26622984851498e-05 1490
1744852055367 9.250432130806663e-05 1500
1744852068901 9.234479927012565e-05 1510
1744852082362 9.218373816931038e-05 1520
1744852095737 9.202114385954298e-05 1530
1744852109032 9.185702225047166e-05 1540
1744852162894 9.169137930725576e-05 1550
1744852176236 9.152422105034899e-05 1560
1744852190288 9.135555355528063e-05 1570
1744852204315 9.118538295243468e-05 1580
1744852217868 9.101371542682704e-05 1590
1744852231549 9.084055721788073e-05 1600
1744852244917 9.066591461919912e-05 1610
1744852258275 9.048979397833713e-05 1620
1744852271347 9.03122016965706e-05 1630
1744852284843 9.013314422866357e-05 1640
1744852298283 8.995262808263368e-05 1650
1744852311515 8.977065981951566e-05 1660
1744852325285 8.958724605312287e-05 1670
1744852338774 8.940239344980686e-05 1680
1744852352103 8.921610872821506e-05 1690
1744852365339 8.902839865904675e-05 1700
1744852378926 8.883927006480676e-05 1710
1744852392698 8.864872981955761e-05 1720
1744852405999 8.845678484866964e-05 1730
1744852458672 8.826344212856936e-05 1740
1744852472457 8.806870868648575e-05 1750
1744852486247 8.787259160019504e-05 1760
1744852499880 8.767509799776323e-05 1770
1744852513170 8.747623505728722e-05 1780
1744852526671 8.727601000663382e-05 1790
1744852540101 8.707443012317704e-05 1800
1744852553308 8.687150273353361e-05 1810
1744852566838 8.666723521329668e-05 1820
1744852579944 8.646163498676775e-05 1830
1744852593385 8.625470952668684e-05 1840
1744852606866 8.604646635396086e-05 1850
1744852620096 8.583691303739024e-05 1860
1744852633551 8.56260571933939e-05 1870
1744852646725 8.541390648573237e-05 1880
1744852660352 8.520046862522928e-05 1890
1744852673524 8.498575136949103e-05 1900
1744852687128 8.476976252262492e-05 1910
1744852700425 8.455250993495547e-05 1920
1744852713878 8.433400150273906e-05 1930
1744852767565 8.411424516787698e-05 1940
1744852780715 8.389324891762675e-05 1950
1744852794035 8.367102078431182e-05 1960
1744852807317 8.344756884502962e-05 1970
1744852820951 8.322290122135804e-05 1980
1744852834187 8.299702607906009e-05 1990
1744852847660 8.276995162778736e-05 2000
1744852860906 8.254168612078137e-05 2010
1744852874224 8.23122378545738e-05 2020
1744852888156 8.208161516868485e-05 2030
1744852901377 8.184982644532007e-05 2040
1744852914755 8.161688010906588e-05 2050
1744852928203 8.138278462658318e-05 2060
1744852941677 8.114754850629977e-05 2070
1744852954589 8.0911180298101e-05 2080
1744852968095 8.067368859301908e-05 2090
1744852981367 8.043508202292079e-05 2100
1744852994541 8.019536926019373e-05 2110
1744853008045 7.995455901743124e-05 2120
1744853060661 7.971266004711553e-05 2130
1744853073892 7.946968114129973e-05 2140
1744853087507 7.922563113128829e-05 2150
1744853100895 7.898051888731592e-05 2160
1744853114158 7.873435331822534e-05 2170
1744853128249 7.848714337114331e-05 2180
1744853141919 7.823889803115559e-05 2190
1744853155393 7.798962632098024e-05 2200
1744853169162 7.773933730063981e-05 2210
1744853182586 7.748804006713189e-05 2220
1744853196152 7.723574375409866e-05 2230
1744853210099 7.698245753149475e-05 2240
1744853224176 7.672819060525401e-05 2250
1744853237585 7.647295221695497e-05 2260
1744853250981 7.62167516434848e-05 2270
1744853264113 7.595959819670235e-05 2280
1744853278015 7.570150122309947e-05 2290
1744853291493 7.544247010346148e-05 2300
1744853305286 7.518251425252607e-05 2310
1744853357693 7.492164311864125e-05 2320
1744853370983 7.46598661834219e-05 2330
1744853384169 7.4397192961405e-05 2340
1744853397380 7.413363299970413e-05 2350
1744853411006 7.38691958776621e-05 2360
1744853424138 7.360389120650315e-05 2370
1744853437361 7.333772862898327e-05 2380
1744853450465 7.307071781903997e-05 2390
1744853463776 7.28028684814406e-05 2400
1744853476906 7.25341903514296e-05 2410
1744853490320 7.226469319437463e-05 2420
1744853503614 7.199438680541177e-05 2430
1744853516871 7.172328100908935e-05 2440
1744853530440 7.145138565901096e-05 2450
1744853544259 7.117871063747729e-05 2460
1744853557522 7.090526585512696e-05 2470
1744853570587 7.063106125057626e-05 2480
1744853584072 7.035610679005797e-05 2490
1744853597381 7.008041246705916e-05 2500
1744853650161 6.980398830195785e-05 2510
1744853663950 6.95268443416589e-05 2520
1744853677547 6.924899065922887e-05 2530
1744853690633 6.897043735352981e-05 2540
1744853704239 6.869119454885229e-05 2550
1744853717416 6.841127239454737e-05 2560
1744853730643 6.813068106465771e-05 2570
1744853744316 6.784943075754786e-05 2580
1744853757449 6.756753169553352e-05 2590
1744853770799 6.728499412451e-05 2600
1744853784082 6.700182831357984e-05 2610
1744853797166 6.671804455467959e-05 2620
1744853810723 6.643365316220571e-05 2630
1744853824350 6.614866447263968e-05 2640
1744853837938 6.586308884417236e-05 2650
1744853851822 6.557693665632742e-05 2660
1744853865556 6.529021830958419e-05 2670
1744853878727 6.500294422499958e-05 2680
1744853892506 6.471512484382932e-05 2690
1744853905695 6.442677062714848e-05 2700
1744853959459 6.413789205547122e-05 2710
1744853973161 6.384849962836997e-05 2720
1744853986740 6.355860386409367e-05 2730
1744854000168 6.326821529918553e-05 2740
1744854013435 6.297734448810013e-05 2750
1744854027109 6.26860020028197e-05 2760
1744854040746 6.239419843247e-05 2770
1744854054086 6.210194438293526e-05 2780
1744854067492 6.180925047647294e-05 2790
1744854081170 6.151612735132744e-05 2800
1744854094495 6.122258566134359e-05 2810
1744854108109 6.0928636075579296e-05 2820
1744854121242 6.06342892779179e-05 2830
1744854134711 6.0339555966679764e-05 2840
1744854147886 6.004444685423345e-05 2850
1744854161169 5.974897266660643e-05 2860
1744854174592 5.9453144143095105e-05 2870
1744854187810 5.915697203587467e-05 2880
1744854201389 5.886046710960809e-05 2890
1744854254456 5.856364014105502e-05 2900
1744854268050 5.826650191868008e-05 2910
1744854281221 5.796906324226064e-05 2920
1744854294404 5.767133492249443e-05 2930
1744854307516 5.7373327780606525e-05 2940
1744854321189 5.707505264795603e-05 2950
1744854335049 5.6776520365642496e-05 2960
1744854348801 5.6477741784111784e-05 2970
1744854362316 5.617872776276175e-05 2980
1744854375692 5.587948916954754e-05 2990
1744854389197 5.5580036880586584e-05 3000
1744854402631 5.52803817797633e-05 3010
1744854416161 5.4980534758333466e-05 3020
1744854429233 5.4680506714528455e-05 3030
1744854442887 5.438030855315904e-05 3040
1744854455865 5.407995118521907e-05 3050
1744854469023 5.3779445527488947e-05 3060
1744854482502 5.347880250213877e-05 3070
1744854496069 5.317803303633144e-05 3080
1744854549053 5.287714806182543e-05 3090
1744854562298 5.257615851457749e-05 3100
1744854576069 5.227507533434519e-05 3110
1744854589518 5.197390946428925e-05 3120
1744854603452 5.1672671850575874e-05 3130
1744854617324 5.13713734419788e-05 3140
1744854631241 5.107002518948147e-05 3150
1744854644967 5.076863804587893e-05 3160
1744854658352 5.0467222965379744e-05 3170
1744854671580 5.01657909032079e-05 3180
1744854684849 4.98643528152046e-05 3190
1744854698212 4.956291965743002e-05 3200
1744854711231 4.92615023857652e-05 3210
1744854724806 4.896011195551374e-05 3220
1744854737870 4.865875932100367e-05 3230
1744854751332 4.835745543518929e-05 3240
1744854764847 4.8056211249253146e-05 3250
1744854778345 4.775503771220785e-05 3260
1744854791894 4.745394577049824e-05 3270
1744854805662 4.715294636760352e-05 3280
1744854858745 4.6852050443639417e-05 3290
1744854872149 4.65512689349607e-05 3300
1744854885378 4.6250612773763554e-05 3310
1744854898847 4.5950092887688276e-05 3320
1744854912390 4.5649720199422136e-05 3330
1744854925669 4.534950562630233e-05 3340
1744854938960 4.504946007991927e-05 3350
1744854952276 4.4749594465719856e-05 3360
1744854965924 4.444991968261121e-05 3370
1744854979006 4.4150446622564496e-05 3380
1744854992023 4.3851186170219056e-05 3390
1744855005564 4.355214920248685e-05 3400
1744855018684 4.325334658815702e-05 3410
1744855032324 4.29547891875009e-05 3420
1744855045683 4.265648785187734e-05 3430
1744855058894 4.235845342333818e-05 3440
1744855072108 4.206069673423438e-05 3450
1744855085294 4.176322860682209e-05 3460
1744855098895 4.146605985286945e-05 3470
1744855151766 4.116920127326356e-05 3480
1744855165580 4.087266365761794e-05 3490
1744855179115 4.0576457783880376e-05 3500
1744855192879 4.0280594417941166e-05 3510
1744855206340 3.99850843132418e-05 3520
1744855219843 3.96899382103842e-05 3530
1744855233525 3.939516683674022e-05 3540
1744855246908 3.9100780906061896e-05 3550
1744855260549 3.880679111809188e-05 3560
1744855274803 3.851320815817472e-05 3570
1744855288016 3.822004269686832e-05 3580
1744855301405 3.792730538955624e-05 3590
1744855314868 3.763500687606035e-05 3600
1744855328120 3.7343157780254165e-05 3610
1744855341727 3.705176870967662e-05 3620
1744855354943 3.676085025514664e-05 3630
1744855368837 3.6470412990378097e-05 3640
1744855382349 3.618046747159562e-05 3650
1744855395421 3.589102423715082e-05 3660
1744855447573 3.5602093807139264e-05 3670
1744855460790 3.531368668301819e-05 3680
1744855473921 3.5025813347224746e-05 3690
1744855487305 3.473848426279507e-05 3700
1744855500160 3.445170987298389e-05 3710
1744855513395 3.416550060088507e-05 3720
1744855526416 3.3879866849052695e-05 3730
1744855539425 3.359481899912299e-05 3740
1744855552888 3.331036741143708e-05 3750
1744855566495 3.302652242466429e-05 3760
1744855580124 3.274329435542646e-05 3770
1744855593408 3.246069349792297e-05 3780
1744855607099 3.217873012355657e-05 3790
1744855620356 3.1897414480560086e-05 3800
1744855633598 3.161675679362391e-05 3810
1744855646946 3.133676726352438e-05 3820
1744855660436 3.105745606675301e-05 3830
1744855673710 3.077883335514665e-05 3840
1744855687012 3.0500909255518462e-05 3850
1744855699918 3.0223693869289925e-05 3860
1744855753039 2.99471972721236e-05 3870
1744855767264 2.9671429513556968e-05 3880
1744855781619 2.9396400616637165e-05 3890
1744855795918 2.9122120577556688e-05 3900
1744855808968 2.8848599365290074e-05 3910
1744855822354 2.8575846921231554e-05 3920
1744855835681 2.8303873158833715e-05 3930
1744855849090 2.8032687963247224e-05 3940
1744855862861 2.7762301190961497e-05 3950
1744855876235 2.7492722669446536e-05 3960
1744855889963 2.722396219679563e-05 3970
1744855903363 2.6956029541369287e-05 3980
1744855916963 2.6688934441440227e-05 3990
1744855930470 2.642268660483935e-05 4000
1744855943966 2.6157295708603024e-05 4010
1744855957432 2.5892771398621228e-05 4020
1744855970697 2.562912328928703e-05 4030
1744855984424 2.5366360963147146e-05 4040
1744855997731 2.510449397055361e-05 4050
1744856050357 2.4843531829316757e-05 4060
1744856063557 2.4583484024359155e-05 4070
1744856076989 2.432436000737096e-05 4080
1744856090365 2.4066169196466326e-05 4090
1744856103783 2.3808920975841186e-05 4100
1744856116938 2.355262469543207e-05 4110
1744856130044 2.3297289670576304e-05 4120
1744856143585 2.3042925181673457e-05 4130
1744856156831 2.278954047384808e-05 4140
1744856170399 2.2537144756613554e-05 4150
1744856183609 2.2285747203537465e-05 4160
1744856197029 2.2035356951908137e-05 4170
1744856210151 2.1785983102402595e-05 4180
1744856223249 2.1537634718755694e-05 4190
1744856236947 2.129032082743073e-05 4200
1744856250253 2.1044050417291416e-05 4210
1744856263733 2.0798832439275097e-05 4220
1744856276640 2.0554675806067432e-05 4230
1744856289789 2.0311589391778512e-05 4240
1744856342824 2.0069582031620234e-05 4250
1744856356296 1.982866252158529e-05 4260
1744856369577 1.9588839618127353e-05 4270
1744856383318 1.9350122037842867e-05 4280
1744856396700 1.9112518457154242e-05 4290
1744856410709 1.8876037511994477e-05 4300
1744856424185 1.8640687797493328e-05 4310
1744856437497 1.8406477867664845e-05 4320
1744856450730 1.817341623509649e-05 4330
1744856464025 1.7941511370639762e-05 4340
1744856477239 1.771077170310227e-05 4350
1744856490342 1.748120561894147e-05 4360
1744856503662 1.725282146195974e-05 4370
1744856516813 1.7025627533001166e-05 4380
1744856530309 1.6799632089649854e-05 4390
1744856543650 1.6574843345929774e-05 4400
1744856557331 1.6351269472006263e-05 4410
1744856571130 1.6128918593888992e-05 4420
1744856584243 1.5907798793136676e-05 4430
1744856636421 1.5687918106563326e-05 4440
1744856649824 1.5469284525946136e-05 4450
1744856663073 1.5251905997735056e-05 4460
1744856676285 1.5035790422763895e-05 4470
1744856689569 1.4820945655963225e-05 4480
1744856702779 1.4607379506074841e-05 4490
1744856716325 1.4395099735367973e-05 4500
1744856729549 1.4184114059357167e-05 4510
1744856742924 1.3974430146521823e-05 4520
1744856756191 1.3766055618027485e-05 4530
1744856770273 1.3558998047448868e-05 4540
1744856783329 1.3353264960494543e-05 4550
1744856796740 1.3148863834733494e-05 4560
1744856810428 1.2945802099323229e-05 4570
1744856823854 1.2744087134739825e-05 4580
1744856837485 1.2543726272509675e-05 4590
1744856851001 1.2344726794942979e-05 4600
1744856864839 1.2147095934869146e-05 4610
1744856877887 1.1950840875373792e-05 4620
1744856891731 1.1755968749537754e-05 4630
1744856945702 1.15624866401778e-05 4640
1744856959127 1.1370401579589169e-05 4650
1744856972040 1.1179720549290062e-05 4660
1744856985241 1.0990450479767794e-05 4670
1744856998856 1.0802598250226941e-05 4680
1744857012030 1.0616170688339322e-05 4690
1744857025524 1.04311745699958e-05 4700
1744857038847 1.0247616619060074e-05 4710
1744857052348 1.0065503507124218e-05 4720
1744857065440 9.884841853266235e-06 4730
1744857078837 9.705638223809488e-06 4740
1744857091933 9.527899132083985e-06 4750
1744857105149 9.351631038189751e-06 4760
1744857118568 9.176840348761917e-06 4770
1744857131941 9.003533416737936e-06 4780
1744857145694 8.831716541126633e-06 4790
1744857158789 8.661395966779318e-06 4800
1744857172408 8.492577884162727e-06 4810
1744857185387 8.325268429134147e-06 4820
1744857238682 8.159473682718278e-06 4830
1744857252181 7.99519967088626e-06 4840
1744857265815 7.832452364336674e-06 4850
1744857278818 7.67123767827853e-06 4860
1744857292304 7.511561472216233e-06 4870
1744857305831 7.353429549736634e-06 4880
1744857318740 7.196847658298101e-06 4890
1744857332121 7.041821489021639e-06 4900
1744857345727 6.888356676484004e-06 4910
1744857359918 6.736458798512918e-06 4920
1744857373320 6.586133375984333e-06 4930
1744857386762 6.437385872621826e-06 4940
1744857400134 6.290221694797921e-06 4950
1744857413346 6.14464619133766e-06 4960
1744857426730 6.0006646533241565e-06 4970
1744857440180 5.858282313906333e-06 4980
1744857453863 5.717504348108649e-06 4990
1744857467544 5.578335872643059e-06 5000
1744857481658 5.440781945723017e-06 5010
1744857535366 5.304847566879678e-06 5020
1744857548611 5.170537676780118e-06 5030
1744857561764 5.037857157047782e-06 5040
1744857575671 4.906810830085095e-06 5050
1744857588695 4.777403458898122e-06 5060
1744857602274 4.64963974692354e-06 5070
1744857615667 4.523524337857582e-06 5080
1744857628982 4.399061815487343e-06 5090
1744857642165 4.276256703524123e-06 5100
1744857655292 4.155113465439042e-06 5110
1744857668801 4.0356365043008104e-06 5120
1744857682127 3.917830162615666e-06 5130
1744857695977 3.8016987221695664e-06 5140
1744857709356 3.687246403872552e-06 5150
1744857722750 3.5744773676053334e-06 5160
1744857735752 3.4633957120681293e-06 5170
1744857749124 3.354005474631622e-06 5180
1744857762334 3.246310631190297e-06 5190
1744857775730 3.1403150960178706e-06 5200
1744857789188 3.036022721625059e-06 5210
1744857842685 2.933437298619557e-06 5220
1744857856861 2.832562555568241e-06 5230
1744857870143 2.7334021588616586e-06 5240
1744857883809 2.635959712580777e-06 5250
1744857897501 2.540238758365987e-06 5260
1744857910878 2.446242775288382e-06 5270
1744857924081 2.3539751797233057e-06 5280
1744857937345 2.2634393252261633e-06 5290
1744857950441 2.174638502410553e-06 5300
1744857963803 2.0875759388286675e-06 5310
1744857977348 2.0022547988539863e-06 5320
1744857990830 1.9186781835662306e-06 5330
1744858003998 1.8368491306387014e-06 5340
1744858016996 1.7567706142278317e-06 5350
1744858030853 1.6784455448651037e-06 5360
1744858044084 1.6018767693512849e-06 5370
1744858057336 1.52706707065291e-06 5380
1744858070861 1.4540191678011684e-06 5390
1744858084184 1.382735715793071e-06 5400
1744858137065 1.3132193054949394e-06 5410
1744858150330 1.2454724635482585e-06 5420
1744858163375 1.1794976522778167e-06 5430
1744858176873 1.1152972696022445e-06 5440
1744858190251 1.0528736489468283e-06 5450
1744858203350 9.922290591587114e-07 5460
1744858216951 9.333657044244437e-07 5470
1744858230052 8.762857241898404e-07 5480
1744858243879 8.209911930822489e-07 5490
1744858257289 7.674841208351269e-07 5500
1744858270595 7.157664522150109e-07 5510
1744858284285 6.65840066950818e-07 5520
1744858297284 6.177067796655333e-07 5530
1744858310544 5.713683398102465e-07 5540
1744858323864 5.268264316005856e-07 5550
1744858337237 4.840826739554771e-07 5560
1744858351138 4.431386204383325e-07 5570
1744858364344 4.0399575920055944e-07 5580
1744858377785 3.666555129274829e-07 5590
1744858431349 3.311192387866313e-07 5600
1744858445257 2.973882283784202e-07 5610
1744858458880 2.6546370768920635e-07 5620
1744858472936 2.3534683704670157e-07 5630
1744858486877 2.070387110778338e-07 5640
1744858500283 1.805403586689569e-07 5650
1744858513603 1.5585274292842511e-07 5660
1744858527240 1.3297676115163194e-07 5670
1744858540762 1.1191324478835863e-07 5680
1744858554235 9.266295941256497e-08 5690
1744858567383 7.522660469458931e-08 5700
1744858580559 5.960481437568555e-08 5710
1744858594187 4.579815624499162e-08 5720
1744858607432 3.3807132118923726e-08 5730
1744858620808 2.3632177822902057e-08 5740
1744858634056 1.527366317552459e-08 5750
1744858647665 8.731891975127804e-09 5760
1744858660902 4.007101988745543e-09 5770
1744858674821 1.0994649434603599e-09 5780
1744858687627 9.086520164069968e-12 5790
