1744849783787 3.7764 10
1744849797625 3.7641 20
1744849811428 3.6859 30
1744849824798 3.5592 40
1744849838842 3.4007 50
1744849852167 3.2772 60
1744849865747 3.1184 70
1744849878763 2.9358 80
1744849892075 2.7198 90
1744849905452 2.4556 100
1744849918507 2.413 110
1744849932232 2.1529 120
1744849945661 2.1017 130
1744849959651 2.012 140
1744849973095 2.0129 150
1744849986401 1.9688 160
1744849999706 1.9588 170
1744850013947 1.8727 180
1744850027379 1.8453 190
1744850080556 1.824 200
1744850093793 1.7549 210
1744850107193 1.6938 220
1744850120124 1.6932 230
1744850133481 1.7396 240
1744850146784 1.6638 250
1744850160091 1.7337 260
1744850173555 1.7215 270
1744850186877 1.562 280
1744850200150 1.7898 290
1744850213738 1.6616 300
1744850227186 1.6533 310
1744850240622 1.6431 320
1744850253866 1.6814 330
1744850267282 1.6628 340
1744850280891 1.7365 350
1744850294316 1.6076 360
1744850307743 1.5843 370
1744850321281 1.651 380
1744850372089 1.6261 390
1744850386182 1.5971 400
1744850399703 1.5687 410
1744850412961 1.6421 420
1744850426233 1.5279 430
1744850439577 1.5989 440
1744850452893 1.5579 450
1744850465879 1.576 460
1744850479317 1.6199 470
1744850492589 1.5616 480
1744850505802 1.4965 490
1744850519110 1.5061 500
1744850532400 1.5506 510
1744850545689 1.5575 520
1744850558988 1.6052 530
1744850572391 1.5948 540
1744850585663 1.4957 550
1744850599232 1.6177 560
1744850612157 1.6018 570
1744850662872 1.5429 580
1744850676163 1.4208 590
1744850689680 1.477 600
1744850702936 1.5225 610
1744850717062 1.4671 620
1744850730597 1.4908 630
1744850744105 1.561 640
1744850757758 1.5152 650
1744850771109 1.5189 660
1744850785282 1.5853 670
1744850799321 1.5489 680
1744850813078 1.5127 690
1744850826842 1.5264 700
1744850840333 1.5583 710
1744850853473 1.528 720
1744850866898 1.5222 730
1744850880498 1.4938 740
1744850893855 1.529 750
1744850907304 1.5087 760
1744850920205 1.5278 770
1744850972554 1.3831 780
1744850985673 1.4482 790
1744850999007 1.393 800
1744851012506 1.48 810
1744851026377 1.4388 820
1744851039586 1.4622 830
1744851052623 1.465 840
1744851066172 1.4346 850
1744851079527 1.3817 860
1744851092819 1.4392 870
1744851106083 1.3999 880
1744851119272 1.4245 890
1744851132356 1.4779 900
1744851146128 1.4075 910
1744851159559 1.4271 920
1744851172692 1.4862 930
1744851186429 1.5155 940
1744851199414 1.3992 950
1744851212905 1.4298 960
1744851265798 1.3853 970
1744851278803 1.3953 980
1744851292430 1.3154 990
1744851305923 1.3544 1000
1744851319223 1.3595 1010
1744851332451 1.3548 1020
1744851345613 1.3338 1030
1744851359116 1.3329 1040
1744851372277 1.3898 1050
1744851385434 1.3262 1060
1744851399203 1.3856 1070
1744851412330 1.396 1080
1744851426067 1.3416 1090
1744851439300 1.3661 1100
1744851452591 1.3551 1110
1744851465843 1.4214 1120
1744851479420 1.4007 1130
1744851492774 1.3918 1140
1744851505982 1.3923 1150
1744851559021 1.2889 1160
1744851572580 1.3209 1170
1744851586287 1.2704 1180
1744851599967 1.3085 1190
1744851613564 1.3273 1200
1744851626911 1.3155 1210
1744851640748 1.3234 1220
1744851654322 1.3211 1230
1744851668120 1.3385 1240
1744851681286 1.3079 1250
1744851694601 1.3547 1260
1744851708047 1.3327 1270
1744851721412 1.2932 1280
1744851734973 1.3535 1290
1744851748138 1.3059 1300
1744851761819 1.3335 1310
1744851774932 1.2762 1320
1744851788487 1.3309 1330
1744851801693 1.317 1340
1744851814620 1.3528 1350
1744851868312 1.3136 1360
1744851881850 1.2599 1370
1744851895332 1.2132 1380
1744851908870 1.2509 1390
1744851922513 1.2945 1400
1744851935889 1.2605 1410
1744851949438 1.314 1420
1744851962631 1.2935 1430
1744851975739 1.3511 1440
1744851989097 1.3242 1450
1744852002305 1.2362 1460
1744852015850 1.2741 1470
1744852029046 1.2464 1480
1744852042245 1.2322 1490
1744852055367 1.2676 1500
1744852068901 1.2708 1510
1744852082362 1.2535 1520
1744852095737 1.2847 1530
1744852109032 1.3844 1540
1744852162894 1.2165 1550
1744852176236 1.2384 1560
1744852190288 1.2402 1570
1744852204315 1.2578 1580
1744852217868 1.2139 1590
1744852231549 1.254 1600
1744852244917 1.2714 1610
1744852258275 1.2243 1620
1744852271347 1.2678 1630
1744852284843 1.3472 1640
1744852298283 1.2532 1650
1744852311515 1.2915 1660
1744852325285 1.2822 1670
1744852338774 1.1974 1680
1744852352103 1.1972 1690
1744852365339 1.2631 1700
1744852378926 1.2003 1710
1744852392698 1.2481 1720
1744852405999 1.2424 1730
1744852458672 1.2517 1740
1744852472457 1.247 1750
1744852486247 1.1884 1760
1744852499880 1.1103 1770
1744852513170 1.187 1780
1744852526671 1.2016 1790
1744852540101 1.2205 1800
1744852553308 1.2343 1810
1744852566838 1.2237 1820
1744852579944 1.226 1830
1744852593385 1.2082 1840
1744852606866 1.1813 1850
1744852620096 1.2529 1860
1744852633551 1.1849 1870
1744852646725 1.191 1880
1744852660352 1.1745 1890
1744852673524 1.1715 1900
1744852687128 1.2322 1910
1744852700425 1.1606 1920
1744852713878 1.2491 1930
1744852767565 1.1654 1940
1744852780715 1.1258 1950
1744852794035 1.1636 1960
1744852807317 1.1134 1970
1744852820951 1.1491 1980
1744852834187 1.1967 1990
1744852847660 1.1463 2000
1744852860906 1.1613 2010
1744852874224 1.2263 2020
1744852888156 1.1692 2030
1744852901377 1.1487 2040
1744852914755 1.2041 2050
1744852928203 1.1734 2060
1744852941677 1.147 2070
1744852954589 1.1663 2080
1744852968095 1.1666 2090
1744852981367 1.1039 2100
1744852994541 1.1399 2110
1744853008045 1.1442 2120
1744853060661 1.1601 2130
1744853073892 1.1084 2140
1744853087507 1.0718 2150
1744853100895 1.1661 2160
1744853114158 1.1127 2170
1744853128249 1.1055 2180
1744853141919 1.1564 2190
1744853155393 1.0994 2200
1744853169162 1.1158 2210
1744853182586 1.1239 2220
1744853196152 1.2114 2230
1744853210099 1.1127 2240
1744853224176 1.1475 2250
1744853237585 1.139 2260
1744853250981 1.0961 2270
1744853264113 1.181 2280
1744853278015 1.1724 2290
1744853291493 1.1103 2300
1744853305286 1.0847 2310
1744853357693 1.0805 2320
1744853370983 1.114 2330
1744853384169 1.1224 2340
1744853397380 1.056 2350
1744853411006 1.109 2360
1744853424138 1.072 2370
1744853437361 1.1207 2380
1744853450465 1.0646 2390
1744853463776 1.1326 2400
1744853476906 1.0816 2410
1744853490320 1.091 2420
1744853503614 1.1485 2430
1744853516871 1.0646 2440
1744853530440 1.1222 2450
1744853544259 1.0938 2460
1744853557522 1.1299 2470
1744853570587 1.1397 2480
1744853584072 1.1074 2490
1744853597381 1.1349 2500
1744853650161 1.0909 2510
1744853663950 1.097 2520
1744853677547 1.0957 2530
1744853690633 1.0671 2540
1744853704239 1.0229 2550
1744853717416 1.0336 2560
1744853730643 1.0909 2570
1744853744316 1.0836 2580
1744853757449 1.0428 2590
1744853770799 1.0497 2600
1744853784082 1.1373 2610
1744853797166 1.0428 2620
1744853810723 1.0856 2630
1744853824350 1.0693 2640
1744853837938 1.1209 2650
1744853851822 1.1316 2660
1744853865556 1.0872 2670
1744853878727 1.1125 2680
1744853892506 1.0601 2690
1744853905695 1.0973 2700
1744853959459 1.0259 2710
1744853973161 1.0981 2720
1744853986740 1.0637 2730
1744854000168 1.0477 2740
1744854013435 1.0563 2750
1744854027109 1.0066 2760
1744854040746 1.0249 2770
1744854054086 1.0959 2780
1744854067492 1.0744 2790
1744854081170 1.0737 2800
1744854094495 1.0954 2810
1744854108109 1.0527 2820
1744854121242 1.0796 2830
1744854134711 1.0497 2840
1744854147886 1.089 2850
1744854161169 1.0699 2860
1744854174592 1.0818 2870
1744854187810 0.995 2880
1744854201389 1.006 2890
1744854254456 1.029 2900
1744854268050 1.0515 2910
1744854281221 1.0676 2920
1744854294404 1.0712 2930
1744854307516 1.0221 2940
1744854321189 1.0938 2950
1744854335049 1.0545 2960
1744854348801 0.9976 2970
1744854362316 1.0052 2980
1744854375692 1.0507 2990
1744854389197 1.0198 3000
1744854402631 1.0186 3010
1744854416161 1.0487 3020
1744854429233 1.0399 3030
1744854442887 1.0135 3040
1744854455865 1.0439 3050
1744854469023 1.0317 3060
1744854482502 1.0477 3070
1744854496069 1.0485 3080
1744854549053 1.0123 3090
1744854562298 1.0277 3100
1744854576069 0.9778 3110
1744854589518 1.0447 3120
1744854603452 1.0172 3130
1744854617324 0.9909 3140
1744854631241 0.9859 3150
1744854644967 1.0424 3160
1744854658352 1.0384 3170
1744854671580 1.0043 3180
1744854684849 1.0103 3190
1744854698212 1.0024 3200
1744854711231 1.003 3210
1744854724806 1.0207 3220
1744854737870 1.0044 3230
1744854751332 1.0182 3240
1744854764847 1.0248 3250
1744854778345 1.0118 3260
1744854791894 1.006 3270
1744854805662 1.0592 3280
1744854858745 0.9918 3290
1744854872149 0.9855 3300
1744854885378 0.9534 3310
1744854898847 1.0037 3320
1744854912390 0.9544 3330
1744854925669 0.9945 3340
1744854938960 1.0883 3350
1744854952276 1.0184 3360
1744854965924 0.9893 3370
1744854979006 0.9948 3380
1744854992023 1.0285 3390
1744855005564 0.9707 3400
1744855018684 1.0241 3410
1744855032324 0.9923 3420
1744855045683 0.9739 3430
1744855058894 0.9878 3440
1744855072108 0.9724 3450
1744855085294 1.0299 3460
1744855098895 0.9952 3470
1744855151766 0.9385 3480
1744855165580 0.9779 3490
1744855179115 0.9477 3500
1744855192879 0.9715 3510
1744855206340 0.9956 3520
1744855219843 1.0483 3530
1744855233525 0.962 3540
1744855246908 1.0217 3550
1744855260549 0.9767 3560
1744855274803 0.9552 3570
1744855288016 0.9723 3580
1744855301405 0.9949 3590
1744855314868 1.01 3600
1744855328120 0.983 3610
1744855341727 0.9252 3620
1744855354943 1.0204 3630
1744855368837 0.9728 3640
1744855382349 0.9674 3650
1744855395421 1.0128 3660
1744855447573 0.9761 3670
1744855460790 0.9822 3680
1744855473921 0.983 3690
1744855487305 0.9639 3700
1744855500160 0.9806 3710
1744855513395 0.9432 3720
1744855526416 0.9545 3730
1744855539425 0.9189 3740
1744855552888 0.9236 3750
1744855566495 0.9751 3760
1744855580124 0.9552 3770
1744855593408 0.9623 3780
1744855607099 0.9567 3790
1744855620356 0.9419 3800
1744855633598 0.9383 3810
1744855646946 0.9916 3820
1744855660436 0.9582 3830
1744855673710 0.9742 3840
1744855687012 0.9571 3850
1744855699918 0.994 3860
1744855753039 0.9343 3870
1744855767264 0.9947 3880
1744855781619 0.9564 3890
1744855795918 0.9761 3900
1744855808968 0.9683 3910
1744855822354 0.914 3920
1744855835681 0.9342 3930
1744855849090 0.9572 3940
1744855862861 0.9633 3950
1744855876235 0.9309 3960
1744855889963 0.9622 3970
1744855903363 0.9195 3980
1744855916963 0.9555 3990
1744855930470 0.9449 4000
1744855943966 0.9301 4010
1744855957432 0.9695 4020
1744855970697 0.9252 4030
1744855984424 0.9328 4040
1744855997731 0.946 4050
1744856050357 0.958 4060
1744856063557 0.9096 4070
1744856076989 0.9435 4080
1744856090365 0.9018 4090
1744856103783 0.9476 4100
1744856116938 0.9223 4110
1744856130044 0.9265 4120
1744856143585 0.9496 4130
1744856156831 0.9052 4140
1744856170399 0.9004 4150
1744856183609 0.9549 4160
1744856197029 0.898 4170
1744856210151 0.9199 4180
1744856223249 0.9306 4190
1744856236947 0.8825 4200
1744856250253 0.9447 4210
1744856263733 0.9627 4220
1744856276640 0.9517 4230
1744856289789 0.9319 4240
1744856342824 0.9416 4250
1744856356296 0.939 4260
1744856369577 0.9531 4270
1744856383318 0.9054 4280
1744856396700 0.9049 4290
1744856410709 0.9435 4300
1744856424185 0.9406 4310
1744856437497 0.9676 4320
1744856450730 0.8994 4330
1744856464025 0.917 4340
1744856477239 0.9041 4350
1744856490342 0.9084 4360
1744856503662 0.9085 4370
1744856516813 0.9376 4380
1744856530309 0.8852 4390
1744856543650 0.9079 4400
1744856557331 0.8936 4410
1744856571130 0.9109 4420
1744856584243 0.9093 4430
1744856636421 0.9623 4440
1744856649824 0.9316 4450
1744856663073 0.9232 4460
1744856676285 0.8962 4470
1744856689569 0.9375 4480
1744856702779 0.8983 4490
1744856716325 0.9228 4500
1744856729549 0.9269 4510
1744856742924 0.8986 4520
1744856756191 0.9079 4530
1744856770273 0.8833 4540
1744856783329 0.9417 4550
1744856796740 0.8722 4560
1744856810428 0.8739 4570
1744856823854 0.9181 4580
1744856837485 0.8924 4590
1744856851001 0.8956 4600
1744856864839 0.9657 4610
1744856877887 0.8786 4620
1744856891731 0.9098 4630
1744856945702 0.9097 4640
1744856959127 0.875 4650
1744856972040 0.872 4660
1744856985241 0.888 4670
1744856998856 0.9111 4680
1744857012030 0.8837 4690
1744857025524 0.8875 4700
1744857038847 0.9122 4710
1744857052348 0.8799 4720
1744857065440 0.9086 4730
1744857078837 0.9093 4740
1744857091933 0.8964 4750
1744857105149 0.9233 4760
1744857118568 0.9346 4770
1744857131941 0.8703 4780
1744857145694 0.878 4790
1744857158789 0.8723 4800
1744857172408 0.9249 4810
1744857185387 0.8965 4820
1744857238682 0.9211 4830
1744857252181 0.9039 4840
1744857265815 0.8927 4850
1744857278818 0.9127 4860
1744857292304 0.9156 4870
1744857305831 0.8809 4880
1744857318740 0.8657 4890
1744857332121 0.905 4900
1744857345727 0.9348 4910
1744857359918 0.8592 4920
1744857373320 0.8493 4930
1744857386762 0.8776 4940
1744857400134 0.8906 4950
1744857413346 0.895 4960
1744857426730 0.8792 4970
1744857440180 0.9223 4980
1744857453863 0.9081 4990
1744857467544 0.8902 5000
1744857481658 0.8902 5010
1744857535366 0.9031 5020
1744857548611 0.8857 5030
1744857561764 0.8988 5040
1744857575671 0.8655 5050
1744857588695 0.8956 5060
1744857602274 0.8614 5070
1744857615667 0.8995 5080
1744857628982 0.8528 5090
1744857642165 0.8834 5100
1744857655292 0.8815 5110
1744857668801 0.8799 5120
1744857682127 0.9108 5130
1744857695977 0.8775 5140
1744857709356 0.8798 5150
1744857722750 0.9288 5160
1744857735752 0.8858 5170
1744857749124 0.8741 5180
1744857762334 0.8969 5190
1744857775730 0.916 5200
1744857789188 0.9107 5210
1744857842685 0.899 5220
1744857856861 0.9033 5230
1744857870143 0.9006 5240
1744857883809 0.878 5250
1744857897501 0.8636 5260
1744857910878 0.9004 5270
1744857924081 0.8518 5280
1744857937345 0.8905 5290
1744857950441 0.897 5300
1744857963803 0.8801 5310
1744857977348 0.8624 5320
1744857990830 0.8652 5330
1744858003998 0.8787 5340
1744858016996 0.893 5350
1744858030853 0.9281 5360
1744858044084 0.8828 5370
1744858057336 0.9233 5380
1744858070861 0.9333 5390
1744858084184 0.8961 5400
1744858137065 0.914 5410
1744858150330 0.9111 5420
1744858163375 0.894 5430
1744858176873 0.8981 5440
1744858190251 0.905 5450
1744858203350 0.8907 5460
1744858216951 0.8774 5470
1744858230052 0.8877 5480
1744858243879 0.8848 5490
1744858257289 0.9254 5500
1744858270595 0.9113 5510
1744858284285 0.8718 5520
1744858297284 0.8885 5530
1744858310544 0.885 5540
1744858323864 0.8993 5550
1744858337237 0.8812 5560
1744858351138 0.9048 5570
1744858364344 0.8704 5580
1744858377785 0.8812 5590
1744858431349 0.8488 5600
1744858445257 0.8919 5610
1744858458880 0.876 5620
1744858472936 0.8652 5630
1744858486877 0.8907 5640
1744858500283 0.8928 5650
1744858513603 0.8936 5660
1744858527240 0.9056 5670
1744858540762 0.8884 5680
1744858554235 0.89 5690
1744858567383 0.8785 5700
1744858580559 0.9124 5710
1744858594187 0.8475 5720
1744858607432 0.8957 5730
1744858620808 0.8723 5740
1744858634056 0.9068 5750
1744858647665 0.9133 5760
1744858660902 0.8642 5770
1744858674821 0.9402 5780
1744858687627 0.8994 5790
