1744664049088 0.023809523809523808 10
1744664056114 0.047619047619047616 20
1744664062967 0.07142857142857142 30
1744664070002 0.09523809523809523 40
1744664076784 0.11904761904761904 50
1744664083632 0.14285714285714285 60
1744664090650 0.16666666666666666 70
1744664097321 0.19047619047619047 80
1744664104832 0.21428571428571427 90
1744664111586 0.23809523809523808 100
1744664118700 0.2619047619047619 110
1744664125840 0.2857142857142857 120
1744664132442 0.30952380952380953 130
1744664139974 0.3333333333333333 140
1744664146737 0.35714285714285715 150
1744664153599 0.38095238095238093 160
1744664160315 0.40476190476190477 170
1744664167275 0.42857142857142855 180
1744664174323 0.4523809523809524 190
1744664181120 0.47619047619047616 200
1744664188109 0.5 210
1744664194766 0.5238095238095238 220
1744664201505 0.5476190476190477 230
1744664208308 0.5714285714285714 240
1744664214966 0.5952380952380952 250
1744664221755 0.6190476190476191 260
1744664228495 0.6428571428571429 270
1744664235281 0.6666666666666666 280
1744664241982 0.6904761904761905 290
1744664248796 0.7142857142857143 300
1744664255738 0.7380952380952381 310
1744664262392 0.7619047619047619 320
1744664269215 0.7857142857142857 330
1744664275794 0.8095238095238095 340
1744664282589 0.8333333333333334 350
1744664289452 0.8571428571428571 360
1744664296089 0.8809523809523809 370
1744664302840 0.9047619047619048 380
1744664309485 0.9285714285714286 390
1744664316318 0.9523809523809523 400
1744664322960 0.9761904761904762 410
1744664330569 1.0 420
1744664348997 1.0 420
1744664357413 1.0238095238095237 430
1744664364203 1.0476190476190477 440
1744664370995 1.0714285714285714 450
1744664377620 1.0952380952380953 460
1744664384615 1.119047619047619 470
1744664391237 1.1428571428571428 480
1744664398160 1.1666666666666667 490
1744664404949 1.1904761904761905 500
1744664411485 1.2142857142857142 510
1744664418241 1.2380952380952381 520
1744664424788 1.2619047619047619 530
1744664431686 1.2857142857142856 540
1744664438645 1.3095238095238095 550
1744664445602 1.3333333333333333 560
1744664452440 1.3571428571428572 570
1744664459134 1.380952380952381 580
1744664465922 1.4047619047619047 590
1744664472523 1.4285714285714286 600
1744664479356 1.4523809523809523 610
1744664486035 1.4761904761904763 620
1744664492603 1.5 630
1744664499487 1.5238095238095237 640
1744664506118 1.5476190476190477 650
1744664512913 1.5714285714285714 660
1744664519725 1.5952380952380953 670
1744664526267 1.619047619047619 680
1744664533112 1.6428571428571428 690
1744664539750 1.6666666666666665 700
1744664546489 1.6904761904761905 710
1744664553289 1.7142857142857144 720
1744664559891 1.7380952380952381 730
1744664566649 1.7619047619047619 740
1744664573207 1.7857142857142856 750
1744664580018 1.8095238095238095 760
1744664586589 1.8333333333333335 770
1744664593314 1.8571428571428572 780
1744664600138 1.880952380952381 790
1744664606695 1.9047619047619047 800
1744664613643 1.9285714285714286 810
1744664620304 1.9523809523809523 820
1744664627029 1.9761904761904763 830
1744664633212 2.0 840
1744664651044 2.0 840
1744664659848 2.0238095238095237 850
1744664666721 2.0476190476190474 860
1744664673394 2.0714285714285716 870
1744664680258 2.0952380952380953 880
1744664687070 2.119047619047619 890
1744664693915 2.142857142857143 900
1744664700530 2.1666666666666665 910
1744664707344 2.1904761904761907 920
1744664714157 2.2142857142857144 930
1744664720728 2.238095238095238 940
1744664727488 2.261904761904762 950
1744664734028 2.2857142857142856 960
1744664740840 2.3095238095238093 970
1744664747681 2.3333333333333335 980
1744664754306 2.357142857142857 990
1744664761126 2.380952380952381 1000
1744664767941 2.4047619047619047 1010
1744664774764 2.4285714285714284 1020
1744664781575 2.4523809523809526 1030
1744664788200 2.4761904761904763 1040
1744664795012 2.5 1050
1744664801588 2.5238095238095237 1060
1744664808323 2.5476190476190474 1070
1744664814950 2.571428571428571 1080
1744664821891 2.5952380952380953 1090
1744664828795 2.619047619047619 1100
1744664835382 2.642857142857143 1110
1744664842192 2.6666666666666665 1120
1744664848764 2.6904761904761907 1130
1744664855632 2.7142857142857144 1140
1744664862302 2.738095238095238 1150
1744664869095 2.761904761904762 1160
1744664876073 2.7857142857142856 1170
1744664882735 2.8095238095238093 1180
1744664889580 2.8333333333333335 1190
1744664896176 2.857142857142857 1200
1744664903027 2.880952380952381 1210
1744664909887 2.9047619047619047 1220
1744664916539 2.928571428571429 1230
1744664923349 2.9523809523809526 1240
1744664929953 2.9761904761904763 1250
1744664936413 3.0 1260
1744664954428 3.0 1260
1744664956014 3.0 1260
1744664956627 3.0 0
1744664974571 3.0 1260
