1744664049088 0.9323665499687195 10
1744664056114 0.8597212433815002 20
1744664062967 0.8903833031654358 30
1744664070002 0.9007918238639832 40
1744664076784 0.8474441766738892 50
1744664083632 1.0182795524597168 60
1744664090650 1.0348402261734009 70
1744664097321 1.4333388805389404 80
1744664104832 1.0922605991363525 90
1744664111586 1.1319520473480225 100
1744664118700 1.2026796340942383 110
1744664125840 1.203113317489624 120
1744664132442 1.1580629348754883 130
1744664139974 1.233537197113037 140
1744664146737 1.9689793586730957 150
1744664153599 1.3420166969299316 160
1744664160315 1.5742605924606323 170
1744664167275 1.4238779544830322 180
1744664174323 1.6380841732025146 190
1744664181120 1.3383208513259888 200
1744664188109 1.9161051511764526 210
1744664194766 1.3156616687774658 220
1744664201505 1.7949862480163574 230
1744664208308 1.7238410711288452 240
1744664214966 1.7196844816207886 250
1744664221755 1.8056663274765015 260
1744664228495 1.369775652885437 270
1744664235281 1.5889462232589722 280
1744664241982 1.8643563985824585 290
1744664248796 2.1328325271606445 300
1744664255738 2.283442497253418 310
1744664262392 1.9645915031433105 320
1744664269215 2.4917097091674805 330
1744664275794 2.2220098972320557 340
1744664282589 1.65479576587677 350
1744664289452 2.0012786388397217 360
1744664296089 2.451359987258911 370
1744664302840 2.1580703258514404 380
1744664309485 2.5524656772613525 390
1744664316318 2.728267192840576 400
1744664322960 1.9860012531280518 410
1744664330569 3.000743865966797 420
1744664357413 2.551213264465332 430
1744664364203 2.0974225997924805 440
1744664370995 3.7362804412841797 450
1744664377620 2.2587890625 460
1744664384615 2.63466477394104 470
1744664391237 2.900211811065674 480
1744664398160 2.968466281890869 490
1744664404949 1.9691026210784912 500
1744664411485 2.8168160915374756 510
1744664418241 2.4112207889556885 520
1744664424788 2.234095335006714 530
1744664431686 3.1440329551696777 540
1744664438645 4.648748874664307 550
1744664445602 2.568978786468506 560
1744664452440 2.597182273864746 570
1744664459134 3.745725393295288 580
1744664465922 2.61641001701355 590
1744664472523 3.461031198501587 600
1744664479356 2.6072475910186768 610
1744664486035 3.3284566402435303 620
1744664492603 3.266268491744995 630
1744664499487 2.563833236694336 640
1744664506118 2.682258129119873 650
1744664512913 4.5125298500061035 660
1744664519725 3.264392852783203 670
1744664526267 3.681908369064331 680
1744664533112 2.6421377658843994 690
1744664539750 2.842268943786621 700
1744664546489 2.7713911533355713 710
1744664553289 2.1491880416870117 720
1744664559891 3.105879306793213 730
1744664566649 3.6061952114105225 740
1744664573207 2.8547399044036865 750
1744664580018 3.634404420852661 760
1744664586589 3.426626682281494 770
1744664593314 2.7320618629455566 780
1744664600138 2.468007802963257 790
1744664606695 3.5710253715515137 800
1744664613643 3.2047300338745117 810
1744664620304 3.564924716949463 820
1744664627029 2.314141035079956 830
1744664633212 4.530416488647461 840
1744664659848 2.3991172313690186 850
1744664666721 3.040799140930176 860
1744664673394 2.4318222999572754 870
1744664680258 3.1123318672180176 880
1744664687070 2.4334497451782227 890
1744664693915 2.6930899620056152 900
1744664700530 3.0637900829315186 910
1744664707344 3.643890380859375 920
1744664714157 3.905813455581665 930
1744664720728 3.0886120796203613 940
1744664727488 2.7343411445617676 950
1744664734028 2.546802520751953 960
1744664740840 2.926713228225708 970
1744664747681 2.3521459102630615 980
1744664754306 2.5396406650543213 990
1744664761126 4.26825475692749 1000
1744664767941 3.645313024520874 1010
1744664774764 3.1499414443969727 1020
1744664781575 2.480417251586914 1030
1744664788200 3.057920455932617 1040
1744664795012 3.8109827041625977 1050
1744664801588 3.5411062240600586 1060
1744664808323 4.856578350067139 1070
1744664814950 2.6057496070861816 1080
1744664821891 2.6906120777130127 1090
1744664828795 2.918283462524414 1100
1744664835382 2.763728380203247 1110
1744664842192 3.3563010692596436 1120
1744664848764 4.547231674194336 1130
1744664855632 3.7257299423217773 1140
1744664862302 3.212622880935669 1150
1744664869095 3.2691290378570557 1160
1744664876073 4.9479522705078125 1170
1744664882735 2.9415245056152344 1180
1744664889580 3.1148345470428467 1190
1744664896176 3.679772138595581 1200
1744664903027 4.4798407554626465 1210
1744664909887 3.741752862930298 1220
1744664916539 3.711042881011963 1230
1744664923349 3.741536855697632 1240
1744664929953 2.7047414779663086 1250
1744664936413 4.799702167510986 1260
