1744664049088 3.5714285714285714e-06 10
1744664056114 7.5396825396825394e-06 20
1744664062967 1.1507936507936508e-05 30
1744664070002 1.5476190476190476e-05 40
1744664076784 1.9444444444444445e-05 50
1744664083632 2.3412698412698414e-05 60
1744664090650 2.7380952380952383e-05 70
1744664097321 3.134920634920635e-05 80
1744664104832 3.5317460317460324e-05 90
1744664111586 3.928571428571429e-05 100
1744664118700 4.3253968253968256e-05 110
1744664125840 4.722222222222222e-05 120
1744664132442 4.999913657690942e-05 130
1744664139974 4.9983788492140204e-05 140
1744664146737 4.9949266785677784e-05 150
1744664153599 4.98955979509477e-05 160
1744664160315 4.9822823175695914e-05 170
1744664167275 4.973099831037963e-05 180
1744664174323 4.962019382530521e-05 190
1744664181120 4.949049475654632e-05 200
1744664188109 4.934200064068364e-05 210
1744664194766 4.917482543841618e-05 220
1744664201505 4.89890974471031e-05 230
1744664208308 4.878495920230277e-05 240
1744664214966 4.856256736838498e-05 250
1744664221755 4.832209261830002e-05 260
1744664228495 4.806371950259697e-05 270
1744664235281 4.778764630779183e-05 280
1744664241982 4.7494084904193955e-05 290
1744664248796 4.7183260583307806e-05 300
1744664255738 4.685541188493464e-05 310
1744664262392 4.651079041410695e-05 320
1744664269215 4.614966064799603e-05 330
1744664275794 4.577229973294099e-05 340
1744664282589 4.537899727175487e-05 350
1744664289452 4.497005510147104e-05 360
1744664296089 4.454578706170075e-05 370
1744664302840 4.410651875377918e-05 380
1744664309485 4.3652587290885175e-05 390
1744664316318 4.318434103932622e-05 400
1744664322960 4.270213935118735e-05 410
1744664330569 4.2206352288549056e-05 420
1744664357413 4.1697360339485935e-05 430
1744664364203 4.1175554126063954e-05 440
1744664370995 4.0641334104560444e-05 450
1744664377620 4.009511025813694e-05 460
1744664384615 3.953730178220067e-05 470
1744664391237 3.896833676269618e-05 480
1744664398160 3.8388651847573964e-05 490
1744664404949 3.779869191168826e-05 500
1744664411485 3.7198909715381176e-05 510
1744664418241 3.6589765557015145e-05 520
1744664424788 3.5971726919720386e-05 530
1744664431686 3.534526811262848e-05 540
1744664438645 3.471086990686737e-05 550
1744664445602 3.4069019166597144e-05 560
1744664452440 3.342020847536978e-05 570
1744664459134 3.2764935758099595e-05 580
1744664465922 3.2103703898934475e-05 590
1744664472523 3.143702035532119e-05 600
1744664479356 3.076539676856101e-05 610
1744664486035 3.0089348571154348e-05 620
1744664492603 2.9409394591236007e-05 630
1744664499487 2.872605665440436e-05 640
1744664506118 2.8039859183250232e-05 650
1744664512913 2.7351328794892682e-05 660
1744664519725 2.666099389683061e-05 670
1744664526267 2.5969384281420424e-05 680
1744664533112 2.527703071929082e-05 690
1744664539750 2.4584464552006848e-05 700
1744664546489 2.389221728429579e-05 710
1744664553289 2.3200820176147838e-05 720
1744664559891 2.251080383510459e-05 730
1744664566649 2.1822697809048214e-05 740
1744664573207 2.113703017980399e-05 750
1744664580018 2.0454327157867733e-05 760
1744664586589 1.9775112678569572e-05 770
1744664593314 1.9099907999983674e-05 780
1744664600138 1.842923130289262e-05 790
1744664606695 1.7763597293113426e-05 800
1744664613643 1.7103516806490478e-05 810
1744664620304 1.6449496416858284e-05 820
1744664627029 1.5802038047275253e-05 830
1744664633212 1.516163858482656e-05 840
1744664659848 1.4528789499291884e-05 850
1744664666721 1.3903976465970553e-05 860
1744664673394 1.328767899295376e-05 870
1744664680258 1.2680370053129553e-05 880
1744664687070 1.2082515721203427e-05 890
1744664693915 1.1494574816012687e-05 900
1744664700530 1.0916998548409449e-05 910
1744664707344 1.0350230174982167e-05 920
1744664714157 9.794704657881726e-06 930
1744664720728 9.250848331012969e-06 940
1744664727488 8.719078572847958e-06 950
1744664734028 8.19980348611194e-06 960
1744664740840 7.693421584588012e-06 970
1744664747681 7.200321487280648e-06 980
1744664754306 6.720881620172995e-06 990
1744664761126 6.255469925806643e-06 1000
1744664767941 5.80444358090691e-06 1010
1744664774764 5.368148722270189e-06 1020
1744664781575 4.946920181123904e-06 1030
1744664788200 4.541081226162741e-06 1040
1744664795012 4.15094331545853e-06 1050
1744664801588 3.776805857434068e-06 1060
1744664808323 3.4189559810843764e-06 1070
1744664814950 3.077668315621676e-06 1080
1744664821891 2.7532047797132867e-06 1090
1744664828795 2.445814380474057e-06 1100
1744664835382 2.1557330223677674e-06 1110
1744664842192 1.883183326163962e-06 1120
1744664848764 1.6283744580893516e-06 1130
1744664855632 1.3915019693047205e-06 1140
1744664862302 1.1727476458306741e-06 1150
1744664869095 9.722793690372934e-07 1160
1744664876073 7.902509868048552e-07 1170
1744664882735 6.268021954544096e-07 1180
1744664889580 4.82058432538901e-07 1190
1744664896176 3.5613078057703254e-07 1200
1744664903027 2.491158818038408e-07 1210
1744664909887 1.6109586400331334e-07 1220
1744664916539 9.213827748005277e-08 1230
1744664923349 4.229604321829561e-08 1240
1744664929953 1.1607412268088702e-08 1250
1744664936413 9.593638982119402e-11 1260
