1744664049088 3.7203 10
1744664056114 3.7136 20
1744664062967 3.7013 30
1744664070002 3.6712 40
1744664076784 3.6486 50
1744664083632 3.6192 60
1744664090650 3.569 70
1744664097321 3.514 80
1744664104832 3.443 90
1744664111586 3.3722 100
1744664118700 3.2989 110
1744664125840 3.2289 120
1744664132442 3.1151 130
1744664139974 3.0313 140
1744664146737 2.9859 150
1744664153599 2.8854 160
1744664160315 2.8138 170
1744664167275 2.7384 180
1744664174323 2.6956 190
1744664181120 2.6631 200
1744664188109 2.6047 210
1744664194766 2.5584 220
1744664201505 2.5174 230
1744664208308 2.4907 240
1744664214966 2.5106 250
1744664221755 2.414 260
1744664228495 2.3979 270
1744664235281 2.2957 280
1744664241982 2.3133 290
1744664248796 2.2888 300
1744664255738 2.285 310
1744664262392 2.2932 320
1744664269215 2.2567 330
1744664275794 2.165 340
1744664282589 2.1652 350
1744664289452 2.1285 360
1744664296089 2.0599 370
1744664302840 2.1485 380
1744664309485 2.0741 390
1744664316318 2.1096 400
1744664322960 2.0545 410
1744664330569 2.0111 420
1744664357413 1.9777 430
1744664364203 1.9444 440
1744664370995 1.9305 450
1744664377620 1.913 460
1744664384615 1.9146 470
1744664391237 1.832 480
1744664398160 1.8267 490
1744664404949 1.7848 500
1744664411485 1.8436 510
1744664418241 1.7634 520
1744664424788 1.8804 530
1744664431686 1.7628 540
1744664438645 1.7347 550
1744664445602 1.8082 560
1744664452440 1.7425 570
1744664459134 1.6708 580
1744664465922 1.6754 590
1744664472523 1.727 600
1744664479356 1.7318 610
1744664486035 1.7906 620
1744664492603 1.7252 630
1744664499487 1.6676 640
1744664506118 1.6045 650
1744664512913 1.6385 660
1744664519725 1.6345 670
1744664526267 1.6161 680
1744664533112 1.6422 690
1744664539750 1.537 700
1744664546489 1.6366 710
1744664553289 1.6139 720
1744664559891 1.5129 730
1744664566649 1.6125 740
1744664573207 1.5807 750
1744664580018 1.5441 760
1744664586589 1.5374 770
1744664593314 1.5133 780
1744664600138 1.5378 790
1744664606695 1.5653 800
1744664613643 1.5362 810
1744664620304 1.4992 820
1744664627029 1.52 830
1744664633212 1.4631 840
1744664659848 1.4949 850
1744664666721 1.4817 860
1744664673394 1.4259 870
1744664680258 1.4319 880
1744664687070 1.424 890
1744664693915 1.5683 900
1744664700530 1.5341 910
1744664707344 1.4194 920
1744664714157 1.4696 930
1744664720728 1.3713 940
1744664727488 1.4329 950
1744664734028 1.4436 960
1744664740840 1.4419 970
1744664747681 1.4021 980
1744664754306 1.4188 990
1744664761126 1.5096 1000
1744664767941 1.4008 1010
1744664774764 1.4281 1020
1744664781575 1.3604 1030
1744664788200 1.3602 1040
1744664795012 1.3704 1050
1744664801588 1.3723 1060
1744664808323 1.424 1070
1744664814950 1.3586 1080
1744664821891 1.3893 1090
1744664828795 1.4763 1100
1744664835382 1.4112 1110
1744664842192 1.3485 1120
1744664848764 1.3651 1130
1744664855632 1.3864 1140
1744664862302 1.4245 1150
1744664869095 1.4367 1160
1744664876073 1.3665 1170
1744664882735 1.3314 1180
1744664889580 1.4209 1190
1744664896176 1.3668 1200
1744664903027 1.3844 1210
1744664909887 1.4734 1220
1744664916539 1.302 1230
1744664923349 1.4163 1240
1744664929953 1.4095 1250
1744664936413 1.3435 1260
