1744574471386 0.2631578947368421 10
1744574479844 0.5263157894736842 20
1744574488338 0.7894736842105263 30
1744574503468 1.0 38
1744574507024 1.0526315789473684 40
1744574515689 1.3157894736842106 50
1744574524385 1.5789473684210527 60
1744574532436 1.8421052631578947 70
1744574543564 2.0 76
1744574548741 2.1052631578947367 80
1744574557206 2.3684210526315788 90
1744574565912 2.6315789473684212 100
1744574574145 2.8947368421052633 110
1744574583644 3.0 114
1744574585312 3.0 114
1744574585923 3.0 0
1744574592751 3.0 114
