1744580778944 0.5263157894736842 10
1744580797500 1.0 19
1744580801043 1.0526315789473684 20
1744580814475 1.5789473684210527 30
1744580830217 2.0 38
1744580835042 2.1052631578947367 40
1744580848109 2.6315789473684212 50
1744580862307 3.0 57
1744580868491 3.1578947368421053 60
1744580881608 3.6842105263157894 70
1744580894265 4.0 76
1744580901686 4.2105263157894735 80
1744580915080 4.7368421052631575 90
1744580927237 5.0 95
1744580936084 5.2631578947368425 100
1744580949429 5.7894736842105265 110
1744580959462 6.0 114
1744580969720 6.315789473684211 120
1744580982919 6.842105263157895 130
1744580991474 7.0 133
1744581003107 7.368421052631579 140
1744581016557 7.894736842105263 150
1744581024120 8.0 152
1744581037301 8.421052631578947 160
1744581049919 8.947368421052632 170
1744581056222 9.0 171
1744581070532 9.473684210526315 180
1744581082510 10.0 190
1744581088899 10.0 190
1744581104166 10.526315789473685 200
1744581120772 11.0 209
1744581124429 11.052631578947368 210
1744581137763 11.578947368421053 220
1744581153250 12.0 228
1744581158277 12.105263157894736 230
1744581171089 12.631578947368421 240
1744581184945 13.0 247
1744581191147 13.157894736842104 250
1744581204480 13.68421052631579 260
1744581217239 14.0 266
1744581225047 14.210526315789474 270
1744581238118 14.736842105263158 280
1744581249371 15.0 285
1744581250981 15.0 285
1744581251454 15.0 0
1744581257467 15.0 285
