1744580778944 0.8191713094711304 10
1744580801043 0.8050116300582886 20
1744580814475 0.8692771792411804 30
1744580835042 0.8811399936676025 40
1744580848109 0.9074764847755432 50
1744580868491 0.9547516703605652 60
1744580881608 0.9361684918403625 70
1744580901686 0.9739826321601868 80
1744580915080 0.9599202871322632 90
1744580936084 0.9997469782829285 100
1744580949429 1.0089911222457886 110
1744580969720 0.9641544222831726 120
1744580982919 1.0390691757202148 130
1744581003107 0.9830400943756104 140
1744581016557 1.0708180665969849 150
1744581037301 1.0970529317855835 160
1744581049919 1.2210116386413574 170
1744581070532 1.1604241132736206 180
1744581082510 1.4544682502746582 190
1744581104166 1.1801886558532715 200
1744581124429 1.1379793882369995 210
1744581137763 1.146794319152832 220
1744581158277 1.0723105669021606 230
1744581171089 1.0804091691970825 240
1744581191147 1.1513919830322266 250
1744581204480 1.182498812675476 260
1744581225047 1.207294225692749 270
1744581238118 1.1221801042556763 280
