1744580778944 1.936842105263158e-05 10
1744580801043 1.866666666666667e-05 20
1744580814475 1.7964912280701756e-05 30
1744580835042 1.7263157894736843e-05 40
1744580848109 1.656140350877193e-05 50
1744580868491 1.5859649122807018e-05 60
1744580881608 1.5157894736842107e-05 70
1744580901686 1.4456140350877195e-05 80
1744580915080 1.3754385964912282e-05 90
1744580936084 1.305263157894737e-05 100
1744580949429 1.2350877192982458e-05 110
1744580969720 1.1649122807017546e-05 120
1744580982919 1.0947368421052633e-05 130
1744581003107 1.024561403508772e-05 140
1744581016557 9.543859649122808e-06 150
1744581037301 8.842105263157895e-06 160
1744581049919 8.140350877192983e-06 170
1744581070532 7.438596491228071e-06 180
1744581082510 6.736842105263158e-06 190
1744581104166 6.035087719298246e-06 200
1744581124429 5.333333333333334e-06 210
1744581137763 4.631578947368421e-06 220
1744581158277 3.929824561403509e-06 230
1744581171089 3.2280701754385966e-06 240
1744581191147 2.5263157894736844e-06 250
1744581204480 1.8245614035087722e-06 260
1744581225047 1.1228070175438598e-06 270
1744581238118 4.210526315789474e-07 280
