1744580778944 2.6717 10
1744580801043 2.6038 20
1744580814475 2.5206 30
1744580835042 2.4408 40
1744580848109 2.3644 50
1744580868491 2.2938 60
1744580881608 2.2201 70
1744580901686 2.1534 80
1744580915080 2.1009 90
1744580936084 2.0372 100
1744580949429 1.9879 110
1744580969720 1.9377 120
1744580982919 1.8987 130
1744581003107 1.851 140
1744581016557 1.8265 150
1744581037301 1.7843 160
1744581049919 1.7403 170
1744581070532 1.7287 180
1744581082510 1.6928 190
1744581104166 1.6392 200
1744581124429 1.6764 210
1744581137763 1.6467 220
1744581158277 1.6127 230
1744581171089 1.6065 240
1744581191147 1.6147 250
1744581204480 1.5997 260
1744581225047 1.5748 270
1744581238118 1.5963 280
