1744918107932 0.023148148148148147 10
1744918121527 0.046296296296296294 20
1744918134831 0.06944444444444445 30
1744918147684 0.09259259259259259 40
1744918160944 0.11574074074074074 50
1744918174307 0.1388888888888889 60
1744918187879 0.16203703703703703 70
1744918201134 0.18518518518518517 80
1744918214893 0.20833333333333334 90
1744918227735 0.23148148148148148 100
1744918241039 0.25462962962962965 110
1744918254408 0.2777777777777778 120
1744918267609 0.30092592592592593 130
1744918281255 0.32407407407407407 140
1744918294324 0.3472222222222222 150
1744918308065 0.37037037037037035 160
1744918320846 0.39351851851851855 170
1744918334127 0.4166666666666667 180
1744918347499 0.4398148148148148 190
1744918360727 0.46296296296296297 200
1744918374011 0.4861111111111111 210
1744918387337 0.5092592592592593 220
1744918400456 0.5324074074074074 230
1744918413809 0.5555555555555556 240
1744918426979 0.5787037037037037 250
1744918439969 0.6018518518518519 260
1744918453236 0.625 270
1744918466136 0.6481481481481481 280
1744918479370 0.6712962962962963 290
1744918492821 0.6944444444444444 300
1744918506248 0.7175925925925926 310
1744918519923 0.7407407407407407 320
1744918533035 0.7638888888888888 330
1744918546643 0.7870370370370371 340
1744918559657 0.8101851851851852 350
1744918573593 0.8333333333333334 360
1744918586467 0.8564814814814815 370
1744918599562 0.8796296296296297 380
1744918612942 0.9027777777777778 390
1744918626225 0.9259259259259259 400
1744918640038 0.9490740740740741 410
1744918652958 0.9722222222222222 420
1744918666653 0.9953703703703703 430
1744918703968 1.0 432
1744918717436 1.0185185185185186 440
1744918730592 1.0416666666666667 450
1744918743506 1.0648148148148149 460
1744918756683 1.087962962962963 470
1744918769541 1.1111111111111112 480
1744918783297 1.1342592592592593 490
1744918796382 1.1574074074074074 500
1744918809446 1.1805555555555556 510
1744918822960 1.2037037037037037 520
1744918835682 1.2268518518518519 530
1744918849097 1.25 540
1744918862233 1.2731481481481481 550
1744918875473 1.2962962962962963 560
1744918888977 1.3194444444444444 570
1744918902539 1.3425925925925926 580
1744918915724 1.3657407407407407 590
1744918928858 1.3888888888888888 600
1744918941894 1.412037037037037 610
1744918954889 1.4351851851851851 620
1744918968430 1.4583333333333333 630
1744918981960 1.4814814814814814 640
1744918995175 1.5046296296296298 650
1744919007947 1.5277777777777777 660
1744919021722 1.550925925925926 670
1744919034672 1.574074074074074 680
1744919048586 1.5972222222222223 690
1744919062133 1.6203703703703702 700
1744919075660 1.6435185185185186 710
1744919089013 1.6666666666666665 720
1744919101747 1.6898148148148149 730
1744919115412 1.7129629629629628 740
1744919128074 1.7361111111111112 750
1744919141146 1.7592592592592593 760
1744919154185 1.7824074074074074 770
1744919167291 1.8055555555555556 780
1744919181298 1.8287037037037037 790
1744919194316 1.8518518518518519 800
1744919207316 1.875 810
1744919220199 1.8981481481481481 820
1744919233444 1.9212962962962963 830
1744919246825 1.9444444444444444 840
1744919259838 1.9675925925925926 850
1744919272570 1.9907407407407407 860
1744919312247 2.0 864
1744919322552 2.013888888888889 870
1744919335248 2.037037037037037 880
1744919348958 2.060185185185185 890
1744919362088 2.0833333333333335 900
1744919375089 2.1064814814814814 910
1744919388146 2.1296296296296298 920
1744919400946 2.1527777777777777 930
1744919413841 2.175925925925926 940
1744919426812 2.199074074074074 950
1744919439954 2.2222222222222223 960
1744919453162 2.2453703703703702 970
1744919466249 2.2685185185185186 980
1744919479334 2.2916666666666665 990
1744919492933 2.314814814814815 1000
1744919506163 2.337962962962963 1010
1744919519205 2.361111111111111 1020
1744919532091 2.384259259259259 1030
1744919545289 2.4074074074074074 1040
1744919558283 2.4305555555555554 1050
1744919571408 2.4537037037037037 1060
1744919584944 2.476851851851852 1070
1744919597727 2.5 1080
1744919610874 2.523148148148148 1090
1744919623705 2.5462962962962963 1100
1744919636751 2.5694444444444446 1110
1744919650424 2.5925925925925926 1120
1744919663409 2.6157407407407405 1130
1744919677084 2.638888888888889 1140
1744919689859 2.662037037037037 1150
1744919702886 2.685185185185185 1160
1744919715817 2.7083333333333335 1170
1744919729138 2.7314814814814814 1180
1744919742173 2.7546296296296298 1190
1744919755228 2.7777777777777777 1200
1744919768442 2.800925925925926 1210
1744919781687 2.824074074074074 1220
1744919794687 2.8472222222222223 1230
1744919807344 2.8703703703703702 1240
1744919820576 2.8935185185185186 1250
1744919833355 2.9166666666666665 1260
1744919846343 2.939814814814815 1270
1744919859374 2.962962962962963 1280
1744919872361 2.986111111111111 1290
1744919915085 3.0 1296
1744919922642 3.009259259259259 1300
1744919935549 3.0324074074074074 1310
1744919948633 3.0555555555555554 1320
1744919961391 3.0787037037037037 1330
1744919974411 3.1018518518518516 1340
1744919987110 3.125 1350
1744920000284 3.148148148148148 1360
1744920013160 3.1712962962962963 1370
1744920026271 3.1944444444444446 1380
1744920039005 3.2175925925925926 1390
1744920051793 3.240740740740741 1400
1744920064721 3.263888888888889 1410
1744920077953 3.287037037037037 1420
1744920091382 3.310185185185185 1430
1744920104321 3.3333333333333335 1440
1744920117467 3.3564814814814814 1450
1744920130294 3.3796296296296298 1460
1744920143360 3.4027777777777777 1470
1744920156357 3.425925925925926 1480
1744920169530 3.449074074074074 1490
1744920182647 3.4722222222222223 1500
1744920195706 3.4953703703703702 1510
1744920209435 3.5185185185185186 1520
1744920222842 3.5416666666666665 1530
1744920235906 3.564814814814815 1540
1744920248846 3.587962962962963 1550
1744920261713 3.611111111111111 1560
1744920274909 3.6342592592592595 1570
1744920288414 3.6574074074074074 1580
1744920301813 3.6805555555555554 1590
1744920314500 3.7037037037037037 1600
1744920327803 3.726851851851852 1610
1744920340646 3.75 1620
1744920353898 3.773148148148148 1630
1744920366802 3.7962962962962963 1640
1744920379954 3.8194444444444446 1650
1744920392771 3.8425925925925926 1660
1744920406000 3.8657407407407405 1670
1744920419125 3.888888888888889 1680
1744920432033 3.912037037037037 1690
1744920445255 3.935185185185185 1700
1744920458218 3.9583333333333335 1710
1744920471358 3.9814814814814814 1720
1744920516099 4.0 1728
1744920520714 4.00462962962963 1730
1744920533951 4.027777777777778 1740
1744920547022 4.050925925925926 1750
1744920560226 4.074074074074074 1760
1744920573421 4.097222222222222 1770
1744920586427 4.12037037037037 1780
1744920599743 4.143518518518518 1790
1744920613027 4.166666666666667 1800
1744920626510 4.189814814814815 1810
1744920639522 4.212962962962963 1820
1744920652767 4.236111111111111 1830
1744920665691 4.2592592592592595 1840
1744920678736 4.282407407407407 1850
1744920691888 4.305555555555555 1860
1744920704876 4.328703703703704 1870
1744920717959 4.351851851851852 1880
1744920730608 4.375 1890
1744920743639 4.398148148148148 1900
1744920756578 4.421296296296296 1910
1744920769441 4.444444444444445 1920
1744920782582 4.467592592592593 1930
1744920795394 4.4907407407407405 1940
1744920808247 4.513888888888889 1950
1744920821024 4.537037037037037 1960
1744920833985 4.560185185185185 1970
1744920847210 4.583333333333333 1980
1744920860046 4.606481481481482 1990
1744920873091 4.62962962962963 2000
1744920886321 4.652777777777778 2010
1744920899281 4.675925925925926 2020
1744920912351 4.699074074074074 2030
1744920925935 4.722222222222222 2040
1744920938856 4.74537037037037 2050
1744920952008 4.768518518518518 2060
1744920964785 4.791666666666667 2070
1744920977785 4.814814814814815 2080
1744920991019 4.837962962962963 2090
1744921003807 4.861111111111111 2100
1744921017308 4.8842592592592595 2110
1744921030094 4.907407407407407 2120
1744921042999 4.930555555555555 2130
1744921055809 4.953703703703704 2140
1744921069068 4.976851851851852 2150
1744921081546 5.0 2160
1744921116485 5.0 2160
1744921131977 5.023148148148148 2170
1744921145052 5.046296296296297 2180
1744921158454 5.069444444444445 2190
1744921171122 5.092592592592593 2200
1744921183860 5.1157407407407405 2210
1744921196976 5.138888888888889 2220
1744921210100 5.162037037037037 2230
1744921223206 5.185185185185185 2240
1744921236047 5.208333333333333 2250
1744921249042 5.231481481481482 2260
1744921262261 5.25462962962963 2270
1744921275346 5.277777777777778 2280
1744921288455 5.300925925925926 2290
1744921301342 5.324074074074074 2300
1744921314467 5.347222222222222 2310
1744921327576 5.37037037037037 2320
1744921340761 5.393518518518518 2330
1744921353764 5.416666666666667 2340
1744921367102 5.439814814814815 2350
1744921380210 5.462962962962963 2360
1744921393249 5.486111111111111 2370
1744921406520 5.5092592592592595 2380
1744921419724 5.532407407407407 2390
1744921433205 5.555555555555555 2400
1744921446155 5.578703703703704 2410
1744921459055 5.601851851851852 2420
1744921472290 5.625 2430
1744921485353 5.648148148148148 2440
1744921498598 5.671296296296296 2450
1744921512005 5.694444444444445 2460
1744921525483 5.717592592592593 2470
1744921538181 5.7407407407407405 2480
1744921551445 5.763888888888889 2490
1744921564569 5.787037037037037 2500
1744921578019 5.810185185185185 2510
1744921591112 5.833333333333333 2520
1744921604251 5.856481481481482 2530
1744921617439 5.87962962962963 2540
1744921630250 5.902777777777778 2550
1744921643314 5.925925925925926 2560
1744921656573 5.949074074074074 2570
1744921670100 5.972222222222222 2580
1744921683223 5.99537037037037 2590
1744921719879 6.0 2592
1744921732811 6.018518518518518 2600
1744921745775 6.041666666666667 2610
1744921758793 6.064814814814815 2620
1744921772016 6.087962962962963 2630
1744921785088 6.111111111111111 2640
1744921798155 6.1342592592592595 2650
1744921811055 6.157407407407407 2660
1744921824408 6.180555555555555 2670
1744921837323 6.203703703703703 2680
1744921850747 6.226851851851852 2690
1744921863879 6.25 2700
1744921876857 6.273148148148148 2710
1744921890020 6.296296296296296 2720
1744921903106 6.319444444444445 2730
1744921916408 6.342592592592593 2740
1744921929623 6.3657407407407405 2750
1744921942640 6.388888888888889 2760
1744921955710 6.412037037037037 2770
1744921968573 6.435185185185185 2780
1744921981848 6.458333333333333 2790
1744921994975 6.481481481481482 2800
1744922008184 6.50462962962963 2810
1744922020943 6.527777777777778 2820
1744922034344 6.550925925925926 2830
1744922047142 6.574074074074074 2840
1744922060136 6.597222222222222 2850
1744922073121 6.62037037037037 2860
1744922085987 6.643518518518518 2870
1744922099067 6.666666666666667 2880
1744922111797 6.689814814814815 2890
1744922125121 6.712962962962963 2900
1744922138170 6.736111111111111 2910
1744922151236 6.7592592592592595 2920
1744922164051 6.782407407407407 2930
1744922176784 6.805555555555555 2940
1744922189761 6.828703703703704 2950
1744922202911 6.851851851851852 2960
1744922216270 6.875 2970
1744922229059 6.898148148148148 2980
1744922241959 6.921296296296296 2990
1744922255353 6.944444444444445 3000
1744922268124 6.967592592592593 3010
1744922281249 6.9907407407407405 3020
1744922320516 7.0 3024
1744922330784 7.013888888888889 3030
1744922343732 7.037037037037037 3040
1744922357092 7.060185185185185 3050
1744922370134 7.083333333333333 3060
1744922382746 7.106481481481482 3070
1744922395876 7.12962962962963 3080
1744922408668 7.152777777777778 3090
1744922421629 7.175925925925926 3100
1744922434498 7.199074074074074 3110
1744922447726 7.222222222222222 3120
1744922460571 7.24537037037037 3130
1744922473492 7.268518518518518 3140
1744922486623 7.291666666666667 3150
1744922499945 7.314814814814815 3160
1744922512984 7.337962962962963 3170
1744922525975 7.361111111111111 3180
1744922539276 7.3842592592592595 3190
1744922552189 7.407407407407407 3200
1744922565445 7.430555555555555 3210
1744922578253 7.453703703703704 3220
1744922591356 7.476851851851852 3230
1744922604464 7.5 3240
1744922617346 7.523148148148148 3250
1744922630586 7.546296296296296 3260
1744922643732 7.569444444444445 3270
1744922656892 7.592592592592593 3280
1744922669770 7.6157407407407405 3290
1744922682588 7.638888888888889 3300
1744922696116 7.662037037037037 3310
1744922709112 7.685185185185185 3320
1744922722288 7.708333333333333 3330
1744922735036 7.731481481481482 3340
1744922748126 7.75462962962963 3350
1744922761336 7.777777777777778 3360
1744922774473 7.800925925925926 3370
1744922787343 7.824074074074074 3380
1744922800778 7.847222222222222 3390
1744922813692 7.87037037037037 3400
1744922826635 7.893518518518518 3410
1744922840135 7.916666666666667 3420
1744922853301 7.939814814814815 3430
1744922866392 7.962962962962963 3440
1744922879410 7.986111111111111 3450
1744922922048 8.0 3456
1744922929378 8.00925925925926 3460
1744922942374 8.032407407407407 3470
1744922955442 8.055555555555555 3480
1744922968116 8.078703703703704 3490
1744922981365 8.101851851851851 3500
1744922994467 8.125 3510
1744923007872 8.148148148148149 3520
1744923021141 8.171296296296296 3530
1744923034142 8.194444444444445 3540
1744923047500 8.217592592592593 3550
1744923060377 8.24074074074074 3560
1744923073704 8.26388888888889 3570
1744923086732 8.287037037037036 3580
1744923099553 8.310185185185185 3590
1744923112500 8.333333333333334 3600
1744923125462 8.356481481481481 3610
1744923138644 8.37962962962963 3620
1744923151537 8.402777777777779 3630
1744923164706 8.425925925925926 3640
1744923177829 8.449074074074074 3650
1744923190824 8.472222222222221 3660
1744923203962 8.49537037037037 3670
1744923216923 8.518518518518519 3680
1744923230133 8.541666666666666 3690
1744923242964 8.564814814814815 3700
1744923256239 8.587962962962964 3710
1744923269342 8.61111111111111 3720
1744923282568 8.63425925925926 3730
1744923295571 8.657407407407408 3740
1744923308626 8.680555555555555 3750
1744923321606 8.703703703703704 3760
1744923334695 8.726851851851851 3770
1744923347758 8.75 3780
1744923360591 8.773148148148149 3790
1744923373641 8.796296296296296 3800
1744923386721 8.819444444444445 3810
1744923399876 8.842592592592592 3820
1744923412598 8.86574074074074 3830
1744923425161 8.88888888888889 3840
1744923438305 8.912037037037036 3850
1744923451038 8.935185185185185 3860
1744923464474 8.958333333333334 3870
1744923477343 8.981481481481481 3880
1744923521893 9.0 3888
1744923526477 9.00462962962963 3890
1744923539090 9.027777777777779 3900
1744923551961 9.050925925925926 3910
1744923564727 9.074074074074074 3920
1744923577650 9.097222222222221 3930
1744923590379 9.12037037037037 3940
1744923603275 9.143518518518519 3950
1744923616174 9.166666666666666 3960
1744923629585 9.189814814814815 3970
1744923642322 9.212962962962964 3980
1744923655464 9.23611111111111 3990
1744923668481 9.25925925925926 4000
1744923681397 9.282407407407407 4010
1744923694815 9.305555555555555 4020
1744923707665 9.328703703703704 4030
1744923721075 9.351851851851851 4040
1744923734203 9.375 4050
1744923747308 9.398148148148149 4060
1744923760888 9.421296296296296 4070
1744923773970 9.444444444444445 4080
1744923787218 9.467592592592593 4090
1744923800269 9.49074074074074 4100
1744923813666 9.51388888888889 4110
1744923826654 9.537037037037036 4120
1744923839561 9.560185185185185 4130
1744923852784 9.583333333333334 4140
1744923865839 9.606481481481481 4150
1744923878935 9.62962962962963 4160
1744923892062 9.652777777777779 4170
1744923905130 9.675925925925926 4180
1744923918063 9.699074074074074 4190
1744923931303 9.722222222222221 4200
1744923944063 9.74537037037037 4210
1744923957144 9.768518518518519 4220
1744923970061 9.791666666666666 4230
1744923982894 9.814814814814815 4240
1744923996405 9.837962962962964 4250
1744924009143 9.86111111111111 4260
1744924022431 9.88425925925926 4270
1744924035874 9.907407407407408 4280
1744924049272 9.930555555555555 4290
1744924062418 9.953703703703704 4300
1744924075338 9.976851851851851 4310
1744924087867 10.0 4320
1744924123259 10.0 4320
1744924138614 10.023148148148149 4330
1744924151530 10.046296296296296 4340
1744924164872 10.069444444444445 4350
1744924178031 10.092592592592593 4360
1744924191420 10.11574074074074 4370
1744924204801 10.13888888888889 4380
1744924217517 10.162037037037036 4390
1744924230892 10.185185185185185 4400
1744924244056 10.208333333333334 4410
1744924257185 10.231481481481481 4420
1744924270177 10.25462962962963 4430
1744924283287 10.277777777777779 4440
1744924296418 10.300925925925926 4450
1744924309289 10.324074074074074 4460
1744924323124 10.347222222222221 4470
1744924336307 10.37037037037037 4480
1744924349620 10.393518518518519 4490
1744924362831 10.416666666666666 4500
1744924375959 10.439814814814815 4510
1744924388930 10.462962962962964 4520
1744924402034 10.48611111111111 4530
1744924415659 10.50925925925926 4540
1744924428698 10.532407407407408 4550
1744924441711 10.555555555555555 4560
1744924454743 10.578703703703704 4570
1744924467889 10.601851851851851 4580
1744924480880 10.625 4590
1744924494118 10.648148148148149 4600
1744924507403 10.671296296296296 4610
1744924521102 10.694444444444445 4620
1744924534396 10.717592592592592 4630
1744924547811 10.74074074074074 4640
1744924561258 10.76388888888889 4650
1744924574442 10.787037037037036 4660
1744924587800 10.810185185185185 4670
1744924600566 10.833333333333334 4680
1744924613554 10.856481481481481 4690
1744924626813 10.87962962962963 4700
1744924639837 10.902777777777779 4710
1744924653228 10.925925925925926 4720
1744924666664 10.949074074074074 4730
1744924679888 10.972222222222221 4740
1744924692959 10.99537037037037 4750
1744924730008 11.0 4752
1744924742449 11.018518518518519 4760
1744924755736 11.041666666666666 4770
1744924769430 11.064814814814815 4780
1744924782198 11.087962962962964 4790
1744924795769 11.11111111111111 4800
1744924808493 11.13425925925926 4810
1744924821266 11.157407407407407 4820
1744924834325 11.180555555555555 4830
1744924847050 11.203703703703704 4840
1744924860071 11.226851851851851 4850
1744924873142 11.25 4860
1744924886582 11.273148148148149 4870
1744924899586 11.296296296296296 4880
1744924912535 11.319444444444445 4890
1744924925227 11.342592592592593 4900
1744924938495 11.36574074074074 4910
1744924952009 11.38888888888889 4920
1744924965209 11.412037037037036 4930
1744924978284 11.435185185185185 4940
1744924991173 11.458333333333334 4950
1744925004598 11.481481481481481 4960
1744925017724 11.50462962962963 4970
1744925030546 11.527777777777779 4980
1744925043691 11.550925925925926 4990
1744925056690 11.574074074074074 5000
1744925069799 11.597222222222221 5010
1744925082758 11.62037037037037 5020
1744925096186 11.643518518518519 5030
1744925109152 11.666666666666666 5040
1744925122363 11.689814814814815 5050
1744925135537 11.712962962962964 5060
1744925148791 11.73611111111111 5070
1744925161902 11.75925925925926 5080
1744925174818 11.782407407407408 5090
1744925188054 11.805555555555555 5100
1744925200941 11.828703703703704 5110
1744925214219 11.851851851851851 5120
1744925226937 11.875 5130
1744925239766 11.898148148148149 5140
1744925252845 11.921296296296296 5150
1744925265760 11.944444444444445 5160
1744925279378 11.967592592592592 5170
1744925292583 11.99074074074074 5180
1744925332353 12.0 5184
1744925342248 12.01388888888889 5190
1744925355444 12.037037037037036 5200
1744925368284 12.060185185185185 5210
1744925381326 12.083333333333334 5220
1744925394736 12.106481481481481 5230
1744925407928 12.12962962962963 5240
1744925421386 12.152777777777779 5250
1744925434306 12.175925925925926 5260
1744925447960 12.199074074074074 5270
1744925460890 12.222222222222221 5280
1744925474057 12.24537037037037 5290
1744925487320 12.268518518518519 5300
1744925500296 12.291666666666666 5310
1744925513592 12.314814814814815 5320
1744925526798 12.337962962962964 5330
1744925539856 12.36111111111111 5340
1744925552647 12.38425925925926 5350
1744925565622 12.407407407407407 5360
1744925578647 12.430555555555555 5370
1744925591846 12.453703703703704 5380
1744925604587 12.476851851851851 5390
1744925617527 12.5 5400
1744925630510 12.523148148148149 5410
1744925643597 12.546296296296296 5420
1744925656719 12.569444444444445 5430
1744925669538 12.592592592592592 5440
1744925682792 12.61574074074074 5450
1744925695654 12.63888888888889 5460
1744925708696 12.662037037037036 5470
1744925721921 12.685185185185185 5480
1744925735105 12.708333333333334 5490
1744925748035 12.731481481481481 5500
1744925761404 12.75462962962963 5510
1744925774355 12.777777777777779 5520
1744925787364 12.800925925925926 5530
1744925800702 12.824074074074074 5540
1744925813286 12.847222222222221 5550
1744925825989 12.87037037037037 5560
1744925839375 12.893518518518519 5570
1744925852430 12.916666666666666 5580
1744925865864 12.939814814814815 5590
1744925878930 12.962962962962964 5600
1744925891835 12.98611111111111 5610
1744925934674 13.0 5616
1744925941885 13.00925925925926 5620
1744925955452 13.032407407407407 5630
1744925968846 13.055555555555555 5640
1744925981845 13.078703703703704 5650
1744925995105 13.101851851851851 5660
1744926008307 13.125 5670
1744926021337 13.148148148148149 5680
1744926034348 13.171296296296296 5690
1744926047811 13.194444444444445 5700
1744926060686 13.217592592592593 5710
1744926073868 13.24074074074074 5720
1744926086968 13.26388888888889 5730
1744926100022 13.287037037037036 5740
1744926112974 13.310185185185185 5750
1744926125742 13.333333333333334 5760
1744926139114 13.356481481481481 5770
1744926152043 13.37962962962963 5780
1744926165152 13.402777777777779 5790
1744926178131 13.425925925925926 5800
1744926191376 13.449074074074074 5810
1744926204163 13.472222222222221 5820
1744926217536 13.49537037037037 5830
1744926230859 13.518518518518519 5840
1744926244292 13.541666666666666 5850
1744926257413 13.564814814814815 5860
1744926271119 13.587962962962964 5870
1744926284230 13.61111111111111 5880
1744926297070 13.63425925925926 5890
1744926310573 13.657407407407408 5900
1744926323712 13.680555555555555 5910
1744926336883 13.703703703703704 5920
1744926350632 13.726851851851851 5930
1744926363595 13.75 5940
1744926376770 13.773148148148149 5950
1744926389852 13.796296296296296 5960
1744926402946 13.819444444444445 5970
1744926415541 13.842592592592592 5980
1744926428328 13.86574074074074 5990
1744926441438 13.88888888888889 6000
1744926454771 13.912037037037036 6010
1744926468034 13.935185185185185 6020
1744926481229 13.958333333333334 6030
1744926494590 13.981481481481481 6040
1744926539538 14.0 6048
1744926544320 14.00462962962963 6050
1744926557612 14.027777777777779 6060
1744926570544 14.050925925925926 6070
1744926583720 14.074074074074074 6080
1744926596941 14.097222222222221 6090
1744926610365 14.12037037037037 6100
1744926623486 14.143518518518519 6110
1744926636952 14.166666666666666 6120
1744926650292 14.189814814814815 6130
1744926663393 14.212962962962964 6140
1744926676765 14.23611111111111 6150
1744926689858 14.25925925925926 6160
1744926702950 14.282407407407407 6170
1744926716297 14.305555555555555 6180
1744926729306 14.328703703703704 6190
1744926742067 14.351851851851851 6200
1744926754937 14.375 6210
1744926768096 14.398148148148149 6220
1744926780943 14.421296296296296 6230
1744926794091 14.444444444444445 6240
1744926807217 14.467592592592593 6250
1744926820521 14.49074074074074 6260
1744926833403 14.51388888888889 6270
1744926846345 14.537037037037036 6280
1744926859234 14.560185185185185 6290
1744926872222 14.583333333333334 6300
1744926885312 14.606481481481481 6310
1744926898712 14.62962962962963 6320
1744926912819 14.652777777777779 6330
1744926926051 14.675925925925926 6340
1744926939213 14.699074074074074 6350
1744926952769 14.722222222222221 6360
1744926965568 14.74537037037037 6370
1744926978429 14.768518518518519 6380
1744926991215 14.791666666666666 6390
1744927004457 14.814814814814815 6400
1744927017910 14.837962962962964 6410
1744927031329 14.86111111111111 6420
1744927044491 14.88425925925926 6430
1744927057842 14.907407407407408 6440
1744927071151 14.930555555555555 6450
1744927084289 14.953703703703704 6460
1744927097761 14.976851851851851 6470
1744927110262 15.0 6480
1744927145132 15.0 6480
1744927160567 15.023148148148149 6490
1744927173722 15.046296296296296 6500
1744927186679 15.069444444444445 6510
1744927199693 15.092592592592593 6520
1744927212844 15.11574074074074 6530
1744927226106 15.13888888888889 6540
1744927239640 15.162037037037036 6550
1744927252862 15.185185185185185 6560
1744927265999 15.208333333333334 6570
1744927279461 15.231481481481481 6580
1744927292295 15.25462962962963 6590
1744927305809 15.277777777777779 6600
1744927318454 15.300925925925926 6610
1744927331463 15.324074074074074 6620
1744927344357 15.347222222222221 6630
1744927357301 15.37037037037037 6640
1744927370503 15.393518518518519 6650
1744927383554 15.416666666666666 6660
1744927396523 15.439814814814815 6670
1744927409214 15.462962962962964 6680
1744927421994 15.48611111111111 6690
1744927434820 15.50925925925926 6700
1744927447870 15.532407407407408 6710
1744927460782 15.555555555555555 6720
1744927473855 15.578703703703704 6730
1744927487285 15.601851851851851 6740
1744927500203 15.625 6750
1744927513664 15.648148148148149 6760
1744927526393 15.671296296296296 6770
1744927539670 15.694444444444445 6780
1744927552796 15.717592592592592 6790
1744927565871 15.74074074074074 6800
1744927579052 15.76388888888889 6810
1744927591909 15.787037037037036 6820
1744927605183 15.810185185185185 6830
1744927618194 15.833333333333334 6840
1744927631504 15.856481481481481 6850
1744927644804 15.87962962962963 6860
1744927658073 15.902777777777779 6870
1744927670855 15.925925925925926 6880
1744927684129 15.949074074074074 6890
1744927697561 15.972222222222221 6900
1744927710476 15.99537037037037 6910
1744927747691 16.0 6912
1744927760228 16.01851851851852 6920
1744927773209 16.041666666666668 6930
1744927786309 16.064814814814813 6940
1744927799114 16.087962962962962 6950
1744927812032 16.11111111111111 6960
1744927824905 16.13425925925926 6970
1744927838369 16.15740740740741 6980
1744927851298 16.180555555555557 6990
1744927864533 16.203703703703702 7000
1744927877446 16.22685185185185 7010
1744927890566 16.25 7020
1744927903365 16.27314814814815 7030
1744927916284 16.296296296296298 7040
1744927929412 16.319444444444443 7050
1744927942366 16.34259259259259 7060
1744927955600 16.36574074074074 7070
1744927968593 16.38888888888889 7080
1744927981647 16.412037037037038 7090
1744927994642 16.435185185185187 7100
1744928007903 16.458333333333332 7110
1744928021049 16.48148148148148 7120
1744928033900 16.50462962962963 7130
1744928046931 16.52777777777778 7140
1744928059737 16.550925925925927 7150
1744928072571 16.574074074074073 7160
1744928085664 16.59722222222222 7170
1744928098890 16.62037037037037 7180
1744928112143 16.64351851851852 7190
1744928124874 16.666666666666668 7200
1744928138003 16.689814814814813 7210
1744928150836 16.712962962962962 7220
1744928163908 16.73611111111111 7230
1744928176820 16.75925925925926 7240
1744928189889 16.78240740740741 7250
1744928203022 16.805555555555557 7260
1744928216312 16.828703703703702 7270
1744928229099 16.85185185185185 7280
1744928242034 16.875 7290
1744928255212 16.89814814814815 7300
1744928268164 16.921296296296298 7310
1744928281308 16.944444444444443 7320
1744928294582 16.96759259259259 7330
1744928307956 16.99074074074074 7340
1744928347798 17.0 7344
1744928357625 17.01388888888889 7350
1744928370519 17.037037037037038 7360
1744928383129 17.060185185185187 7370
1744928396087 17.083333333333332 7380
1744928409298 17.10648148148148 7390
1744928422378 17.12962962962963 7400
1744928435402 17.15277777777778 7410
1744928448509 17.175925925925927 7420
1744928461355 17.199074074074073 7430
1744928474051 17.22222222222222 7440
1744928487624 17.24537037037037 7450
1744928500708 17.26851851851852 7460
1744928514132 17.291666666666668 7470
1744928527247 17.314814814814813 7480
1744928540357 17.337962962962962 7490
1744928553524 17.36111111111111 7500
1744928566855 17.38425925925926 7510
1744928579758 17.40740740740741 7520
1744928592985 17.430555555555557 7530
1744928606343 17.453703703703702 7540
1744928619113 17.47685185185185 7550
1744928632429 17.5 7560
1744928645408 17.52314814814815 7570
1744928658634 17.546296296296298 7580
1744928671610 17.569444444444443 7590
1744928684819 17.59259259259259 7600
1744928697871 17.61574074074074 7610
1744928711303 17.63888888888889 7620
1744928724732 17.662037037037038 7630
1744928738120 17.685185185185187 7640
1744928751727 17.708333333333332 7650
1744928764573 17.73148148148148 7660
1744928777682 17.75462962962963 7670
1744928790504 17.77777777777778 7680
1744928803606 17.800925925925927 7690
1744928816539 17.824074074074073 7700
1744928829437 17.84722222222222 7710
1744928842699 17.87037037037037 7720
1744928855579 17.89351851851852 7730
1744928868681 17.916666666666668 7740
1744928881614 17.939814814814813 7750
1744928894512 17.962962962962962 7760
1744928907312 17.98611111111111 7770
1744928949547 18.0 7776
1744928957032 18.00925925925926 7780
1744928970173 18.03240740740741 7790
1744928983557 18.055555555555557 7800
1744928996632 18.078703703703702 7810
1744929009573 18.10185185185185 7820
1744929022446 18.125 7830
1744929035498 18.14814814814815 7840
1744929048785 18.171296296296298 7850
1744929062109 18.194444444444443 7860
1744929075106 18.21759259259259 7870
1744929088308 18.24074074074074 7880
1744929101814 18.26388888888889 7890
1744929114711 18.287037037037038 7900
1744929127955 18.310185185185187 7910
1744929140863 18.333333333333332 7920
1744929154123 18.35648148148148 7930
1744929167573 18.37962962962963 7940
1744929180771 18.40277777777778 7950
1744929193955 18.425925925925927 7960
1744929207436 18.449074074074073 7970
1744929220922 18.47222222222222 7980
1744929233990 18.49537037037037 7990
1744929246767 18.51851851851852 8000
1744929259845 18.541666666666668 8010
1744929272979 18.564814814814813 8020
1744929285845 18.587962962962962 8030
1744929298678 18.61111111111111 8040
1744929311714 18.63425925925926 8050
1744929324678 18.65740740740741 8060
1744929337747 18.680555555555557 8070
1744929350719 18.703703703703702 8080
1744929363497 18.72685185185185 8090
1744929376882 18.75 8100
1744929390226 18.77314814814815 8110
1744929403790 18.796296296296298 8120
1744929417322 18.819444444444443 8130
1744929430520 18.84259259259259 8140
1744929443262 18.86574074074074 8150
1744929456399 18.88888888888889 8160
1744929469501 18.912037037037038 8170
1744929482356 18.935185185185187 8180
1744929495824 18.958333333333332 8190
1744929508859 18.98148148148148 8200
1744929553973 19.0 8208
1744929558596 19.00462962962963 8210
1744929572035 19.02777777777778 8220
1744929585704 19.050925925925927 8230
1744929598990 19.074074074074073 8240
1744929612250 19.09722222222222 8250
1744929625234 19.12037037037037 8260
1744929638725 19.14351851851852 8270
1744929651570 19.166666666666668 8280
1744929664734 19.189814814814813 8290
1744929677796 19.212962962962962 8300
1744929690651 19.23611111111111 8310
1744929703809 19.25925925925926 8320
1744929716602 19.28240740740741 8330
1744929729734 19.305555555555557 8340
1744929742760 19.328703703703702 8350
1744929756355 19.35185185185185 8360
1744929769067 19.375 8370
1744929782104 19.39814814814815 8380
1744929795500 19.421296296296298 8390
1744929808414 19.444444444444443 8400
1744929821483 19.46759259259259 8410
1744929834480 19.49074074074074 8420
1744929847398 19.51388888888889 8430
1744929860458 19.537037037037038 8440
1744929873479 19.560185185185187 8450
1744929886073 19.583333333333332 8460
1744929899173 19.60648148148148 8470
1744929912681 19.62962962962963 8480
1744929925555 19.65277777777778 8490
1744929938826 19.675925925925927 8500
1744929951687 19.699074074074073 8510
1744929964966 19.72222222222222 8520
1744929977889 19.74537037037037 8530
1744929991222 19.76851851851852 8540
1744930004069 19.791666666666668 8550
1744930016913 19.814814814814813 8560
1744930030166 19.837962962962962 8570
1744930042948 19.86111111111111 8580
1744930055990 19.88425925925926 8590
1744930068713 19.90740740740741 8600
1744930081904 19.930555555555557 8610
1744930094721 19.953703703703702 8620
1744930107650 19.97685185185185 8630
1744930120019 20.0 8640
1744930154254 20.0 8640
1744930169302 20.02314814814815 8650
1744930182370 20.046296296296298 8660
1744930195182 20.069444444444443 8670
1744930208250 20.09259259259259 8680
1744930221409 20.11574074074074 8690
1744930234949 20.13888888888889 8700
1744930247850 20.162037037037038 8710
1744930260931 20.185185185185187 8720
1744930273871 20.208333333333332 8730
1744930287250 20.23148148148148 8740
1744930300068 20.25462962962963 8750
1744930313106 20.27777777777778 8760
1744930326314 20.300925925925927 8770
1744930339273 20.324074074074073 8780
1744930352392 20.34722222222222 8790
1744930365320 20.37037037037037 8800
1744930378776 20.39351851851852 8810
1744930391826 20.416666666666668 8820
1744930404966 20.439814814814813 8830
1744930417711 20.462962962962962 8840
1744930430592 20.48611111111111 8850
1744930443944 20.50925925925926 8860
1744930457132 20.53240740740741 8870
1744930470520 20.555555555555557 8880
1744930483578 20.578703703703702 8890
1744930496905 20.60185185185185 8900
1744930509747 20.625 8910
1744930522954 20.64814814814815 8920
1744930535745 20.671296296296298 8930
1744930548977 20.694444444444443 8940
1744930562163 20.71759259259259 8950
1744930575162 20.74074074074074 8960
1744930588278 20.76388888888889 8970
1744930601082 20.787037037037038 8980
1744930614346 20.810185185185187 8990
1744930627140 20.833333333333332 9000
1744930640223 20.85648148148148 9010
1744930653260 20.87962962962963 9020
1744930666272 20.90277777777778 9030
1744930679541 20.925925925925927 9040
1744930692503 20.949074074074073 9050
1744930705819 20.97222222222222 9060
1744930719009 20.99537037037037 9070
1744930756464 21.0 9072
1744930769375 21.01851851851852 9080
1744930782349 21.041666666666668 9090
1744930795476 21.064814814814813 9100
1744930808319 21.087962962962962 9110
1744930821563 21.11111111111111 9120
1744930834514 21.13425925925926 9130
1744930847625 21.15740740740741 9140
1744930860512 21.180555555555557 9150
1744930873286 21.203703703703702 9160
1744930886678 21.22685185185185 9170
1744930899590 21.25 9180
1744930912867 21.27314814814815 9190
1744930925643 21.296296296296298 9200
1744930938832 21.319444444444443 9210
1744930951878 21.34259259259259 9220
1744930965194 21.36574074074074 9230
1744930978071 21.38888888888889 9240
1744930991050 21.412037037037038 9250
1744931004372 21.435185185185187 9260
1744931017519 21.458333333333332 9270
1744931030944 21.48148148148148 9280
1744931044062 21.50462962962963 9290
1744931057034 21.52777777777778 9300
1744931070166 21.550925925925927 9310
1744931083652 21.574074074074073 9320
1744931096790 21.59722222222222 9330
1744931110093 21.62037037037037 9340
1744931123372 21.64351851851852 9350
1744931136018 21.666666666666668 9360
1744931149335 21.689814814814813 9370
1744931162743 21.712962962962962 9380
1744931175880 21.73611111111111 9390
1744931188967 21.75925925925926 9400
1744931202244 21.78240740740741 9410
1744931215334 21.805555555555557 9420
1744931228609 21.828703703703702 9430
1744931241870 21.85185185185185 9440
1744931255004 21.875 9450
1744931268202 21.89814814814815 9460
1744931281178 21.921296296296298 9470
1744931294300 21.944444444444443 9480
1744931307297 21.96759259259259 9490
1744931320111 21.99074074074074 9500
1744931359992 22.0 9504
1744931369883 22.01388888888889 9510
1744931382910 22.037037037037038 9520
1744931395876 22.060185185185187 9530
1744931409769 22.083333333333332 9540
1744931423155 22.10648148148148 9550
1744931435991 22.12962962962963 9560
1744931449214 22.15277777777778 9570
1744931462423 22.175925925925927 9580
1744931475851 22.199074074074073 9590
1744931489143 22.22222222222222 9600
1744931502336 22.24537037037037 9610
1744931515049 22.26851851851852 9620
1744931528616 22.291666666666668 9630
1744931541779 22.314814814814813 9640
1744931554784 22.337962962962962 9650
1744931568271 22.36111111111111 9660
1744931581706 22.38425925925926 9670
1744931594993 22.40740740740741 9680
1744931607896 22.430555555555557 9690
1744931621334 22.453703703703702 9700
1744931634324 22.47685185185185 9710
1744931647584 22.5 9720
1744931660722 22.52314814814815 9730
1744931673459 22.546296296296298 9740
1744931686712 22.569444444444443 9750
1744931699854 22.59259259259259 9760
1744931713388 22.61574074074074 9770
1744931726317 22.63888888888889 9780
1744931739064 22.662037037037038 9790
1744931752323 22.685185185185187 9800
1744931765415 22.708333333333332 9810
1744931778956 22.73148148148148 9820
1744931791829 22.75462962962963 9830
1744931805133 22.77777777777778 9840
1744931818306 22.800925925925927 9850
1744931831525 22.824074074074073 9860
1744931844595 22.84722222222222 9870
1744931857573 22.87037037037037 9880
1744931870846 22.89351851851852 9890
1744931883575 22.916666666666668 9900
1744931896678 22.939814814814813 9910
1744931909972 22.962962962962962 9920
1744931923343 22.98611111111111 9930
1744931965779 23.0 9936
1744931973079 23.00925925925926 9940
1744931986102 23.03240740740741 9950
1744931999241 23.055555555555557 9960
1744932012119 23.078703703703702 9970
1744932025331 23.10185185185185 9980
1744932038136 23.125 9990
1744932051310 23.14814814814815 10000
1744932064320 23.171296296296298 10010
1744932077439 23.194444444444443 10020
1744932090644 23.21759259259259 10030
1744932103735 23.24074074074074 10040
1744932117060 23.26388888888889 10050
1744932129919 23.287037037037038 10060
1744932143204 23.310185185185187 10070
1744932156294 23.333333333333332 10080
1744932169958 23.35648148148148 10090
1744932183251 23.37962962962963 10100
1744932196533 23.40277777777778 10110
1744932209767 23.425925925925927 10120
1744932222673 23.449074074074073 10130
1744932235883 23.47222222222222 10140
1744932249084 23.49537037037037 10150
1744932262663 23.51851851851852 10160
1744932276051 23.541666666666668 10170
1744932290219 23.564814814814813 10180
1744932303896 23.587962962962962 10190
1744932318054 23.61111111111111 10200
1744932332453 23.63425925925926 10210
1744932346250 23.65740740740741 10220
1744932360211 23.680555555555557 10230
1744932374029 23.703703703703702 10240
1744932388528 23.72685185185185 10250
1744932402295 23.75 10260
1744932416226 23.77314814814815 10270
1744932430504 23.796296296296298 10280
1744932444162 23.819444444444443 10290
1744932457970 23.84259259259259 10300
1744932471851 23.86574074074074 10310
1744932485839 23.88888888888889 10320
1744932499335 23.912037037037038 10330
1744932513046 23.935185185185187 10340
1744932526728 23.958333333333332 10350
1744932540039 23.98148148148148 10360
1744932588131 24.0 10368
1744932592963 24.00462962962963 10370
1744932606324 24.02777777777778 10380
1744932620120 24.050925925925927 10390
1744932633852 24.074074074074073 10400
1744932647861 24.09722222222222 10410
1744932661631 24.12037037037037 10420
1744932675737 24.14351851851852 10430
1744932689458 24.166666666666668 10440
1744932703258 24.189814814814813 10450
1744932717468 24.212962962962962 10460
1744932731086 24.23611111111111 10470
1744932744518 24.25925925925926 10480
1744932757628 24.28240740740741 10490
1744932771782 24.305555555555557 10500
1744932784804 24.328703703703702 10510
1744932798183 24.35185185185185 10520
1744932812189 24.375 10530
1744932825807 24.39814814814815 10540
1744932839577 24.421296296296298 10550
1744932852743 24.444444444444443 10560
1744932866137 24.46759259259259 10570
1744932879071 24.49074074074074 10580
1744932892447 24.51388888888889 10590
1744932906064 24.537037037037038 10600
1744932919405 24.560185185185187 10610
1744932933167 24.583333333333332 10620
1744932946841 24.60648148148148 10630
1744932960580 24.62962962962963 10640
1744932973814 24.65277777777778 10650
1744932987798 24.675925925925927 10660
1744933001430 24.699074074074073 10670
1744933014864 24.72222222222222 10680
1744933028784 24.74537037037037 10690
1744933042137 24.76851851851852 10700
1744933055874 24.791666666666668 10710
1744933069621 24.814814814814813 10720
1744933083391 24.837962962962962 10730
1744933096929 24.86111111111111 10740
1744933110603 24.88425925925926 10750
1744933124211 24.90740740740741 10760
1744933138024 24.930555555555557 10770
1744933151924 24.953703703703702 10780
1744933165566 24.97685185185185 10790
1744933178689 25.0 10800
1744933216085 25.0 10800
1744933231882 25.02314814814815 10810
1744933245475 25.046296296296298 10820
1744933259293 25.069444444444443 10830
1744933272994 25.09259259259259 10840
1744933286346 25.11574074074074 10850
1744933300301 25.13888888888889 10860
1744933314238 25.162037037037038 10870
1744933328088 25.185185185185187 10880
1744933341842 25.208333333333332 10890
1744933355611 25.23148148148148 10900
1744933369684 25.25462962962963 10910
1744933383215 25.27777777777778 10920
1744933397533 25.300925925925927 10930
1744933411323 25.324074074074073 10940
1744933424704 25.34722222222222 10950
1744933438307 25.37037037037037 10960
1744933452307 25.39351851851852 10970
1744933465770 25.416666666666668 10980
1744933479453 25.439814814814813 10990
1744933493732 25.462962962962962 11000
1744933507746 25.48611111111111 11010
1744933521447 25.50925925925926 11020
1744933535448 25.53240740740741 11030
1744933548854 25.555555555555557 11040
1744933562274 25.578703703703702 11050
1744933575937 25.60185185185185 11060
1744933590015 25.625 11070
1744933603557 25.64814814814815 11080
1744933617681 25.671296296296298 11090
1744933631087 25.694444444444443 11100
1744933644814 25.71759259259259 11110
1744933658663 25.74074074074074 11120
1744933671902 25.76388888888889 11130
1744933685438 25.787037037037038 11140
1744933698576 25.810185185185187 11150
1744933711865 25.833333333333332 11160
1744933725039 25.85648148148148 11170
1744933738224 25.87962962962963 11180
1744933751958 25.90277777777778 11190
1744933765050 25.925925925925927 11200
1744933778538 25.949074074074073 11210
1744933791584 25.97222222222222 11220
1744933804856 25.99537037037037 11230
1744933841966 26.0 11232
1744933854162 26.01851851851852 11240
1744933867440 26.041666666666668 11250
1744933880594 26.064814814814813 11260
1744933893664 26.087962962962962 11270
1744933906782 26.11111111111111 11280
1744933920641 26.13425925925926 11290
1744933933930 26.15740740740741 11300
1744933947034 26.180555555555557 11310
1744933960228 26.203703703703702 11320
1744933973406 26.22685185185185 11330
1744933987056 26.25 11340
1744934000151 26.27314814814815 11350
1744934013071 26.296296296296298 11360
1744934026053 26.319444444444443 11370
1744934039300 26.34259259259259 11380
1744934052351 26.36574074074074 11390
1744934065352 26.38888888888889 11400
1744934078622 26.412037037037038 11410
1744934091476 26.435185185185187 11420
1744934104964 26.458333333333332 11430
1744934118226 26.48148148148148 11440
1744934131586 26.50462962962963 11450
1744934144389 26.52777777777778 11460
1744934157343 26.550925925925927 11470
1744934170832 26.574074074074073 11480
1744934183558 26.59722222222222 11490
1744934196441 26.62037037037037 11500
1744934209240 26.64351851851852 11510
1744934222352 26.666666666666668 11520
1744934235459 26.689814814814813 11530
1744934248464 26.712962962962962 11540
1744934262090 26.73611111111111 11550
1744934275305 26.75925925925926 11560
1744934289093 26.78240740740741 11570
1744934302570 26.805555555555557 11580
1744934315869 26.828703703703702 11590
1744934329085 26.85185185185185 11600
1744934342578 26.875 11610
1744934355828 26.89814814814815 11620
1744934369020 26.921296296296298 11630
1744934382272 26.944444444444443 11640
1744934395236 26.96759259259259 11650
1744934408526 26.99074074074074 11660
1744934448717 27.0 11664
1744934458850 27.01388888888889 11670
1744934472147 27.037037037037038 11680
1744934485300 27.060185185185187 11690
1744934498453 27.083333333333332 11700
1744934511491 27.10648148148148 11710
1744934524677 27.12962962962963 11720
1744934538689 27.15277777777778 11730
1744934551746 27.175925925925927 11740
1744934564986 27.199074074074073 11750
1744934577889 27.22222222222222 11760
1744934591508 27.24537037037037 11770
1744934604567 27.26851851851852 11780
1744934617983 27.291666666666668 11790
1744934631370 27.314814814814813 11800
1744934644665 27.337962962962962 11810
1744934658125 27.36111111111111 11820
1744934671191 27.38425925925926 11830
1744934684249 27.40740740740741 11840
1744934697190 27.430555555555557 11850
1744934710530 27.453703703703702 11860
1744934723766 27.47685185185185 11870
1744934737751 27.5 11880
1744934750765 27.52314814814815 11890
1744934763667 27.546296296296298 11900
1744934776569 27.569444444444443 11910
1744934789764 27.59259259259259 11920
1744934803132 27.61574074074074 11930
1744934816292 27.63888888888889 11940
1744934829950 27.662037037037038 11950
1744934842717 27.685185185185187 11960
1744934855668 27.708333333333332 11970
1744934868918 27.73148148148148 11980
1744934881943 27.75462962962963 11990
1744934895370 27.77777777777778 12000
1744934908403 27.800925925925927 12010
1744934921658 27.824074074074073 12020
1744934935087 27.84722222222222 12030
1744934948465 27.87037037037037 12040
1744934961424 27.89351851851852 12050
1744934974522 27.916666666666668 12060
1744934988314 27.939814814814813 12070
1744935001374 27.962962962962962 12080
1744935014858 27.98611111111111 12090
1744935057396 28.0 12096
1744935064618 28.00925925925926 12100
1744935077580 28.03240740740741 12110
1744935090410 28.055555555555557 12120
1744935103450 28.078703703703702 12130
1744935116607 28.10185185185185 12140
1744935130079 28.125 12150
1744935143252 28.14814814814815 12160
1744935156466 28.171296296296298 12170
1744935169783 28.194444444444443 12180
1744935182794 28.21759259259259 12190
1744935195858 28.24074074074074 12200
1744935208725 28.26388888888889 12210
1744935221821 28.287037037037038 12220
1744935234688 28.310185185185187 12230
1744935247813 28.333333333333332 12240
1744935260652 28.35648148148148 12250
1744935273513 28.37962962962963 12260
1744935286601 28.40277777777778 12270
1744935299641 28.425925925925927 12280
1744935312796 28.449074074074073 12290
1744935325846 28.47222222222222 12300
1744935339086 28.49537037037037 12310
1744935352052 28.51851851851852 12320
1744935365418 28.541666666666668 12330
1744935378239 28.564814814814813 12340
1744935391028 28.587962962962962 12350
1744935404214 28.61111111111111 12360
1744935417239 28.63425925925926 12370
1744935430376 28.65740740740741 12380
1744935443566 28.680555555555557 12390
1744935456581 28.703703703703702 12400
1744935469647 28.72685185185185 12410
1744935482542 28.75 12420
1744935495950 28.77314814814815 12430
1744935508966 28.796296296296298 12440
1744935522270 28.819444444444443 12450
1744935535315 28.84259259259259 12460
1744935548533 28.86574074074074 12470
1744935561471 28.88888888888889 12480
1744935574656 28.912037037037038 12490
1744935587543 28.935185185185187 12500
1744935600503 28.958333333333332 12510
1744935614045 28.98148148148148 12520
1744935658928 29.0 12528
1744935663980 29.00462962962963 12530
1744935677194 29.02777777777778 12540
1744935690540 29.050925925925927 12550
1744935703585 29.074074074074073 12560
1744935716669 29.09722222222222 12570
1744935729783 29.12037037037037 12580
1744935742728 29.14351851851852 12590
1744935756126 29.166666666666668 12600
1744935769300 29.189814814814813 12610
1744935782377 29.212962962962962 12620
1744935795720 29.23611111111111 12630
1744935809369 29.25925925925926 12640
1744935822782 29.28240740740741 12650
1744935836167 29.305555555555557 12660
1744935849305 29.328703703703702 12670
1744935862173 29.35185185185185 12680
1744935875283 29.375 12690
1744935887949 29.39814814814815 12700
1744935901524 29.421296296296298 12710
1744935914509 29.444444444444443 12720
1744935927542 29.46759259259259 12730
1744935940842 29.49074074074074 12740
1744935953835 29.51388888888889 12750
1744935966978 29.537037037037038 12760
1744935980126 29.560185185185187 12770
1744935993170 29.583333333333332 12780
1744936006301 29.60648148148148 12790
1744936019291 29.62962962962963 12800
1744936032659 29.65277777777778 12810
1744936045500 29.675925925925927 12820
1744936058735 29.699074074074073 12830
1744936071864 29.72222222222222 12840
1744936085192 29.74537037037037 12850
1744936098300 29.76851851851852 12860
1744936111322 29.791666666666668 12870
1744936124349 29.814814814814813 12880
1744936137145 29.837962962962962 12890
1744936150320 29.86111111111111 12900
1744936163498 29.88425925925926 12910
1744936176560 29.90740740740741 12920
1744936189469 29.930555555555557 12930
1744936202594 29.953703703703702 12940
1744936216061 29.97685185185185 12950
1744936228561 30.0 12960
1744936263885 30.0 12960
1744936265773 30.0 12960
1744936266360 30.0 0
1744936301597 30.0 12960
