1744918107932 5.117511749267578 10
1744918121527 5.22523832321167 20
1744918134831 4.951816082000732 30
1744918147684 4.382062911987305 40
1744918160944 4.288171768188477 50
1744918174307 4.511463165283203 60
1744918187879 4.148674488067627 70
1744918201134 5.4094438552856445 80
1744918214893 4.419946670532227 90
1744918227735 5.149959564208984 100
1744918241039 6.93190336227417 110
1744918254408 5.978558540344238 120
1744918267609 6.182747840881348 130
1744918281255 8.781341552734375 140
1744918294324 7.645524024963379 150
1744918308065 7.646079063415527 160
1744918320846 9.959529876708984 170
1744918334127 9.539918899536133 180
1744918347499 12.557490348815918 190
1744918360727 8.888291358947754 200
1744918374011 9.77657699584961 210
1744918387337 10.78341007232666 220
1744918400456 11.595182418823242 230
1744918413809 10.532790184020996 240
1744918426979 10.321681022644043 250
1744918439969 11.164855003356934 260
1744918453236 11.070592880249023 270
1744918466136 10.902970314025879 280
1744918479370 10.664462089538574 290
1744918492821 14.711256980895996 300
1744918506248 12.224186897277832 310
1744918519923 13.745097160339355 320
1744918533035 8.769336700439453 330
1744918546643 10.11551284790039 340
1744918559657 9.607423782348633 350
1744918573593 16.000024795532227 360
1744918586467 8.901551246643066 370
1744918599562 9.058507919311523 380
1744918612942 7.967482089996338 390
1744918626225 13.795476913452148 400
1744918640038 10.671792030334473 410
1744918652958 13.457481384277344 420
1744918666653 14.472493171691895 430
1744918717436 8.72619915008545 440
1744918730592 9.2326021194458 450
1744918743506 9.237418174743652 460
1744918756683 8.796286582946777 470
1744918769541 8.001167297363281 480
1744918783297 9.023295402526855 490
1744918796382 10.321647644042969 500
1744918809446 8.725732803344727 510
1744918822960 10.070913314819336 520
1744918835682 8.745245933532715 530
1744918849097 7.710824489593506 540
1744918862233 9.205490112304688 550
1744918875473 7.964173316955566 560
1744918888977 8.717228889465332 570
1744918902539 18.05508804321289 580
1744918915724 9.622668266296387 590
1744918928858 9.947223663330078 600
1744918941894 7.240909576416016 610
1744918954889 8.915072441101074 620
1744918968430 8.809642791748047 630
1744918981960 11.850431442260742 640
1744918995175 8.120759010314941 650
1744919007947 8.381906509399414 660
1744919021722 8.761399269104004 670
1744919034672 9.735628128051758 680
1744919048586 9.694230079650879 690
1744919062133 9.090250968933105 700
1744919075660 13.788436889648438 710
1744919089013 7.224390029907227 720
1744919101747 9.603429794311523 730
1744919115412 7.794166564941406 740
1744919128074 9.105223655700684 750
1744919141146 8.106186866760254 760
1744919154185 8.351858139038086 770
1744919167291 12.38686752319336 780
1744919181298 6.985464572906494 790
1744919194316 6.171835422515869 800
1744919207316 7.321041107177734 810
1744919220199 5.480092525482178 820
1744919233444 8.53346061706543 830
1744919246825 6.125256538391113 840
1744919259838 5.492731094360352 850
1744919272570 12.486713409423828 860
1744919322552 6.364489555358887 870
1744919335248 9.144267082214355 880
1744919348958 7.490986347198486 890
1744919362088 6.18647575378418 900
1744919375089 6.046432971954346 910
1744919388146 7.828153610229492 920
1744919400946 7.516063690185547 930
1744919413841 8.867469787597656 940
1744919426812 8.056510925292969 950
1744919439954 6.4414496421813965 960
1744919453162 7.30726957321167 970
1744919466249 5.264311790466309 980
1744919479334 8.123218536376953 990
1744919492933 7.047204971313477 1000
1744919506163 7.049677848815918 1010
1744919519205 6.259394645690918 1020
1744919532091 7.077053546905518 1030
1744919545289 7.533468246459961 1040
1744919558283 8.830631256103516 1050
1744919571408 7.033071041107178 1060
1744919584944 6.139775276184082 1070
1744919597727 6.9527153968811035 1080
1744919610874 5.211846351623535 1090
1744919623705 8.677042961120605 1100
1744919636751 7.062710285186768 1110
1744919650424 6.952202796936035 1120
1744919663409 8.150324821472168 1130
1744919677084 5.156230449676514 1140
1744919689859 6.940793991088867 1150
1744919702886 14.21228313446045 1160
1744919715817 6.537492752075195 1170
1744919729138 7.3398942947387695 1180
1744919742173 7.571287631988525 1190
1744919755228 5.324074745178223 1200
1744919768442 9.434934616088867 1210
1744919781687 8.27585506439209 1220
1744919794687 5.429598808288574 1230
1744919807344 11.00527572631836 1240
1744919820576 6.9026031494140625 1250
1744919833355 10.345479965209961 1260
1744919846343 7.636058807373047 1270
1744919859374 7.079489707946777 1280
1744919872361 7.3522233963012695 1290
1744919922642 6.717978000640869 1300
1744919935549 6.599008560180664 1310
1744919948633 4.748976707458496 1320
1744919961391 9.51266098022461 1330
1744919974411 6.73867654800415 1340
1744919987110 11.58352279663086 1350
1744920000284 5.61854362487793 1360
1744920013160 6.414913654327393 1370
1744920026271 7.227236270904541 1380
1744920039005 5.402988910675049 1390
1744920051793 6.115024566650391 1400
1744920064721 7.8459014892578125 1410
1744920077953 6.242259502410889 1420
1744920091382 8.253384590148926 1430
1744920104321 5.594637870788574 1440
1744920117467 6.348741054534912 1450
1744920130294 6.1303558349609375 1460
1744920143360 4.151331901550293 1470
1744920156357 6.950121879577637 1480
1744920169530 5.593010902404785 1490
1744920182647 5.938266277313232 1500
1744920195706 5.306840896606445 1510
1744920209435 7.649184703826904 1520
1744920222842 4.861343860626221 1530
1744920235906 14.690397262573242 1540
1744920248846 6.1391520500183105 1550
1744920261713 6.722315788269043 1560
1744920274909 5.060779094696045 1570
1744920288414 5.980752468109131 1580
1744920301813 6.19495153427124 1590
1744920314500 6.623340129852295 1600
1744920327803 6.095779895782471 1610
1744920340646 6.122060775756836 1620
1744920353898 7.791406631469727 1630
1744920366802 5.133674621582031 1640
1744920379954 4.453543663024902 1650
1744920392771 5.138104438781738 1660
1744920406000 5.890848636627197 1670
1744920419125 5.905683994293213 1680
1744920432033 7.107493877410889 1690
1744920445255 8.097822189331055 1700
1744920458218 7.406174659729004 1710
1744920471358 4.5677666664123535 1720
1744920520714 4.247837066650391 1730
1744920533951 6.807331085205078 1740
1744920547022 5.9929680824279785 1750
1744920560226 5.834827423095703 1760
1744920573421 7.346979141235352 1770
1744920586427 4.817067623138428 1780
1744920599743 6.886567115783691 1790
1744920613027 6.89631986618042 1800
1744920626510 5.5662007331848145 1810
1744920639522 4.294796943664551 1820
1744920652767 5.535477161407471 1830
1744920665691 5.620057106018066 1840
1744920678736 6.062350273132324 1850
1744920691888 4.734463214874268 1860
1744920704876 4.451781749725342 1870
1744920717959 3.273221492767334 1880
1744920730608 3.6111700534820557 1890
1744920743639 5.242198944091797 1900
1744920756578 4.7132720947265625 1910
1744920769441 5.43397331237793 1920
1744920782582 5.334330081939697 1930
1744920795394 7.354647636413574 1940
1744920808247 5.345029830932617 1950
1744920821024 4.471625804901123 1960
1744920833985 5.72335147857666 1970
1744920847210 5.349006175994873 1980
1744920860046 4.720122337341309 1990
1744920873091 5.987151622772217 2000
1744920886321 4.888521671295166 2010
1744920899281 8.210522651672363 2020
1744920912351 5.1541218757629395 2030
1744920925935 4.823855400085449 2040
1744920938856 5.520616054534912 2050
1744920952008 6.111627578735352 2060
1744920964785 3.690542697906494 2070
1744920977785 5.535261154174805 2080
1744920991019 4.350315093994141 2090
1744921003807 5.810908794403076 2100
1744921017308 7.844241619110107 2110
1744921030094 7.4419965744018555 2120
1744921042999 6.35781717300415 2130
1744921055809 5.348184108734131 2140
1744921069068 6.7753119468688965 2150
1744921081546 6.4384541511535645 2160
1744921131977 4.757447242736816 2170
1744921145052 4.080219268798828 2180
1744921158454 5.739903450012207 2190
1744921171122 3.9169223308563232 2200
1744921183860 4.626745223999023 2210
1744921196976 5.8437275886535645 2220
1744921210100 4.971527576446533 2230
1744921223206 4.011178016662598 2240
1744921236047 4.06279993057251 2250
1744921249042 4.609732151031494 2260
1744921262261 3.98048734664917 2270
1744921275346 7.598001956939697 2280
1744921288455 4.015437602996826 2290
1744921301342 4.946445465087891 2300
1744921314467 3.8848743438720703 2310
1744921327576 5.696602821350098 2320
1744921340761 4.290902614593506 2330
1744921353764 4.472368240356445 2340
1744921367102 4.912111282348633 2350
1744921380210 4.247971534729004 2360
1744921393249 4.586041450500488 2370
1744921406520 4.400905132293701 2380
1744921419724 6.713791370391846 2390
1744921433205 3.9002792835235596 2400
1744921446155 4.220101356506348 2410
1744921459055 4.177365779876709 2420
1744921472290 4.693009853363037 2430
1744921485353 4.872349739074707 2440
1744921498598 5.095424175262451 2450
1744921512005 5.319012641906738 2460
1744921525483 3.8611111640930176 2470
1744921538181 6.61351203918457 2480
1744921551445 4.275996208190918 2490
1744921564569 4.848036766052246 2500
1744921578019 4.612786769866943 2510
1744921591112 6.5781121253967285 2520
1744921604251 4.863797187805176 2530
1744921617439 4.362048625946045 2540
1744921630250 3.6331639289855957 2550
1744921643314 4.1551194190979 2560
1744921656573 3.478971481323242 2570
1744921670100 4.106957912445068 2580
1744921683223 4.735793590545654 2590
1744921732811 3.9630868434906006 2600
1744921745775 3.6640443801879883 2610
1744921758793 4.547086715698242 2620
1744921772016 5.06618070602417 2630
1744921785088 4.720323085784912 2640
1744921798155 5.681962013244629 2650
1744921811055 4.15010929107666 2660
1744921824408 3.472864866256714 2670
1744921837323 3.5281856060028076 2680
1744921850747 5.581482410430908 2690
1744921863879 2.5920848846435547 2700
1744921876857 5.390875339508057 2710
1744921890020 3.933980941772461 2720
1744921903106 5.181256294250488 2730
1744921916408 4.7839250564575195 2740
1744921929623 6.094386100769043 2750
1744921942640 4.6673994064331055 2760
1744921955710 5.037936687469482 2770
1744921968573 4.845739364624023 2780
1744921981848 5.676241397857666 2790
1744921994975 3.174238920211792 2800
1744922008184 4.1898674964904785 2810
1744922020943 3.8394222259521484 2820
1744922034344 4.296523094177246 2830
1744922047142 4.187540531158447 2840
1744922060136 4.313181400299072 2850
1744922073121 8.149580001831055 2860
1744922085987 4.354881763458252 2870
1744922099067 4.402536392211914 2880
1744922111797 4.127200603485107 2890
1744922125121 6.485087871551514 2900
1744922138170 5.543339729309082 2910
1744922151236 3.513746976852417 2920
1744922164051 5.186839580535889 2930
1744922176784 4.649829387664795 2940
1744922189761 4.736933708190918 2950
1744922202911 3.65154767036438 2960
1744922216270 3.7785861492156982 2970
1744922229059 5.483863353729248 2980
1744922241959 3.51771879196167 2990
1744922255353 2.6787049770355225 3000
1744922268124 7.029965400695801 3010
1744922281249 3.110919237136841 3020
1744922330784 6.261867046356201 3030
1744922343732 4.464097023010254 3040
1744922357092 5.637251853942871 3050
1744922370134 4.959328651428223 3060
1744922382746 3.479200601577759 3070
1744922395876 4.94610071182251 3080
1744922408668 2.9255995750427246 3090
1744922421629 3.184652328491211 3100
1744922434498 4.219103813171387 3110
1744922447726 3.7914886474609375 3120
1744922460571 4.317828178405762 3130
1744922473492 4.119474411010742 3140
1744922486623 2.9981164932250977 3150
1744922499945 3.961348056793213 3160
1744922512984 4.434774398803711 3170
1744922525975 3.999006509780884 3180
1744922539276 4.2952165603637695 3190
1744922552189 4.496123790740967 3200
1744922565445 4.389979362487793 3210
1744922578253 3.398550033569336 3220
1744922591356 5.651679515838623 3230
1744922604464 4.079971790313721 3240
1744922617346 3.634798765182495 3250
1744922630586 4.463891983032227 3260
1744922643732 5.564351558685303 3270
1744922656892 3.320540189743042 3280
1744922669770 6.079154968261719 3290
1744922682588 4.174014568328857 3300
1744922696116 5.6920671463012695 3310
1744922709112 5.000253200531006 3320
1744922722288 3.8111789226531982 3330
1744922735036 4.910619258880615 3340
1744922748126 5.9384660720825195 3350
1744922761336 3.403503894805908 3360
1744922774473 3.3497657775878906 3370
1744922787343 3.962984323501587 3380
1744922800778 5.133427619934082 3390
1744922813692 3.0861892700195312 3400
1744922826635 5.431787490844727 3410
1744922840135 4.266120910644531 3420
1744922853301 4.672324180603027 3430
1744922866392 3.959134340286255 3440
1744922879410 2.794238567352295 3450
1744922929378 2.7662668228149414 3460
1744922942374 3.6739871501922607 3470
1744922955442 5.14201545715332 3480
1744922968116 4.201462268829346 3490
1744922981365 3.667203187942505 3500
1744922994467 2.972520112991333 3510
1744923007872 5.152076721191406 3520
1744923021141 3.1215169429779053 3530
1744923034142 4.035090446472168 3540
1744923047500 3.6807990074157715 3550
1744923060377 3.2277352809906006 3560
1744923073704 5.560668468475342 3570
1744923086732 4.0090789794921875 3580
1744923099553 3.0480287075042725 3590
1744923112500 5.282794952392578 3600
1744923125462 2.994497776031494 3610
1744923138644 2.9243721961975098 3620
1744923151537 3.682461738586426 3630
1744923164706 4.672903537750244 3640
1744923177829 3.8360707759857178 3650
1744923190824 3.3644721508026123 3660
1744923203962 3.0414493083953857 3670
1744923216923 4.324679851531982 3680
1744923230133 3.6234006881713867 3690
1744923242964 3.675325632095337 3700
1744923256239 3.75416898727417 3710
1744923269342 3.3636975288391113 3720
1744923282568 4.581700801849365 3730
1744923295571 4.218493461608887 3740
1744923308626 3.4564197063446045 3750
1744923321606 3.724501132965088 3760
1744923334695 3.393564462661743 3770
1744923347758 4.286200046539307 3780
1744923360591 3.089062213897705 3790
1744923373641 3.650204658508301 3800
1744923386721 5.100076675415039 3810
1744923399876 2.4662418365478516 3820
1744923412598 4.986497402191162 3830
1744923425161 4.1299309730529785 3840
1744923438305 3.3963706493377686 3850
1744923451038 5.134129047393799 3860
1744923464474 4.446391582489014 3870
1744923477343 4.207796096801758 3880
1744923526477 3.7541966438293457 3890
1744923539090 4.618007183074951 3900
1744923551961 5.206693172454834 3910
1744923564727 3.4683239459991455 3920
1744923577650 4.422061920166016 3930
1744923590379 2.498236894607544 3940
1744923603275 2.764620542526245 3950
1744923616174 4.318966865539551 3960
1744923629585 3.1475729942321777 3970
1744923642322 3.4781618118286133 3980
1744923655464 2.614654779434204 3990
1744923668481 3.1526715755462646 4000
1744923681397 2.868771553039551 4010
1744923694815 3.207482099533081 4020
1744923707665 3.070905923843384 4030
1744923721075 2.7377421855926514 4040
1744923734203 3.6753454208374023 4050
1744923747308 3.6122193336486816 4060
1744923760888 5.265651702880859 4070
1744923773970 6.185937404632568 4080
1744923787218 4.2234015464782715 4090
1744923800269 3.058816909790039 4100
1744923813666 4.88170862197876 4110
1744923826654 4.853102207183838 4120
1744923839561 3.538118362426758 4130
1744923852784 3.0977420806884766 4140
1744923865839 4.104830265045166 4150
1744923878935 2.6302108764648438 4160
1744923892062 4.348125457763672 4170
1744923905130 3.3740909099578857 4180
1744923918063 4.800464153289795 4190
1744923931303 3.913301467895508 4200
1744923944063 3.0614194869995117 4210
1744923957144 2.72114634513855 4220
1744923970061 4.0119404792785645 4230
1744923982894 4.231990337371826 4240
1744923996405 3.1417396068573 4250
1744924009143 5.991134166717529 4260
1744924022431 3.1397478580474854 4270
1744924035874 3.7885448932647705 4280
1744924049272 4.258027076721191 4290
1744924062418 3.1945483684539795 4300
1744924075338 5.005740165710449 4310
1744924087867 3.6293675899505615 4320
1744924138614 4.330766201019287 4330
1744924151530 2.28493595123291 4340
1744924164872 1.6698826551437378 4350
1744924178031 2.8557231426239014 4360
1744924191420 4.452932357788086 4370
1744924204801 5.693446636199951 4380
1744924217517 2.958085775375366 4390
1744924230892 4.1419782638549805 4400
1744924244056 3.0790841579437256 4410
1744924257185 2.8676748275756836 4420
1744924270177 5.683938980102539 4430
1744924283287 4.830494403839111 4440
1744924296418 4.184837341308594 4450
1744924309289 3.8408281803131104 4460
1744924323124 2.41979718208313 4470
1744924336307 3.5570669174194336 4480
1744924349620 2.9678313732147217 4490
1744924362831 3.7573862075805664 4500
1744924375959 3.2204349040985107 4510
1744924388930 4.245926380157471 4520
1744924402034 4.949786186218262 4530
1744924415659 4.742963790893555 4540
1744924428698 4.261320114135742 4550
1744924441711 4.351945877075195 4560
1744924454743 4.119004249572754 4570
1744924467889 3.6804566383361816 4580
1744924480880 3.7500336170196533 4590
1744924494118 4.924449443817139 4600
1744924507403 5.081570148468018 4610
1744924521102 2.835800886154175 4620
1744924534396 3.703530788421631 4630
1744924547811 3.9731228351593018 4640
1744924561258 2.8587586879730225 4650
1744924574442 4.57920503616333 4660
1744924587800 3.0775744915008545 4670
1744924600566 4.894559860229492 4680
1744924613554 4.6011223793029785 4690
1744924626813 3.8814384937286377 4700
1744924639837 3.6459908485412598 4710
1744924653228 4.183030128479004 4720
1744924666664 4.310370445251465 4730
1744924679888 3.692800760269165 4740
1744924692959 4.597516059875488 4750
1744924742449 2.919705629348755 4760
1744924755736 2.7085320949554443 4770
1744924769430 4.506217002868652 4780
1744924782198 2.5163803100585938 4790
1744924795769 4.5286455154418945 4800
1744924808493 4.832149982452393 4810
1744924821266 4.733913898468018 4820
1744924834325 5.300823211669922 4830
1744924847050 5.03966760635376 4840
1744924860071 3.4981980323791504 4850
1744924873142 5.216757774353027 4860
1744924886582 7.051431179046631 4870
1744924899586 2.4202709197998047 4880
1744924912535 4.726929187774658 4890
1744924925227 2.664409637451172 4900
1744924938495 4.978750705718994 4910
1744924952009 6.327609062194824 4920
1744924965209 4.313098907470703 4930
1744924978284 4.7604660987854 4940
1744924991173 3.650527000427246 4950
1744925004598 3.2846202850341797 4960
1744925017724 3.4059104919433594 4970
1744925030546 2.6590349674224854 4980
1744925043691 3.3989827632904053 4990
1744925056690 3.5822365283966064 5000
1744925069799 3.139711856842041 5010
1744925082758 1.522068738937378 5020
1744925096186 3.183863878250122 5030
1744925109152 2.897724151611328 5040
1744925122363 3.7534172534942627 5050
1744925135537 4.301367282867432 5060
1744925148791 3.1637539863586426 5070
1744925161902 3.980821371078491 5080
1744925174818 1.5633126497268677 5090
1744925188054 4.488552570343018 5100
1744925200941 6.8153557777404785 5110
1744925214219 2.964832305908203 5120
1744925226937 3.9365129470825195 5130
1744925239766 3.9199373722076416 5140
1744925252845 3.616610527038574 5150
1744925265760 3.8925044536590576 5160
1744925279378 4.709583759307861 5170
1744925292583 3.995131254196167 5180
1744925342248 2.748563528060913 5190
1744925355444 3.2010772228240967 5200
1744925368284 4.163145065307617 5210
1744925381326 3.904963731765747 5220
1744925394736 5.624091148376465 5230
1744925407928 4.351279258728027 5240
1744925421386 4.867504119873047 5250
1744925434306 4.9655375480651855 5260
1744925447960 2.9489712715148926 5270
1744925460890 3.827303886413574 5280
1744925474057 5.138674259185791 5290
1744925487320 3.08609938621521 5300
1744925500296 3.6289751529693604 5310
1744925513592 3.626042127609253 5320
1744925526798 6.771682262420654 5330
1744925539856 3.255159854888916 5340
1744925552647 2.5188608169555664 5350
1744925565622 3.1263339519500732 5360
1744925578647 5.251180171966553 5370
1744925591846 2.956103563308716 5380
1744925604587 2.52356219291687 5390
1744925617527 5.049313068389893 5400
1744925630510 3.702822208404541 5410
1744925643597 5.275538921356201 5420
1744925656719 2.6253905296325684 5430
1744925669538 3.0500905513763428 5440
1744925682792 2.092830181121826 5450
1744925695654 4.845179557800293 5460
1744925708696 3.140265464782715 5470
1744925721921 2.6987171173095703 5480
1744925735105 3.7599589824676514 5490
1744925748035 5.9272589683532715 5500
1744925761404 2.5191891193389893 5510
1744925774355 2.906843900680542 5520
1744925787364 4.7808122634887695 5530
1744925800702 2.5657167434692383 5540
1744925813286 3.9859747886657715 5550
1744925825989 3.3974177837371826 5560
1744925839375 3.2277495861053467 5570
1744925852430 2.6943540573120117 5580
1744925865864 3.3721585273742676 5590
1744925878930 2.993997812271118 5600
1744925891835 2.1703860759735107 5610
1744925941885 4.986171722412109 5620
1744925955452 4.4026780128479 5630
1744925968846 3.733386278152466 5640
1744925981845 3.23028564453125 5650
1744925995105 2.112152576446533 5660
1744926008307 3.8303165435791016 5670
1744926021337 7.742981433868408 5680
1744926034348 2.9449126720428467 5690
1744926047811 3.1466763019561768 5700
1744926060686 3.3390908241271973 5710
1744926073868 3.0958120822906494 5720
1744926086968 3.011187791824341 5730
1744926100022 3.8907015323638916 5740
1744926112974 2.8518686294555664 5750
1744926125742 3.2218172550201416 5760
1744926139114 3.5506672859191895 5770
1744926152043 5.065061569213867 5780
1744926165152 3.2286429405212402 5790
1744926178131 2.050908327102661 5800
1744926191376 3.1888322830200195 5810
1744926204163 4.818230628967285 5820
1744926217536 3.2908358573913574 5830
1744926230859 3.8194403648376465 5840
1744926244292 4.92844295501709 5850
1744926257413 2.7462666034698486 5860
1744926271119 2.7526497840881348 5870
1744926284230 2.6560537815093994 5880
1744926297070 2.245164394378662 5890
1744926310573 3.1363155841827393 5900
1744926323712 4.831186294555664 5910
1744926336883 2.488656520843506 5920
1744926350632 2.67971134185791 5930
1744926363595 5.943229675292969 5940
1744926376770 4.202850341796875 5950
1744926389852 5.953182220458984 5960
1744926402946 4.796656608581543 5970
1744926415541 3.4679789543151855 5980
1744926428328 4.473121643066406 5990
1744926441438 3.5586721897125244 6000
1744926454771 3.967024803161621 6010
1744926468034 1.9294105768203735 6020
1744926481229 4.404127597808838 6030
1744926494590 3.456737756729126 6040
1744926544320 7.92235803604126 6050
1744926557612 2.5730795860290527 6060
1744926570544 4.049787521362305 6070
1744926583720 2.7190535068511963 6080
1744926596941 2.399055004119873 6090
1744926610365 3.7638890743255615 6100
1744926623486 3.9419384002685547 6110
1744926636952 3.696593761444092 6120
1744926650292 3.3048224449157715 6130
1744926663393 3.0935709476470947 6140
1744926676765 2.1630301475524902 6150
1744926689858 2.873823404312134 6160
1744926702950 3.044391632080078 6170
1744926716297 2.7347514629364014 6180
1744926729306 2.5160863399505615 6190
1744926742067 4.293839931488037 6200
1744926754937 4.658692836761475 6210
1744926768096 2.7919418811798096 6220
1744926780943 3.9393389225006104 6230
1744926794091 3.5936903953552246 6240
1744926807217 3.277534008026123 6250
1744926820521 2.668485164642334 6260
1744926833403 4.275199890136719 6270
1744926846345 3.394892692565918 6280
1744926859234 3.3323400020599365 6290
1744926872222 2.9570200443267822 6300
1744926885312 2.933304786682129 6310
1744926898712 2.5764009952545166 6320
1744926912819 3.2886083126068115 6330
1744926926051 5.247851371765137 6340
1744926939213 2.8250536918640137 6350
1744926952769 1.8934545516967773 6360
1744926965568 3.850219964981079 6370
1744926978429 3.1205942630767822 6380
1744926991215 3.8311681747436523 6390
1744927004457 3.126570463180542 6400
1744927017910 3.5513157844543457 6410
1744927031329 4.199027061462402 6420
1744927044491 3.5463790893554688 6430
1744927057842 1.7841514348983765 6440
1744927071151 4.049387454986572 6450
1744927084289 2.9361648559570312 6460
1744927097761 2.4785187244415283 6470
1744927110262 2.6870594024658203 6480
1744927160567 2.8121895790100098 6490
1744927173722 3.2107014656066895 6500
1744927186679 6.988161087036133 6510
1744927199693 2.1588685512542725 6520
1744927212844 3.345674514770508 6530
1744927226106 2.6541812419891357 6540
1744927239640 4.143443584442139 6550
1744927252862 2.1540732383728027 6560
1744927265999 2.807173252105713 6570
1744927279461 4.627688407897949 6580
1744927292295 3.388038396835327 6590
1744927305809 2.540112018585205 6600
1744927318454 2.736656665802002 6610
1744927331463 3.1821510791778564 6620
1744927344357 4.184693336486816 6630
1744927357301 2.2406558990478516 6640
1744927370503 1.6137359142303467 6650
1744927383554 3.0523223876953125 6660
1744927396523 2.769508123397827 6670
1744927409214 3.840378999710083 6680
1744927421994 3.020836591720581 6690
1744927434820 2.4651150703430176 6700
1744927447870 2.8484039306640625 6710
1744927460782 2.7182376384735107 6720
1744927473855 2.252666473388672 6730
1744927487285 2.9247310161590576 6740
1744927500203 3.0587146282196045 6750
1744927513664 3.412651777267456 6760
1744927526393 3.744893789291382 6770
1744927539670 4.6512885093688965 6780
1744927552796 3.3643977642059326 6790
1744927565871 3.4365122318267822 6800
1744927579052 2.2673678398132324 6810
1744927591909 3.154953956604004 6820
1744927605183 2.342548370361328 6830
1744927618194 3.0828073024749756 6840
1744927631504 2.097853899002075 6850
1744927644804 4.094721794128418 6860
1744927658073 4.408257961273193 6870
1744927670855 3.2605772018432617 6880
1744927684129 2.8149638175964355 6890
1744927697561 3.231863021850586 6900
1744927710476 2.640819549560547 6910
1744927760228 3.7719855308532715 6920
1744927773209 2.4589192867279053 6930
1744927786309 2.197629690170288 6940
1744927799114 2.785223960876465 6950
1744927812032 4.733819961547852 6960
1744927824905 3.487549304962158 6970
1744927838369 3.7066195011138916 6980
1744927851298 3.442627191543579 6990
1744927864533 2.605264186859131 7000
1744927877446 2.9168457984924316 7010
1744927890566 3.335642099380493 7020
1744927903365 3.773803234100342 7030
1744927916284 3.335406541824341 7040
1744927929412 3.0093371868133545 7050
1744927942366 3.200885534286499 7060
1744927955600 2.0524842739105225 7070
1744927968593 3.194037437438965 7080
1744927981647 3.4580187797546387 7090
1744927994642 1.0989317893981934 7100
1744928007903 3.7066538333892822 7110
1744928021049 3.0058536529541016 7120
1744928033900 2.1552298069000244 7130
1744928046931 3.071053981781006 7140
1744928059737 3.0099570751190186 7150
1744928072571 4.858882427215576 7160
1744928085664 2.63517689704895 7170
1744928098890 3.0920495986938477 7180
1744928112143 2.3577616214752197 7190
1744928124874 1.9837781190872192 7200
1744928138003 3.8076980113983154 7210
1744928150836 2.6329009532928467 7220
1744928163908 2.992344856262207 7230
1744928176820 2.5099737644195557 7240
1744928189889 2.6348013877868652 7250
1744928203022 2.488403797149658 7260
1744928216312 3.889718532562256 7270
1744928229099 1.5743560791015625 7280
1744928242034 3.7609050273895264 7290
1744928255212 4.26027250289917 7300
1744928268164 3.16178035736084 7310
1744928281308 2.0902960300445557 7320
1744928294582 3.236964225769043 7330
1744928307956 4.201383590698242 7340
1744928357625 2.8542113304138184 7350
1744928370519 3.031919002532959 7360
1744928383129 3.0493690967559814 7370
1744928396087 2.5792009830474854 7380
1744928409298 3.6707077026367188 7390
1744928422378 2.1034305095672607 7400
1744928435402 3.826058864593506 7410
1744928448509 4.756580829620361 7420
1744928461355 1.8579820394515991 7430
1744928474051 4.010927677154541 7440
1744928487624 1.411341905593872 7450
1744928500708 3.2273614406585693 7460
1744928514132 4.55214786529541 7470
1744928527247 3.527585983276367 7480
1744928540357 3.377316474914551 7490
1744928553524 3.3488504886627197 7500
1744928566855 1.927947998046875 7510
1744928579758 2.327197551727295 7520
1744928592985 3.248368978500366 7530
1744928606343 2.756150245666504 7540
1744928619113 2.850909471511841 7550
1744928632429 3.514817476272583 7560
1744928645408 3.1969470977783203 7570
1744928658634 3.352525472640991 7580
1744928671610 3.802868127822876 7590
1744928684819 2.544707775115967 7600
1744928697871 3.3714675903320312 7610
1744928711303 2.826598644256592 7620
1744928724732 3.1079142093658447 7630
1744928738120 3.3176820278167725 7640
1744928751727 2.870163917541504 7650
1744928764573 3.585860013961792 7660
1744928777682 3.0961806774139404 7670
1744928790504 4.372824668884277 7680
1744928803606 6.338618755340576 7690
1744928816539 3.3794960975646973 7700
1744928829437 3.7247071266174316 7710
1744928842699 3.3330001831054688 7720
1744928855579 3.2593698501586914 7730
1744928868681 1.7869940996170044 7740
1744928881614 3.369492530822754 7750
1744928894512 4.814043045043945 7760
1744928907312 2.372655153274536 7770
1744928957032 2.156904697418213 7780
1744928970173 2.815086841583252 7790
1744928983557 2.4271998405456543 7800
1744928996632 2.9356160163879395 7810
1744929009573 2.572782039642334 7820
1744929022446 1.414350152015686 7830
1744929035498 2.176618814468384 7840
1744929048785 2.894181251525879 7850
1744929062109 3.3659465312957764 7860
1744929075106 3.083751916885376 7870
1744929088308 3.861802816390991 7880
1744929101814 2.4755351543426514 7890
1744929114711 2.2542734146118164 7900
1744929127955 3.60600209236145 7910
1744929140863 2.454249143600464 7920
1744929154123 3.52439284324646 7930
1744929167573 2.982628345489502 7940
1744929180771 4.018742084503174 7950
1744929193955 3.688001871109009 7960
1744929207436 3.440641164779663 7970
1744929220922 2.6410865783691406 7980
1744929233990 2.443854570388794 7990
1744929246767 1.2577016353607178 8000
1744929259845 6.411921501159668 8010
1744929272979 1.7902274131774902 8020
1744929285845 2.0785634517669678 8030
1744929298678 5.122639179229736 8040
1744929311714 1.5414375066757202 8050
1744929324678 2.2520127296447754 8060
1744929337747 2.5915873050689697 8070
1744929350719 3.9450430870056152 8080
1744929363497 1.3548164367675781 8090
1744929376882 2.158269166946411 8100
1744929390226 3.4844770431518555 8110
1744929403790 4.210575103759766 8120
1744929417322 2.9852237701416016 8130
1744929430520 1.7402079105377197 8140
1744929443262 2.4815216064453125 8150
1744929456399 2.552074432373047 8160
1744929469501 2.0157487392425537 8170
1744929482356 2.897010564804077 8180
1744929495824 4.137182712554932 8190
1744929508859 3.0163636207580566 8200
1744929558596 2.3302319049835205 8210
1744929572035 1.874727725982666 8220
1744929585704 2.5860793590545654 8230
1744929598990 2.798388957977295 8240
1744929612250 2.8537864685058594 8250
1744929625234 2.7062907218933105 8260
1744929638725 1.9376747608184814 8270
1744929651570 3.2139718532562256 8280
1744929664734 2.003352642059326 8290
1744929677796 3.304729700088501 8300
1744929690651 3.9207141399383545 8310
1744929703809 3.140787124633789 8320
1744929716602 2.524569511413574 8330
1744929729734 2.097971200942993 8340
1744929742760 4.448657035827637 8350
1744929756355 2.2004337310791016 8360
1744929769067 2.0811445713043213 8370
1744929782104 3.20623779296875 8380
1744929795500 3.617949962615967 8390
1744929808414 2.2536604404449463 8400
1744929821483 3.6605241298675537 8410
1744929834480 2.6979310512542725 8420
1744929847398 2.3613052368164062 8430
1744929860458 3.460721015930176 8440
1744929873479 2.4915263652801514 8450
1744929886073 3.617279529571533 8460
1744929899173 2.0762317180633545 8470
1744929912681 1.4958133697509766 8480
1744929925555 3.7585389614105225 8490
1744929938826 4.410717487335205 8500
1744929951687 2.9786531925201416 8510
1744929964966 3.176908016204834 8520
1744929977889 4.016751289367676 8530
1744929991222 2.8370463848114014 8540
1744930004069 2.6060922145843506 8550
1744930016913 3.008423328399658 8560
1744930030166 3.865210771560669 8570
1744930042948 1.5214015245437622 8580
1744930055990 1.572843074798584 8590
1744930068713 3.8587660789489746 8600
1744930081904 2.317695379257202 8610
1744930094721 3.1735682487487793 8620
1744930107650 1.7541682720184326 8630
1744930120019 3.108384847640991 8640
1744930169302 5.123654842376709 8650
1744930182370 1.7782213687896729 8660
1744930195182 2.062263011932373 8670
1744930208250 2.6186816692352295 8680
1744930221409 2.797543525695801 8690
1744930234949 3.5120885372161865 8700
1744930247850 4.268270015716553 8710
1744930260931 3.8211398124694824 8720
1744930273871 3.4469728469848633 8730
1744930287250 2.0211021900177 8740
1744930300068 4.5591230392456055 8750
1744930313106 1.720447301864624 8760
1744930326314 0.9055605530738831 8770
1744930339273 3.2404465675354004 8780
1744930352392 1.7742029428482056 8790
1744930365320 1.430008888244629 8800
1744930378776 2.098112106323242 8810
1744930391826 3.4769253730773926 8820
1744930404966 3.138672113418579 8830
1744930417711 2.532907247543335 8840
1744930430592 2.613736391067505 8850
1744930443944 3.9454383850097656 8860
1744930457132 3.5529868602752686 8870
1744930470520 1.9368171691894531 8880
1744930483578 2.1365177631378174 8890
1744930496905 2.657829999923706 8900
1744930509747 2.433891773223877 8910
1744930522954 2.1482291221618652 8920
1744930535745 3.843194007873535 8930
1744930548977 3.2347090244293213 8940
1744930562163 2.1923208236694336 8950
1744930575162 2.2566771507263184 8960
1744930588278 1.9372340440750122 8970
1744930601082 3.5688514709472656 8980
1744930614346 3.1871604919433594 8990
1744930627140 2.8796467781066895 9000
1744930640223 0.9705663323402405 9010
1744930653260 2.2144994735717773 9020
1744930666272 3.0905354022979736 9030
1744930679541 3.6317098140716553 9040
1744930692503 2.5855789184570312 9050
1744930705819 2.328709840774536 9060
1744930719009 3.346020460128784 9070
1744930769375 2.195044755935669 9080
1744930782349 2.915323257446289 9090
1744930795476 2.494856595993042 9100
1744930808319 1.439622163772583 9110
1744930821563 3.0119643211364746 9120
1744930834514 2.577273368835449 9130
1744930847625 1.7878044843673706 9140
1744930860512 3.2724251747131348 9150
1744930873286 2.826589584350586 9160
1744930886678 2.1521410942077637 9170
1744930899590 2.096646547317505 9180
1744930912867 2.4471421241760254 9190
1744930925643 3.0840537548065186 9200
1744930938832 2.2366764545440674 9210
1744930951878 2.296217441558838 9220
1744930965194 3.421015501022339 9230
1744930978071 2.1105809211730957 9240
1744930991050 2.0186479091644287 9250
1744931004372 1.3381162881851196 9260
1744931017519 1.3094115257263184 9270
1744931030944 2.1288933753967285 9280
1744931044062 2.4588029384613037 9290
1744931057034 2.520634889602661 9300
1744931070166 2.7545082569122314 9310
1744931083652 1.8529342412948608 9320
1744931096790 2.082714796066284 9330
1744931110093 1.9615389108657837 9340
1744931123372 3.9230027198791504 9350
1744931136018 2.7694664001464844 9360
1744931149335 2.2299766540527344 9370
1744931162743 2.936274766921997 9380
1744931175880 2.1623666286468506 9390
1744931188967 2.6168415546417236 9400
1744931202244 2.651923894882202 9410
1744931215334 1.6689711809158325 9420
1744931228609 5.2305779457092285 9430
1744931241870 2.394590139389038 9440
1744931255004 1.1654900312423706 9450
1744931268202 2.9334559440612793 9460
1744931281178 2.604005813598633 9470
1744931294300 1.7178597450256348 9480
1744931307297 2.68351149559021 9490
1744931320111 2.5724105834960938 9500
1744931369883 2.859570026397705 9510
1744931382910 4.319498538970947 9520
1744931395876 1.4544024467468262 9530
1744931409769 3.0559237003326416 9540
1744931423155 3.7583186626434326 9550
1744931435991 1.7367020845413208 9560
1744931449214 2.24428129196167 9570
1744931462423 2.7514796257019043 9580
1744931475851 2.470226764678955 9590
1744931489143 3.000575065612793 9600
1744931502336 3.1227028369903564 9610
1744931515049 2.2040910720825195 9620
1744931528616 3.6239748001098633 9630
1744931541779 0.9844115376472473 9640
1744931554784 2.57184100151062 9650
1744931568271 2.3283040523529053 9660
1744931581706 2.5751655101776123 9670
1744931594993 2.9624438285827637 9680
1744931607896 2.2424826622009277 9690
1744931621334 2.482841968536377 9700
1744931634324 3.075995922088623 9710
1744931647584 1.815036416053772 9720
1744931660722 2.4932332038879395 9730
1744931673459 3.0627310276031494 9740
1744931686712 1.7970795631408691 9750
1744931699854 3.3006536960601807 9760
1744931713388 2.075500249862671 9770
1744931726317 2.0175490379333496 9780
1744931739064 2.5538620948791504 9790
1744931752323 2.901771068572998 9800
1744931765415 2.801490545272827 9810
1744931778956 1.922130823135376 9820
1744931791829 1.7471758127212524 9830
1744931805133 2.1186506748199463 9840
1744931818306 2.0919203758239746 9850
1744931831525 1.8644402027130127 9860
1744931844595 3.1179187297821045 9870
1744931857573 3.2945556640625 9880
1744931870846 2.301149606704712 9890
1744931883575 3.041442632675171 9900
1744931896678 2.990413188934326 9910
1744931909972 1.2678275108337402 9920
1744931923343 1.686170220375061 9930
1744931973079 2.458972454071045 9940
1744931986102 2.1531248092651367 9950
1744931999241 4.40836763381958 9960
1744932012119 2.5997142791748047 9970
1744932025331 2.703890085220337 9980
1744932038136 3.9559214115142822 9990
1744932051310 2.730055570602417 10000
1744932064320 2.0853090286254883 10010
1744932077439 3.0637664794921875 10020
1744932090644 1.2504721879959106 10030
1744932103735 2.1529088020324707 10040
1744932117060 1.2321398258209229 10050
1744932129919 2.8684334754943848 10060
1744932143204 2.2128026485443115 10070
1744932156294 1.971113920211792 10080
1744932169958 2.4667792320251465 10090
1744932183251 2.2584095001220703 10100
1744932196533 3.61112904548645 10110
1744932209767 2.177933931350708 10120
1744932222673 3.4113662242889404 10130
1744932235883 2.090651273727417 10140
1744932249084 2.4930882453918457 10150
1744932262663 4.419429302215576 10160
1744932276051 3.5620038509368896 10170
1744932290219 1.9508858919143677 10180
1744932303896 2.2214863300323486 10190
1744932318054 3.8274734020233154 10200
1744932332453 3.037458896636963 10210
1744932346250 1.824520230293274 10220
1744932360211 2.9497203826904297 10230
1744932374029 4.251683235168457 10240
1744932388528 2.4722273349761963 10250
1744932402295 2.032801389694214 10260
1744932416226 3.3435535430908203 10270
1744932430504 2.4518418312072754 10280
1744932444162 1.4823307991027832 10290
1744932457970 1.4221864938735962 10300
1744932471851 2.204378128051758 10310
1744932485839 1.9201385974884033 10320
1744932499335 2.9901466369628906 10330
1744932513046 3.4347050189971924 10340
1744932526728 2.2339773178100586 10350
1744932540039 2.6947922706604004 10360
1744932592963 2.0868723392486572 10370
1744932606324 1.9822956323623657 10380
1744932620120 2.1589083671569824 10390
1744932633852 1.7006906270980835 10400
1744932647861 3.1046886444091797 10410
1744932661631 2.2161543369293213 10420
1744932675737 6.692895889282227 10430
1744932689458 3.9300918579101562 10440
1744932703258 2.6111443042755127 10450
1744932717468 3.392988443374634 10460
1744932731086 1.9345698356628418 10470
1744932744518 1.9744147062301636 10480
1744932757628 2.1983373165130615 10490
1744932771782 2.550139904022217 10500
1744932784804 2.0384652614593506 10510
1744932798183 2.9675233364105225 10520
1744932812189 2.185851573944092 10530
1744932825807 3.4751908779144287 10540
1744932839577 3.0643067359924316 10550
1744932852743 2.1726534366607666 10560
1744932866137 2.8102428913116455 10570
1744932879071 3.0006041526794434 10580
1744932892447 1.9389934539794922 10590
1744932906064 1.4966052770614624 10600
1744932919405 1.4971684217453003 10610
1744932933167 2.1704635620117188 10620
1744932946841 1.7370109558105469 10630
1744932960580 3.7951700687408447 10640
1744932973814 2.393665313720703 10650
1744932987798 2.4510233402252197 10660
1744933001430 2.2618789672851562 10670
1744933014864 2.542844533920288 10680
1744933028784 3.1777772903442383 10690
1744933042137 1.3669682741165161 10700
1744933055874 1.7044055461883545 10710
1744933069621 1.8525164127349854 10720
1744933083391 3.406071424484253 10730
1744933096929 2.484565258026123 10740
1744933110603 3.8051397800445557 10750
1744933124211 3.151456117630005 10760
1744933138024 2.114480972290039 10770
1744933151924 2.065544366836548 10780
1744933165566 1.6420097351074219 10790
1744933178689 3.438859701156616 10800
1744933231882 2.254613161087036 10810
1744933245475 3.4655144214630127 10820
1744933259293 1.9801446199417114 10830
1744933272994 2.8413712978363037 10840
1744933286346 3.150479793548584 10850
1744933300301 1.6409841775894165 10860
1744933314238 2.581818103790283 10870
1744933328088 2.946824550628662 10880
1744933341842 2.500586748123169 10890
1744933355611 5.177530288696289 10900
1744933369684 2.194887399673462 10910
1744933383215 1.6004725694656372 10920
1744933397533 4.756723880767822 10930
1744933411323 2.085721731185913 10940
1744933424704 3.2727749347686768 10950
1744933438307 3.0292441844940186 10960
1744933452307 2.945159673690796 10970
1744933465770 3.4783315658569336 10980
1744933479453 2.0911221504211426 10990
1744933493732 2.080557107925415 11000
1744933507746 3.016758918762207 11010
1744933521447 3.603623151779175 11020
1744933535448 2.011686325073242 11030
1744933548854 2.7064881324768066 11040
1744933562274 3.140984535217285 11050
1744933575937 2.8031394481658936 11060
1744933590015 2.7945334911346436 11070
1744933603557 2.1602160930633545 11080
1744933617681 2.240175485610962 11090
1744933631087 1.4758055210113525 11100
1744933644814 2.663486957550049 11110
1744933658663 2.5984482765197754 11120
1744933671902 2.416914939880371 11130
1744933685438 1.7629321813583374 11140
1744933698576 2.89078950881958 11150
1744933711865 1.0775405168533325 11160
1744933725039 1.499924659729004 11170
1744933738224 2.3757684230804443 11180
1744933751958 2.9882149696350098 11190
1744933765050 2.551302433013916 11200
1744933778538 1.5588524341583252 11210
1744933791584 1.0679892301559448 11220
1744933804856 3.225409507751465 11230
1744933854162 1.58384108543396 11240
1744933867440 1.0805014371871948 11250
1744933880594 2.5999767780303955 11260
1744933893664 1.599151611328125 11270
1744933906782 3.9145703315734863 11280
1744933920641 1.8293302059173584 11290
1744933933930 1.5783052444458008 11300
1744933947034 1.855422854423523 11310
1744933960228 2.685857057571411 11320
1744933973406 2.410601854324341 11330
1744933987056 2.035384178161621 11340
1744934000151 1.393414855003357 11350
1744934013071 3.894702911376953 11360
1744934026053 6.854430198669434 11370
1744934039300 3.853609561920166 11380
1744934052351 2.1508376598358154 11390
1744934065352 1.529539942741394 11400
1744934078622 2.5790927410125732 11410
1744934091476 1.8391528129577637 11420
1744934104964 4.015613079071045 11430
1744934118226 2.132291078567505 11440
1744934131586 3.5875000953674316 11450
1744934144389 1.7793548107147217 11460
1744934157343 1.1117336750030518 11470
1744934170832 2.6577837467193604 11480
1744934183558 1.4947141408920288 11490
1744934196441 2.382852792739868 11500
1744934209240 1.626883625984192 11510
1744934222352 2.639310359954834 11520
1744934235459 1.7690465450286865 11530
1744934248464 5.1673407554626465 11540
1744934262090 3.4108726978302 11550
1744934275305 1.7898105382919312 11560
1744934289093 2.398704767227173 11570
1744934302570 1.8991401195526123 11580
1744934315869 1.2481341361999512 11590
1744934329085 1.597775936126709 11600
1744934342578 2.705836772918701 11610
1744934355828 1.9726810455322266 11620
1744934369020 3.2453150749206543 11630
1744934382272 2.8487236499786377 11640
1744934395236 2.4255900382995605 11650
1744934408526 1.539850115776062 11660
1744934458850 3.958441734313965 11670
1744934472147 0.46091893315315247 11680
1744934485300 5.414226531982422 11690
1744934498453 3.195183753967285 11700
1744934511491 0.8239635229110718 11710
1744934524677 2.2924890518188477 11720
1744934538689 2.0173747539520264 11730
1744934551746 1.77595853805542 11740
1744934564986 1.6005860567092896 11750
1744934577889 3.3152077198028564 11760
1744934591508 3.3073372840881348 11770
1744934604567 3.046830177307129 11780
1744934617983 2.1895041465759277 11790
1744934631370 1.4858512878417969 11800
1744934644665 1.8036211729049683 11810
1744934658125 3.992189645767212 11820
1744934671191 2.615103244781494 11830
1744934684249 2.0502429008483887 11840
1744934697190 1.7832574844360352 11850
1744934710530 2.5077903270721436 11860
1744934723766 2.0748345851898193 11870
1744934737751 1.3396986722946167 11880
1744934750765 0.976534903049469 11890
1744934763667 1.5350545644760132 11900
1744934776569 1.3234703540802002 11910
1744934789764 3.839296579360962 11920
1744934803132 1.5189872980117798 11930
1744934816292 3.7759246826171875 11940
1744934829950 2.8181116580963135 11950
1744934842717 2.5713746547698975 11960
1744934855668 2.072855234146118 11970
1744934868918 1.4794867038726807 11980
1744934881943 0.9312888979911804 11990
1744934895370 2.208559274673462 12000
1744934908403 1.7772471904754639 12010
1744934921658 1.280483603477478 12020
1744934935087 2.010686159133911 12030
1744934948465 4.506569862365723 12040
1744934961424 1.6587486267089844 12050
1744934974522 1.4301769733428955 12060
1744934988314 2.1715543270111084 12070
1744935001374 2.8453989028930664 12080
1744935014858 2.7463479042053223 12090
1744935064618 2.1002140045166016 12100
1744935077580 2.3341763019561768 12110
1744935090410 3.7637946605682373 12120
1744935103450 1.3832567930221558 12130
1744935116607 3.0850446224212646 12140
1744935130079 2.549020767211914 12150
1744935143252 1.5148141384124756 12160
1744935156466 2.456864833831787 12170
1744935169783 2.000685691833496 12180
1744935182794 3.0676867961883545 12190
1744935195858 1.6418530941009521 12200
1744935208725 2.35395884513855 12210
1744935221821 3.3196187019348145 12220
1744935234688 1.5573285818099976 12230
1744935247813 2.7917232513427734 12240
1744935260652 1.7607299089431763 12250
1744935273513 3.562713146209717 12260
1744935286601 2.544525384902954 12270
1744935299641 2.5404441356658936 12280
1744935312796 1.7453618049621582 12290
1744935325846 3.2266182899475098 12300
1744935339086 1.5981388092041016 12310
1744935352052 2.0253348350524902 12320
1744935365418 1.8554656505584717 12330
1744935378239 2.8916749954223633 12340
1744935391028 2.339320421218872 12350
1744935404214 1.4425866603851318 12360
1744935417239 2.8209848403930664 12370
1744935430376 2.2975518703460693 12380
1744935443566 2.378124475479126 12390
1744935456581 3.196385622024536 12400
1744935469647 2.685445785522461 12410
1744935482542 2.4545416831970215 12420
1744935495950 1.8507250547409058 12430
1744935508966 2.0355758666992188 12440
1744935522270 1.691321611404419 12450
1744935535315 2.0665340423583984 12460
1744935548533 0.6649208664894104 12470
1744935561471 1.986744999885559 12480
1744935574656 3.2183265686035156 12490
1744935587543 2.2005491256713867 12500
1744935600503 3.8120899200439453 12510
1744935614045 4.959359645843506 12520
1744935663980 1.8097853660583496 12530
1744935677194 3.242737293243408 12540
1744935690540 2.800215482711792 12550
1744935703585 1.288621425628662 12560
1744935716669 1.985347032546997 12570
1744935729783 2.616337537765503 12580
1744935742728 2.1597986221313477 12590
1744935756126 2.3151772022247314 12600
1744935769300 3.0767762660980225 12610
1744935782377 2.8883209228515625 12620
1744935795720 2.151963710784912 12630
1744935809369 2.5344808101654053 12640
1744935822782 5.047852516174316 12650
1744935836167 4.238494396209717 12660
1744935849305 4.603214740753174 12670
1744935862173 2.214613914489746 12680
1744935875283 1.8409830331802368 12690
1744935887949 1.462471842765808 12700
1744935901524 1.9572314023971558 12710
1744935914509 2.991597890853882 12720
1744935927542 1.6690754890441895 12730
1744935940842 2.7689523696899414 12740
1744935953835 3.172241449356079 12750
1744935966978 2.9518420696258545 12760
1744935980126 1.7502540349960327 12770
1744935993170 2.980717658996582 12780
1744936006301 2.4230241775512695 12790
1744936019291 1.784978985786438 12800
1744936032659 1.7232027053833008 12810
1744936045500 2.439849615097046 12820
1744936058735 2.591050624847412 12830
1744936071864 1.1252548694610596 12840
1744936085192 2.253863573074341 12850
1744936098300 4.039609909057617 12860
1744936111322 2.484611749649048 12870
1744936124349 2.26422119140625 12880
1744936137145 2.53598952293396 12890
1744936150320 2.735206127166748 12900
1744936163498 2.1234054565429688 12910
1744936176560 2.3533711433410645 12920
1744936189469 2.5835559368133545 12930
1744936202594 2.5757687091827393 12940
1744936216061 4.002450466156006 12950
1744936228561 3.0291779041290283 12960
