1744918107932 6.944444444444445e-07 10
1744918121527 1.4660493827160495e-06 20
1744918134831 2.2376543209876545e-06 30
1744918147684 3.0092592592592593e-06 40
1744918160944 3.7808641975308645e-06 50
1744918174307 4.552469135802469e-06 60
1744918187879 5.324074074074074e-06 70
1744918201134 6.09567901234568e-06 80
1744918214893 6.8672839506172845e-06 90
1744918227735 7.63888888888889e-06 100
1744918241039 8.410493827160495e-06 110
1744918254408 9.1820987654321e-06 120
1744918267609 9.953703703703704e-06 130
1744918281255 1.072530864197531e-05 140
1744918294324 1.1496913580246914e-05 150
1744918308065 1.2268518518518519e-05 160
1744918320846 1.3040123456790124e-05 170
1744918334127 1.381172839506173e-05 180
1744918347499 1.4583333333333335e-05 190
1744918360727 1.5354938271604938e-05 200
1744918374011 1.6126543209876543e-05 210
1744918387337 1.6898148148148148e-05 220
1744918400456 1.7669753086419756e-05 230
1744918413809 1.8441358024691357e-05 240
1744918426979 1.9212962962962962e-05 250
1744918439969 1.998456790123457e-05 260
1744918453236 2.0756172839506175e-05 270
1744918466136 2.152777777777778e-05 280
1744918479370 2.2299382716049384e-05 290
1744918492821 2.307098765432099e-05 300
1744918506248 2.3842592592592594e-05 310
1744918519923 2.46141975308642e-05 320
1744918533035 2.5385802469135807e-05 330
1744918546643 2.615740740740741e-05 340
1744918559657 2.692901234567901e-05 350
1744918573593 2.7700617283950618e-05 360
1744918586467 2.8472222222222223e-05 370
1744918599562 2.924382716049383e-05 380
1744918612942 3.0015432098765432e-05 390
1744918626225 3.0787037037037034e-05 400
1744918640038 3.1558641975308645e-05 410
1744918652958 3.233024691358025e-05 420
1744918666653 3.3101851851851855e-05 430
1744918717436 3.387345679012346e-05 440
1744918730592 3.4645061728395064e-05 450
1744918743506 3.541666666666667e-05 460
1744918756683 3.6188271604938274e-05 470
1744918769541 3.695987654320988e-05 480
1744918783297 3.7731481481481484e-05 490
1744918796382 3.850308641975309e-05 500
1744918809446 3.927469135802469e-05 510
1744918822960 4.00462962962963e-05 520
1744918835682 4.08179012345679e-05 530
1744918849097 4.158950617283951e-05 540
1744918862233 4.236111111111111e-05 550
1744918875473 4.313271604938272e-05 560
1744918888977 4.390432098765432e-05 570
1744918902539 4.467592592592593e-05 580
1744918915724 4.544753086419754e-05 590
1744918928858 4.6219135802469136e-05 600
1744918941894 4.699074074074074e-05 610
1744918954889 4.7762345679012346e-05 620
1744918968430 4.853395061728395e-05 630
1744918981960 4.930555555555556e-05 640
1744918995175 5.007716049382716e-05 650
1744919007947 5.0848765432098765e-05 660
1744919021722 5.1620370370370377e-05 670
1744919034672 5.239197530864198e-05 680
1744919048586 5.316358024691358e-05 690
1744919062133 5.393518518518519e-05 700
1744919075660 5.4706790123456796e-05 710
1744919089013 5.5478395061728394e-05 720
1744919101747 5.6250000000000005e-05 730
1744919115412 5.702160493827161e-05 740
1744919128074 5.779320987654321e-05 750
1744919141146 5.856481481481482e-05 760
1744919154185 5.9336419753086424e-05 770
1744919167291 6.010802469135802e-05 780
1744919181298 6.0879629629629634e-05 790
1744919194316 6.165123456790125e-05 800
1744919207316 6.242283950617285e-05 810
1744919220199 6.319444444444444e-05 820
1744919233444 6.396604938271606e-05 830
1744919246825 6.473765432098766e-05 840
1744919259838 6.550925925925926e-05 850
1744919272570 6.628086419753087e-05 860
1744919322552 6.705246913580248e-05 870
1744919335248 6.782407407407407e-05 880
1744919348958 6.859567901234568e-05 890
1744919362088 6.93672839506173e-05 900
1744919375089 7.013888888888888e-05 910
1744919388146 7.091049382716049e-05 920
1744919400946 7.168209876543211e-05 930
1744919413841 7.245370370370371e-05 940
1744919426812 7.32253086419753e-05 950
1744919439954 7.399691358024692e-05 960
1744919453162 7.476851851851853e-05 970
1744919466249 7.554012345679012e-05 980
1744919479334 7.631172839506174e-05 990
1744919492933 7.708333333333334e-05 1000
1744919506163 7.785493827160493e-05 1010
1744919519205 7.862654320987655e-05 1020
1744919532091 7.939814814814816e-05 1030
1744919545289 8.016975308641975e-05 1040
1744919558283 8.094135802469137e-05 1050
1744919571408 8.171296296296297e-05 1060
1744919584944 8.248456790123457e-05 1070
1744919597727 8.325617283950618e-05 1080
1744919610874 8.402777777777778e-05 1090
1744919623705 8.479938271604939e-05 1100
1744919636751 8.5570987654321e-05 1110
1744919650424 8.63425925925926e-05 1120
1744919663409 8.71141975308642e-05 1130
1744919677084 8.788580246913581e-05 1140
1744919689859 8.865740740740741e-05 1150
1744919702886 8.942901234567902e-05 1160
1744919715817 9.020061728395062e-05 1170
1744919729138 9.097222222222223e-05 1180
1744919742173 9.174382716049383e-05 1190
1744919755228 9.251543209876544e-05 1200
1744919768442 9.328703703703704e-05 1210
1744919781687 9.405864197530865e-05 1220
1744919794687 9.483024691358025e-05 1230
1744919807344 9.560185185185186e-05 1240
1744919820576 9.637345679012346e-05 1250
1744919833355 9.714506172839507e-05 1260
1744919846343 9.791666666666667e-05 1270
1744919859374 9.868827160493828e-05 1280
1744919872361 9.945987654320988e-05 1290
1744919922642 9.99999836774797e-05 1300
1744919935549 9.999969349963714e-05 1310
1744919948633 9.999904060154386e-05 1320
1744919961391 9.999802498793624e-05 1330
1744919974411 9.999664666618205e-05 1340
1744919987110 9.999490564628022e-05 1350
1744920000284 9.999280194086089e-05 1360
1744920013160 9.99903355651853e-05 1370
1744920026271 9.998750653714562e-05 1380
1744920039005 9.998431487726491e-05 1390
1744920051793 9.998076060869693e-05 1400
1744920064721 9.997684375722592e-05 1410
1744920077953 9.997256435126645e-05 1420
1744920091382 9.99679224218633e-05 1430
1744920104321 9.996291800269109e-05 1440
1744920117467 9.995755113005414e-05 1450
1744920130294 9.995182184288614e-05 1460
1744920143360 9.994573018274991e-05 1470
1744920156357 9.993927619383712e-05 1480
1744920169530 9.993245992296789e-05 1490
1744920182647 9.99252814195905e-05 1500
1744920195706 9.991774073578106e-05 1510
1744920209435 9.990983792624306e-05 1520
1744920222842 9.990157304830707e-05 1530
1744920235906 9.989294616193017e-05 1540
1744920248846 9.988395732969573e-05 1550
1744920261713 9.987460661681276e-05 1560
1744920274909 9.986489409111551e-05 1570
1744920288414 9.985481982306304e-05 1580
1744920301813 9.984438388573859e-05 1590
1744920314500 9.983358635484916e-05 1600
1744920327803 9.982242730872488e-05 1610
1744920340646 9.981090682831851e-05 1620
1744920353898 9.979902499720477e-05 1630
1744920366802 9.978678190157982e-05 1640
1744920379954 9.977417763026055e-05 1650
1744920392771 9.976121227468405e-05 1660
1744920406000 9.97478859289068e-05 1670
1744920419125 9.973419868960412e-05 1680
1744920432033 9.97201506560694e-05 1690
1744920445255 9.970574193021339e-05 1700
1744920458218 9.969097261656344e-05 1710
1744920471358 9.967584282226281e-05 1720
1744920520714 9.966035265706984e-05 1730
1744920533951 9.964450223335713e-05 1740
1744920547022 9.962829166611077e-05 1750
1744920560226 9.961172107292953e-05 1760
1744920573421 9.959479057402392e-05 1770
1744920586427 9.957750029221542e-05 1780
1744920599743 9.955985035293546e-05 1790
1744920613027 9.954184088422465e-05 1800
1744920626510 9.95234720167318e-05 1810
1744920639522 9.950474388371289e-05 1820
1744920652767 9.948565662103023e-05 1830
1744920665691 9.946621036715142e-05 1840
1744920678736 9.94464052631483e-05 1850
1744920691888 9.9426241452696e-05 1860
1744920704876 9.94057190820719e-05 1870
1744920717959 9.938483830015445e-05 1880
1744920730608 9.936359925842225e-05 1890
1744920743639 9.934200211095288e-05 1900
1744920756578 9.932004701442171e-05 1910
1744920769441 9.92977341281009e-05 1920
1744920782582 9.927506361385817e-05 1930
1744920795394 9.925203563615561e-05 1940
1744920808247 9.922865036204851e-05 1950
1744920821024 9.920490796118418e-05 1960
1744920833985 9.918080860580064e-05 1970
1744920847210 9.915635247072547e-05 1980
1744920860046 9.913153973337446e-05 1990
1744920873091 9.910637057375035e-05 2000
1744920886321 9.908084517444155e-05 2010
1744920899281 9.905496372062078e-05 2020
1744920912351 9.902872640004373e-05 2030
1744920925935 9.900213340304772e-05 2040
1744920938856 9.897518492255032e-05 2050
1744920952008 9.894788115404788e-05 2060
1744920964785 9.892022229561426e-05 2070
1744920977785 9.88922085478992e-05 2080
1744920991019 9.886384011412706e-05 2090
1744921003807 9.88351172000952e-05 2100
1744921017308 9.880604001417253e-05 2110
1744921030094 9.877660876729804e-05 2120
1744921042999 9.874682367297922e-05 2130
1744921055809 9.871668494729054e-05 2140
1744921069068 9.868619280887185e-05 2150
1744921081546 9.865534747892684e-05 2160
1744921131977 9.862414918122141e-05 2170
1744921145052 9.859259814208199e-05 2180
1744921158454 9.856069459039404e-05 2190
1744921171122 9.852843875760025e-05 2200
1744921183860 9.849583087769893e-05 2210
1744921196976 9.846287118724231e-05 2220
1744921210100 9.842955992533478e-05 2230
1744921223206 9.839589733363121e-05 2240
1744921236047 9.836188365633519e-05 2250
1744921249042 9.83275191401972e-05 2260
1744921262261 9.829280403451289e-05 2270
1744921275346 9.825773859112126e-05 2280
1744921288455 9.822232306440278e-05 2290
1744921301342 9.818655771127759e-05 2300
1744921314467 9.815044279120367e-05 2310
1744921327576 9.811397856617486e-05 2320
1744921340761 9.807716530071904e-05 2330
1744921353764 9.80400032618962e-05 2340
1744921367102 9.800249271929645e-05 2350
1744921380210 9.796463394503812e-05 2360
1744921393249 9.792642721376581e-05 2370
1744921406520 9.788787280264832e-05 2380
1744921419724 9.784897099137665e-05 2390
1744921433205 9.780972206216204e-05 2400
1744921446155 9.777012629973385e-05 2410
1744921459055 9.773018399133756e-05 2420
1744921472290 9.768989542673262e-05 2430
1744921485353 9.764926089819038e-05 2440
1744921498598 9.760828070049199e-05 2450
1744921512005 9.756695513092621e-05 2460
1744921525483 9.752528448928731e-05 2470
1744921538181 9.748326907787282e-05 2480
1744921551445 9.744090920148147e-05 2490
1744921564569 9.73982051674108e-05 2500
1744921578019 9.73551572854551e-05 2510
1744921591112 9.731176586790305e-05 2520
1744921604251 9.726803122953547e-05 2530
1744921617439 9.722395368762311e-05 2540
1744921630250 9.717953356192427e-05 2550
1744921643314 9.71347711746825e-05 2560
1744921656573 9.708966685062429e-05 2570
1744921670100 9.704422091695666e-05 2580
1744921683223 9.699843370336483e-05 2590
1744921732811 9.695230554200988e-05 2600
1744921745775 9.690583676752618e-05 2610
1744921758793 9.685902771701913e-05 2620
1744921772016 9.681187873006261e-05 2630
1744921785088 9.676439014869656e-05 2640
1744921798155 9.67165623174245e-05 2650
1744921811055 9.666839558321103e-05 2660
1744921824408 9.661989029547928e-05 2670
1744921837323 9.65710468061084e-05 2680
1744921850747 9.652186546943103e-05 2690
1744921863879 9.647234664223069e-05 2700
1744921876857 9.642249068373921e-05 2710
1744921890020 9.637229795563412e-05 2720
1744921903106 9.632176882203602e-05 2730
1744921916408 9.627090364950597e-05 2740
1744921929623 9.62197028070428e-05 2750
1744921942640 9.616816666608042e-05 2760
1744921955710 9.611629560048517e-05 2770
1744921968573 9.606408998655307e-05 2780
1744921981848 9.601155020300712e-05 2790
1744921994975 9.595867663099453e-05 2800
1744922008184 9.590546965408393e-05 2810
1744922020943 9.585192965826266e-05 2820
1744922034344 9.579805703193392e-05 2830
1744922047142 9.574385216591397e-05 2840
1744922060136 9.568931545342925e-05 2850
1744922073121 9.563444729011357e-05 2860
1744922085987 9.55792480740053e-05 2870
1744922099067 9.552371820554431e-05 2880
1744922111797 9.546785808756926e-05 2890
1744922125121 9.541166812531455e-05 2900
1744922138170 9.535514872640741e-05 2910
1744922151236 9.529830030086498e-05 2920
1744922164051 9.524112326109128e-05 2930
1744922176784 9.518361802187426e-05 2940
1744922189761 9.512578500038278e-05 2950
1744922202911 9.506762461616356e-05 2960
1744922216270 9.500913729113817e-05 2970
1744922229059 9.495032344959998e-05 2980
1744922241959 9.489118351821099e-05 2990
1744922255353 9.483171792599887e-05 3000
1744922268124 9.477192710435377e-05 3010
1744922281249 9.471181148702515e-05 3020
1744922330784 9.465137151011874e-05 3030
1744922343732 9.45906076120933e-05 3040
1744922357092 9.452952023375747e-05 3050
1744922370134 9.446810981826652e-05 3060
1744922382746 9.440637681111922e-05 3070
1744922395876 9.434432166015456e-05 3080
1744922408668 9.428194481554848e-05 3090
1744922421629 9.421924672981067e-05 3100
1744922434498 9.415622785778122e-05 3110
1744922447726 9.409288865662735e-05 3120
1744922460571 9.402922958584009e-05 3130
1744922473492 9.396525110723095e-05 3140
1744922486623 9.390095368492859e-05 3150
1744922499945 9.38363377853754e-05 3160
1744922512984 9.377140387732414e-05 3170
1744922525975 9.370615243183461e-05 3180
1744922539276 9.364058392227009e-05 3190
1744922552189 9.357469882429405e-05 3200
1744922565445 9.350849761586658e-05 3210
1744922578253 9.344198077724099e-05 3220
1744922591356 9.337514879096037e-05 3230
1744922604464 9.330800214185394e-05 3240
1744922617346 9.324054131703371e-05 3250
1744922630586 9.31727668058908e-05 3260
1744922643732 9.310467910009202e-05 3270
1744922656892 9.303627869357615e-05 3280
1744922669770 9.296756608255048e-05 3290
1744922682588 9.28985417654872e-05 3300
1744922696116 9.282920624311973e-05 3310
1744922709112 9.27595600184391e-05 3320
1744922722288 9.268960359669035e-05 3330
1744922735036 9.261933748536878e-05 3340
1744922748126 9.254876219421636e-05 3350
1744922761336 9.247787823521799e-05 3360
1744922774473 9.240668612259774e-05 3370
1744922787343 9.233518637281521e-05 3380
1744922800778 9.226337950456172e-05 3390
1744922813692 9.219126603875659e-05 3400
1744922826635 9.211884649854327e-05 3410
1744922840135 9.204612140928568e-05 3420
1744922853301 9.197309129856433e-05 3430
1744922866392 9.189975669617242e-05 3440
1744922879410 9.182611813411216e-05 3450
1744922929378 9.175217614659076e-05 3460
1744922942374 9.167793127001664e-05 3470
1744922955442 9.16033840429955e-05 3480
1744922968116 9.152853500632643e-05 3490
1744922981365 9.145338470299801e-05 3500
1744922994467 9.137793367818428e-05 3510
1744923007872 9.130218247924092e-05 3520
1744923021141 9.122613165570115e-05 3530
1744923034142 9.114978175927185e-05 3540
1744923047500 9.10731333438295e-05 3550
1744923060377 9.099618696541612e-05 3560
1744923073704 9.091894318223533e-05 3570
1744923086732 9.084140255464829e-05 3580
1744923099553 9.076356564516952e-05 3590
1744923112500 9.068543301846297e-05 3600
1744923125462 9.060700524133785e-05 3610
1744923138644 9.052828288274446e-05 3620
1744923151537 9.044926651377024e-05 3630
1744923164706 9.03699567076354e-05 3640
1744923177829 9.02903540396889e-05 3650
1744923190824 9.021045908740435e-05 3660
1744923203962 9.013027243037557e-05 3670
1744923216923 9.004979465031267e-05 3680
1744923230133 8.99690263310376e-05 3690
1744923242964 8.988796805848007e-05 3700
1744923256239 8.980662042067322e-05 3710
1744923269342 8.972498400774938e-05 3720
1744923282568 8.964305941193577e-05 3730
1744923295571 8.956084722755029e-05 3740
1744923308626 8.9478348050997e-05 3750
1744923321606 8.939556248076203e-05 3760
1744923334695 8.931249111740915e-05 3770
1744923347758 8.922913456357534e-05 3780
1744923360591 8.914549342396652e-05 3790
1744923373641 8.906156830535311e-05 3800
1744923386721 8.897735981656565e-05 3810
1744923399876 8.889286856849035e-05 3820
1744923412598 8.880809517406472e-05 3830
1744923425161 8.872304024827305e-05 3840
1744923438305 8.863770440814203e-05 3850
1744923451038 8.855208827273618e-05 3860
1744923464474 8.846619246315342e-05 3870
1744923477343 8.838001760252059e-05 3880
1744923526477 8.829356431598884e-05 3890
1744923539090 8.820683323072918e-05 3900
1744923551961 8.81198249759279e-05 3910
1744923564727 8.803254018278196e-05 3920
1744923577650 8.794497948449449e-05 3930
1744923590379 8.785714351627017e-05 3940
1744923603275 8.776903291531057e-05 3950
1744923616174 8.768064832080962e-05 3960
1744923629585 8.759199037394887e-05 3970
1744923642322 8.750305971789295e-05 3980
1744923655464 8.741385699778479e-05 3990
1744923668481 8.7324382860741e-05 4000
1744923681397 8.72346379558472e-05 4010
1744923694815 8.714462293415331e-05 4020
1744923707665 8.70543384486687e-05 4030
1744923721075 8.696378515435765e-05 4040
1744923734203 8.687296370813443e-05 4050
1744923747308 8.678187476885864e-05 4060
1744923760888 8.669051899733041e-05 4070
1744923773970 8.659889705628555e-05 4080
1744923787218 8.65070096103908e-05 4090
1744923800269 8.6414857326239e-05 4100
1744923813666 8.632244087234425e-05 4110
1744923826654 8.622976091913702e-05 4120
1744923839561 8.613681813895937e-05 4130
1744923852784 8.604361320606003e-05 4140
1744923865839 8.595014679658941e-05 4150
1744923878935 8.585641958859492e-05 4160
1744923892062 8.576243226201581e-05 4170
1744923905130 8.566818549867844e-05 4180
1744923918063 8.557367998229114e-05 4190
1744923931303 8.547891639843943e-05 4200
1744923944063 8.538389543458095e-05 4210
1744923957144 8.528861778004048e-05 4220
1744923970061 8.519308412600495e-05 4230
1744923982894 8.509729516551841e-05 4240
1744923996405 8.500125159347706e-05 4250
1744924009143 8.490495410662412e-05 4260
1744924022431 8.480840340354487e-05 4270
1744924035874 8.471160018466147e-05 4280
1744924049272 8.461454515222803e-05 4290
1744924062418 8.451723901032533e-05 4300
1744924075338 8.441968246485591e-05 4310
1744924087867 8.432187622353876e-05 4320
1744924138614 8.422382099590434e-05 4330
1744924151530 8.412551749328933e-05 4340
1744924164872 8.402696642883155e-05 4350
1744924178031 8.392816851746467e-05 4360
1744924191420 8.382912447591322e-05 4370
1744924204801 8.372983502268712e-05 4380
1744924217517 8.363030087807675e-05 4390
1744924230892 8.35305227641475e-05 4400
1744924244056 8.343050140473467e-05 4410
1744924257185 8.333023752543816e-05 4420
1744924270177 8.32297318536172e-05 4430
1744924283287 8.312898511838514e-05 4440
1744924296418 8.302799805060407e-05 4450
1744924309289 8.292677138287957e-05 4460
1744924323124 8.282530584955537e-05 4470
1744924336307 8.272360218670806e-05 4480
1744924349620 8.262166113214176e-05 4490
1744924362831 8.251948342538267e-05 4500
1744924375959 8.241706980767381e-05 4510
1744924388930 8.23144210219696e-05 4520
1744924402034 8.221153781293045e-05 4530
1744924415659 8.210842092691743e-05 4540
1744924428698 8.200507111198677e-05 4550
1744924441711 8.190148911788446e-05 4560
1744924454743 8.179767569604088e-05 4570
1744924467889 8.169363159956524e-05 4580
1744924480880 8.158935758324018e-05 4590
1744924494118 8.148485440351629e-05 4600
1744924507403 8.138012281850658e-05 4610
1744924521102 8.127516358798109e-05 4620
1744924534396 8.116997747336121e-05 4630
1744924547811 8.106456523771434e-05 4640
1744924561258 8.095892764574817e-05 4650
1744924574442 8.085306546380532e-05 4660
1744924587800 8.074697945985762e-05 4670
1744924600566 8.064067040350063e-05 4680
1744924613554 8.0534139065948e-05 4690
1744924626813 8.0427386220026e-05 4700
1744924639837 8.032041264016768e-05 4710
1744924653228 8.021321910240755e-05 4720
1744924666664 8.010580638437566e-05 4730
1744924679888 7.999817526529216e-05 4740
1744924692959 7.989032652596158e-05 4750
1744924742449 7.978226094876715e-05 4760
1744924755736 7.967397931766511e-05 4770
1744924769430 7.956548241817912e-05 4780
1744924782198 7.945677103739443e-05 4790
1744924795769 7.93478459639523e-05 4800
1744924808493 7.923870798804413e-05 4810
1744924821266 7.912935790140587e-05 4820
1744924834325 7.90197964973122e-05 4830
1744924847050 7.891002457057077e-05 4840
1744924860071 7.880004291751651e-05 4850
1744924873142 7.868985233600576e-05 4860
1744924886582 7.857945362541053e-05 4870
1744924899586 7.846884758661267e-05 4880
1744924912535 7.83580350219981e-05 4890
1744924925227 7.824701673545098e-05 4900
1744924938495 7.813579353234789e-05 4910
1744924952009 7.802436621955189e-05 4920
1744924965209 7.791273560540684e-05 4930
1744924978284 7.780090249973134e-05 4940
1744924991173 7.768886771381305e-05 4950
1744925004598 7.757663206040264e-05 4960
1744925017724 7.746419635370798e-05 4970
1744925030546 7.735156140938827e-05 4980
1744925043691 7.723872804454797e-05 4990
1744925056690 7.712569707773105e-05 5000
1744925069799 7.701246932891497e-05 5010
1744925082758 7.689904561950467e-05 5020
1744925096186 7.678542677232674e-05 5030
1744925109152 7.667161361162338e-05 5040
1744925122363 7.655760696304641e-05 5050
1744925135537 7.644340765365129e-05 5060
1744925148791 7.632901651189115e-05 5070
1744925161902 7.621443436761074e-05 5080
1744925174818 7.609966205204045e-05 5090
1744925188054 7.598470039779024e-05 5100
1744925200941 7.586955023884364e-05 5110
1744925214219 7.575421241055162e-05 5120
1744925226937 7.563868774962667e-05 5130
1744925239766 7.552297709413658e-05 5140
1744925252845 7.540708128349849e-05 5150
1744925265760 7.529100115847265e-05 5160
1744925279378 7.517473756115651e-05 5170
1744925292583 7.505829133497845e-05 5180
1744925342248 7.494166332469172e-05 5190
1744925355444 7.482485437636835e-05 5200
1744925368284 7.470786533739296e-05 5210
1744925381326 7.459069705645658e-05 5220
1744925394736 7.447335038355063e-05 5230
1744925407928 7.435582616996063e-05 5240
1744925421386 7.423812526825999e-05 5250
1744925434306 7.4120248532304e-05 5260
1744925447960 7.400219681722349e-05 5270
1744925460890 7.388397097941865e-05 5280
1744925474057 7.376557187655284e-05 5290
1744925487320 7.364700036754639e-05 5300
1744925500296 7.352825731257032e-05 5310
1744925513592 7.34093435730401e-05 5320
1744925526798 7.329026001160948e-05 5330
1744925539856 7.317100749216412e-05 5340
1744925552647 7.305158687981539e-05 5350
1744925565622 7.293199904089413e-05 5360
1744925578647 7.281224484294424e-05 5370
1744925591846 7.26923251547165e-05 5380
1744925604587 7.257224084616224e-05 5390
1744925617527 7.245199278842702e-05 5400
1744925630510 7.233158185384426e-05 5410
1744925643597 7.221100891592907e-05 5420
1744925656719 7.209027484937168e-05 5430
1744925669538 7.196938053003129e-05 5440
1744925682792 7.184832683492965e-05 5450
1744925695654 7.172711464224467e-05 5460
1744925708696 7.160574483130407e-05 5470
1744925721921 7.148421828257902e-05 5480
1744925735105 7.136253587767772e-05 5490
1744925748035 7.124069849933903e-05 5500
1744925761404 7.111870703142606e-05 5510
1744925774355 7.099656235891976e-05 5520
1744925787364 7.087426536791249e-05 5530
1744925800702 7.075181694560155e-05 5540
1744925813286 7.062921798028289e-05 5550
1744925825989 7.050646936134449e-05 5560
1744925839375 7.038357197925998e-05 5570
1744925852430 7.026052672558225e-05 5580
1744925865864 7.013733449293687e-05 5590
1744925878930 7.001399617501564e-05 5600
1744925891835 6.989051266657019e-05 5610
1744925941885 6.976688486340536e-05 5620
1744925955452 6.964311366237283e-05 5630
1744925968846 6.951919996136453e-05 5640
1744925981845 6.939514465930614e-05 5650
1744925995105 6.927094865615053e-05 5660
1744926008307 6.914661285287143e-05 5670
1744926021337 6.902213815145655e-05 5680
1744926034348 6.889752545490138e-05 5690
1744926047811 6.877277566720241e-05 5700
1744926060686 6.86478896933507e-05 5710
1744926073868 6.852286843932518e-05 5720
1744926086968 6.839771281208628e-05 5730
1744926100022 6.827242371956914e-05 5740
1744926112974 6.814700207067719e-05 5750
1744926125742 6.802144877527541e-05 5760
1744926139114 6.789576474418386e-05 5770
1744926152043 6.776995088917097e-05 5780
1744926165152 6.764400812294702e-05 5790
1744926178131 6.751793735915744e-05 5800
1744926191376 6.739173951237623e-05 5810
1744926204163 6.726541549809925e-05 5820
1744926217536 6.713896623273773e-05 5830
1744926230859 6.701239263361146e-05 5840
1744926244292 6.688569561894222e-05 5850
1744926257413 6.675887610784708e-05 5860
1744926271119 6.663193502033182e-05 5870
1744926284230 6.650487327728412e-05 5880
1744926297070 6.637769180046697e-05 5890
1744926310573 6.6250391512512e-05 5900
1744926323712 6.612297333691268e-05 5910
1744926336883 6.599543819801777e-05 5920
1744926350632 6.586778702102445e-05 5930
1744926363595 6.574002073197177e-05 5940
1744926376770 6.56121402577338e-05 5950
1744926389852 6.548414652601297e-05 5960
1744926402946 6.535604046533338e-05 5970
1744926415541 6.522782300503393e-05 5980
1744926428328 6.509949507526175e-05 5990
1744926441438 6.49710576069653e-05 6000
1744926454771 6.48425115318877e-05 6010
1744926468034 6.471385778255999e-05 6020
1744926481229 6.458509729229426e-05 6030
1744926494590 6.4456230995177e-05 6040
1744926544320 6.432725982606225e-05 6050
1744926557612 6.419818472056485e-05 6060
1744926570544 6.40690066150536e-05 6070
1744926583720 6.393972644664458e-05 6080
1744926596941 6.381034515319422e-05 6090
1744926610365 6.368086367329258e-05 6100
1744926623486 6.35512829462565e-05 6110
1744926636952 6.342160391212288e-05 6120
1744926650292 6.329182751164165e-05 6130
1744926663393 6.316195468626918e-05 6140
1744926676765 6.303198637816132e-05 6150
1744926689858 6.290192353016662e-05 6160
1744926702950 6.277176708581938e-05 6170
1744926716297 6.264151798933303e-05 6180
1744926729306 6.251117718559298e-05 6190
1744926742067 6.238074562015008e-05 6200
1744926754937 6.225022423921347e-05 6210
1744926768096 6.211961398964396e-05 6220
1744926780943 6.198891581894698e-05 6230
1744926794091 6.185813067526582e-05 6240
1744926807217 6.17272595073747e-05 6250
1744926820521 6.159630326467189e-05 6260
1744926833403 6.146526289717283e-05 6270
1744926846345 6.133413935550328e-05 6280
1744926859234 6.120293359089231e-05 6290
1744926872222 6.107164655516552e-05 6300
1744926885312 6.094027920073811e-05 6310
1744926898712 6.080883248060787e-05 6320
1744926912819 6.0677307348348414e-05 6330
1744926926051 6.0545704758102175e-05 6340
1744926939213 6.041402566457348e-05 6350
1744926952769 6.028227102302168e-05 6360
1744926965568 6.015044178925415e-05 6370
1744926978429 6.001853891961944e-05 6380
1744926991215 5.9886563371000196e-05 6390
1744927004457 5.9754516100806423e-05 6400
1744927017910 5.9622398066968344e-05 6410
1744927031329 5.9490210227929555e-05 6420
1744927044491 5.93579535426401e-05 6430
1744927057842 5.922562897054937e-05 6440
1744927071151 5.9093237471599315e-05 6450
1744927084289 5.896078000621736e-05 6460
1744927097761 5.882825753530954e-05 6470
1744927110262 5.869567102025335e-05 6480
1744927160567 5.856302142289105e-05 6490
1744927173722 5.843030970552238e-05 6500
1744927186679 5.829753683089782e-05 6510
1744927199693 5.816470376221147e-05 6520
1744927212844 5.8031811463094135e-05 6530
1744927226106 5.7898860897606255e-05 6540
1744927239640 5.776585303023101e-05 6550
1744927252862 5.7632788825867256e-05 6560
1744927265999 5.749966924982255e-05 6570
1744927279461 5.736649526780611e-05 6580
1744927292295 5.723326784592188e-05 6590
1744927305809 5.7099987950661435e-05 6600
1744927318454 5.696665654889708e-05 6610
1744927331463 5.683327460787471e-05 6620
1744927344357 5.669984309520688e-05 6630
1744927357301 5.656636297886575e-05 6640
1744927370503 5.6432835227176115e-05 6650
1744927383554 5.629926080880828e-05 6660
1744927396523 5.61656406927711e-05 6670
1744927409214 5.603197584840499e-05 6680
1744927421994 5.58982672453748e-05 6690
1744927434820 5.576451585366282e-05 6700
1744927447870 5.5630722643561785e-05 6710
1744927460782 5.549688858566777e-05 6720
1744927473855 5.536301465087319e-05 6730
1744927487285 5.5229101810359726e-05 6740
1744927500203 5.5095151035591355e-05 6750
1744927513664 5.496116329830716e-05 6760
1744927526393 5.482713957051444e-05 6770
1744927539670 5.469308082448155e-05 6780
1744927552796 5.4558988032730896e-05 6790
1744927565871 5.442486216803185e-05 6800
1744927579052 5.429070420339373e-05 6810
1744927591909 5.415651511205873e-05 6820
1744927605183 5.402229586749479e-05 6830
1744927618194 5.388804744338869e-05 6840
1744927631504 5.3753770813638814e-05 6850
1744927644804 5.361946695234818e-05 6860
1744927658073 5.3485136833817396e-05 6870
1744927670855 5.335078143253751e-05 6880
1744927684129 5.321640172318297e-05 6890
1744927697561 5.308199868060462e-05 6900
1744927710476 5.2947573279822525e-05 6910
1744927760228 5.281312649601897e-05 6920
1744927773209 5.267865930453135e-05 6930
1744927786309 5.254417268084514e-05 6940
1744927799114 5.240966760058672e-05 6950
1744927812032 5.227514503951642e-05 6960
1744927824905 5.2140605973521354e-05 6970
1744927838369 5.20060513786084e-05 6980
1744927851298 5.187148223089704e-05 6990
1744927864533 5.173689950661239e-05 7000
1744927877446 5.1602304182077996e-05 7010
1744927890566 5.1467697233708866e-05 7020
1744927903365 5.133307963800429e-05 7030
1744927916284 5.119845237154084e-05 7040
1744927929412 5.106381641096516e-05 7050
1744927942366 5.092917273298711e-05 7060
1744927955600 5.0794522314372385e-05 7070
1744927968593 5.065986613193566e-05 7080
1744927981647 5.052520516253342e-05 7090
1744927994642 5.0390540383056875e-05 7100
1744928007903 5.0255872770424825e-05 7110
1744928021049 5.01212033015767e-05 7120
1744928033900 4.9986532953465355e-05 7130
1744928046931 4.985186270305e-05 7140
1744928059737 4.971719352728918e-05 7150
1744928072571 4.958252640313364e-05 7160
1744928085664 4.9447862307519236e-05 7170
1744928098890 4.931320221735981e-05 7180
1744928112143 4.917854710954021e-05 7190
1744928124874 4.904389796090911e-05 7200
1744928138003 4.890925574827195e-05 7210
1744928150836 4.8774621448383866e-05 7220
1744928163908 4.863999603794258e-05 7230
1744928176820 4.850538049358135e-05 7240
1744928189889 4.8370775791861815e-05 7250
1744928203022 4.8236182909266994e-05 7260
1744928216312 4.8101602822194166e-05 7270
1744928229099 4.796703650694777e-05 7280
1744928242034 4.783248493973233e-05 7290
1744928255212 4.76979490966454e-05 7300
1744928268164 4.756342995367045e-05 7310
1744928281308 4.7428928486669847e-05 7320
1744928294582 4.729444567137763e-05 7330
1744928307956 4.715998248339263e-05 7340
1744928357625 4.702553989817123e-05 7350
1744928370519 4.68911188910204e-05 7360
1744928383129 4.6756720437090516e-05 7370
1744928396087 4.6622345511368385e-05 7380
1744928409298 4.648799508867012e-05 7390
1744928422378 4.635367014363408e-05 7400
1744928435402 4.621937165071378e-05 7410
1744928448509 4.608510058417086e-05 7420
1744928461355 4.5950857918067986e-05 7430
1744928474051 4.581664462626181e-05 7440
1744928487624 4.568246168239586e-05 7450
1744928500708 4.554831005989352e-05 7460
1744928514132 4.541419073195099e-05 7470
1744928527247 4.528010467153016e-05 7480
1744928540357 4.514605285135152e-05 7490
1744928553524 4.501203624388729e-05 7500
1744928566855 4.487805582135415e-05 7510
1744928579758 4.474411255570634e-05 7520
1744928592985 4.461020741862848e-05 7530
1744928606343 4.447634138152862e-05 7540
1744928619113 4.434251541553118e-05 7550
1744928632429 4.4208730491469886e-05 7560
1744928645408 4.4074987579880685e-05 7570
1744928658634 4.394128765099477e-05 7580
1744928671610 4.380763167473155e-05 7590
1744928684819 4.367402062069152e-05 7600
1744928697871 4.3540455458149345e-05 7610
1744928711303 4.340693715604672e-05 7620
1744928724732 4.327346668298548e-05 7630
1744928738120 4.314004500722037e-05 7640
1744928751727 4.300667309665222e-05 7650
1744928764573 4.287335191882083e-05 7660
1744928777682 4.274008244089795e-05 7670
1744928790504 4.260686562968024e-05 7680
1744928803606 4.247370245158235e-05 7690
1744928816539 4.234059387262985e-05 7700
1744928829437 4.220754085845218e-05 7710
1744928842699 4.20745443742757e-05 7720
1744928855579 4.1941605384916707e-05 7730
1744928868681 4.1808724854774365e-05 7740
1744928881614 4.16759037478238e-05 7750
1744928894512 4.154314302760898e-05 7760
1744928907312 4.141044365723587e-05 7770
1744928957032 4.1277806599365334e-05 7780
1744928970173 4.114523281620624e-05 7790
1744928983557 4.1012723269508365e-05 7800
1744928996632 4.088027892055552e-05 7810
1744929009573 4.0747900730158565e-05 7820
1744929022446 4.0615589658648416e-05 7830
1744929035498 4.0483346665869e-05 7840
1744929048785 4.0351172711170466e-05 7850
1744929062109 4.0219068753402076e-05 7860
1744929075106 4.0087035750905346e-05 7870
1744929088308 3.995507466150699e-05 7880
1744929101814 3.982318644251208e-05 7890
1744929114711 3.969137205069703e-05 7900
1744929127955 3.955963244230271e-05 7910
1744929140863 3.9427968573027426e-05 7920
1744929154123 3.929638139802007e-05 7930
1744929167573 3.9164871871873173e-05 7940
1744929180771 3.903344094861594e-05 7950
1744929193955 3.8902089581707356e-05 7960
1744929207436 3.8770818724029276e-05 7970
1744929220922 3.863962932787955e-05 7980
1744929233990 3.850852234496497e-05 7990
1744929246767 3.837749872639452e-05 8000
1744929259845 3.8246559422672465e-05 8010
1744929272979 3.8115705383691355e-05 8020
1744929285845 3.798493755872519e-05 8030
1744929298678 3.7854256896422545e-05 8040
1744929311714 3.772366434479971e-05 8050
1744929324678 3.7593160851233745e-05 8060
1744929337747 3.7462747362455635e-05 8070
1744929350719 3.7332424824543464e-05 8080
1744929363497 3.7202194182915496e-05 8090
1744929376882 3.707205638232334e-05 8100
1744929390226 3.6942012366845096e-05 8110
1744929403790 3.68120630798785e-05 8120
1744929417322 3.6682209464134086e-05 8130
1744929430520 3.65524524616284e-05 8140
1744929443262 3.6422793013676994e-05 8150
1744929456399 3.62932320608878e-05 8160
1744929469501 3.616377054315423e-05 8170
1744929482356 3.603440939964832e-05 8180
1744929495824 3.590514956881392e-05 8190
1744929508859 3.577599198835998e-05 8200
1744929558596 3.5646937595253624e-05 8210
1744929572035 3.5517987325713434e-05 8220
1744929585704 3.5389142115202625e-05 8230
1744929598990 3.526040289842225e-05 8240
1744929612250 3.513177060930448e-05 8250
1744929625234 3.500324618100577e-05 8260
1744929638725 3.4874830545900045e-05 8270
1744929651570 3.4746524635572076e-05 8280
1744929664734 3.461832938081059e-05 8290
1744929677796 3.449024571160163e-05 8300
1744929690651 3.4362274557121633e-05 8310
1744929703809 3.423441684573093e-05 8320
1744929716602 3.410667350496683e-05 8330
1744929729734 3.3979045461536914e-05 8340
1744929742760 3.385153364131239e-05 8350
1744929756355 3.372413896932132e-05 8360
1744929769067 3.3596862369741916e-05 8370
1744929782104 3.346970476589583e-05 8380
1744929795500 3.334266708024149e-05 8390
1744929808414 3.321575023436736e-05 8400
1744929821483 3.30889551489853e-05 8410
1744929834480 3.2962282743923835e-05 8420
1744929847398 3.283573393812153e-05 8430
1744929860458 3.2709309649620304e-05 8440
1744929873479 3.25830107955588e-05 8450
1744929886073 3.245683829216564e-05 8460
1744929899173 3.2330793054752873e-05 8470
1744929912681 3.2204875997709326e-05 8480
1744929925555 3.2079088034493956e-05 8490
1744929938826 3.195343007762912e-05 8500
1744929951687 3.182790303869416e-05 8510
1744929964966 3.170250782831864e-05 8520
1744929977889 3.157724535617579e-05 8530
1744929991222 3.1452116530975844e-05 8540
1744930004069 3.1327122260459576e-05 8550
1744930016913 3.12022634513916e-05 8560
1744930030166 3.107754100955385e-05 8570
1744930042948 3.0952955839738954e-05 8580
1744930055990 3.082850884574374e-05 8590
1744930068713 3.070420093036265e-05 8600
1744930081904 3.05800329953812e-05 8610
1744930094721 3.0456005941569354e-05 8620
1744930107650 3.0332120668675122e-05 8630
1744930120019 3.0208378075417977e-05 8640
1744930169302 3.0084779059482322e-05 8650
1744930182370 2.996132451751092e-05 8660
1744930195182 2.9838015345098552e-05 8670
1744930208250 2.9714852436785368e-05 8680
1744930221409 2.9591836686050485e-05 8690
1744930234949 2.946896898530542e-05 8700
1744930247850 2.9346250225887712e-05 8710
1744930260931 2.922368129805442e-05 8720
1744930273871 2.9101263090975615e-05 8730
1744930287250 2.8978996492727994e-05 8740
1744930300068 2.8856882390288454e-05 8750
1744930313106 2.8734921669527553e-05 8760
1744930326314 2.8613115215203167e-05 8770
1744930339273 2.8491463910954104e-05 8780
1744930352392 2.8369968639293564e-05 8790
1744930365320 2.8248630281602894e-05 8800
1744930378776 2.8127449718125075e-05 8810
1744930391826 2.800642782795835e-05 8820
1744930404966 2.7885565489049946e-05 8830
1744930417711 2.776486357818958e-05 8840
1744930430592 2.764432297100315e-05 8850
1744930443944 2.7523944541946435e-05 8860
1744930457132 2.7403729164298634e-05 8870
1744930470520 2.7283677710156175e-05 8880
1744930483578 2.7163791050426234e-05 8890
1744930496905 2.7044070054820513e-05 8900
1744930509747 2.6924515591848955e-05 8910
1744930522954 2.6805128528813384e-05 8920
1744930535745 2.6685909731801195e-05 8930
1744930548977 2.6566860065679123e-05 8940
1744930562163 2.6447980394086978e-05 8950
1744930575162 2.6329271579431332e-05 8960
1744930588278 2.6210734482879252e-05 8970
1744930601082 2.609236996435216e-05 8980
1744930614346 2.597417888251943e-05 8990
1744930627140 2.5856162094792342e-05 9000
1744930640223 2.5738320457317698e-05 9010
1744930653260 2.562065482497169e-05 9020
1744930666272 2.550316605135372e-05 9030
1744930679541 2.53858549887802e-05 9040
1744930692503 2.5268722488278225e-05 9050
1744930705819 2.515176939957965e-05 9060
1744930719009 2.5034996571114756e-05 9070
1744930769375 2.4918404850006127e-05 9080
1744930782349 2.480199508206248e-05 9090
1744930795476 2.4685768111772644e-05 9100
1744930808319 2.4569724782299276e-05 9110
1744930821563 2.4453865935472837e-05 9120
1744930834514 2.4338192411785503e-05 9130
1744930847625 2.4222705050384987e-05 9140
1744930860512 2.4107404689068553e-05 9150
1744930873286 2.399229216427682e-05 9160
1744930886678 2.3877368311087766e-05 9170
1744930899590 2.3762633963210725e-05 9180
1744930912867 2.3648089952980202e-05 9190
1744930925643 2.3533737111349917e-05 9200
1744930938832 2.3419576267886807e-05 9210
1744930951878 2.330560825076495e-05 9220
1744930965194 2.3191833886759562e-05 9230
1744930978071 2.307825400124099e-05 9240
1744930991050 2.2964869418168822e-05 9250
1744931004372 2.2851680960085752e-05 9260
1744931017519 2.2738689448111762e-05 9270
1744931030944 2.262589570193805e-05 9280
1744931044062 2.2513300539821135e-05 9290
1744931057034 2.2400904778576963e-05 9300
1744931070166 2.22887092335749e-05 9310
1744931083652 2.2176714718731832e-05 9320
1744931096790 2.2064922046506347e-05 9330
1744931110093 2.1953332027892703e-05 9340
1744931123372 2.1841945472415094e-05 9350
1744931136018 2.1730763188121634e-05 9360
1744931149335 2.1619785981578573e-05 9370
1744931162743 2.150901465786446e-05 9380
1744931175880 2.139845002056432e-05 9390
1744931188967 2.1288092871763648e-05 9400
1744931202244 2.1177944012042843e-05 9410
1744931215334 2.1068004240471258e-05 9420
1744931228609 2.0958274354601393e-05 9430
1744931241870 2.084875515046315e-05 9440
1744931255004 2.0739447422558095e-05 9450
1744931268202 2.0630351963853587e-05 9460
1744931281178 2.0521469565777153e-05 9470
1744931294300 2.0412801018210627e-05 9480
1744931307297 2.0304347109484484e-05 9490
1744931320111 2.0196108626372167e-05 9500
1744931369883 2.008808635408426e-05 9510
1744931382910 1.9980281076262863e-05 9520
1744931395876 1.9872693574975937e-05 9530
1744931409769 1.9765324630711613e-05 9540
1744931423155 1.96581750223724e-05 9550
1744931435991 1.9551245527269753e-05 9560
1744931449214 1.9444536921118313e-05 9570
1744931462423 1.9338049978030253e-05 9580
1744931475851 1.9231785470509713e-05 9590
1744931489143 1.9125744169447212e-05 9600
1744931502336 1.9019926844113996e-05 9610
1744931515049 1.891433426215653e-05 9620
1744931528616 1.8808967189590848e-05 9630
1744931541779 1.8703826390797048e-05 9640
1744931554784 1.8598912628513767e-05 9650
1744931568271 1.849422666383258e-05 9660
1744931581706 1.8389769256192518e-05 9670
1744931594993 1.8285541163374592e-05 9680
1744931607896 1.818154314149621e-05 9690
1744931621334 1.8077775945005802e-05 9700
1744931634324 1.7974240326677234e-05 9710
1744931647584 1.7870937037604397e-05 9720
1744931660722 1.7767866827195805e-05 9730
1744931673459 1.7665030443169135e-05 9740
1744931686712 1.7562428631545658e-05 9750
1744931699854 1.746006213664507e-05 9760
1744931713388 1.7357931701079965e-05 9770
1744931726317 1.7256038065750397e-05 9780
1744931739064 1.715438196983859e-05 9790
1744931752323 1.705296415080359e-05 9800
1744931765415 1.6951785344375805e-05 9810
1744931778956 1.68508462845518e-05 9820
1744931791829 1.6750147703588886e-05 9830
1744931805133 1.6649690331999805e-05 9840
1744931818306 1.6549474898547503e-05 9850
1744931831525 1.6449502130239814e-05 9860
1744931844595 1.6349772752324066e-05 9870
1744931857573 1.625028748828203e-05 9880
1744931870846 1.6151047059824555e-05 9890
1744931883575 1.6052052186886257e-05 9900
1744931896678 1.595330358762047e-05 9910
1744931909972 1.585480197839394e-05 9920
1744931923343 1.5756548073781603e-05 9930
1744931973079 1.5658542586561413e-05 9940
1744931986102 1.5560786227709273e-05 9950
1744931999241 1.546327970639371e-05 9960
1744932012119 1.5366023729970898e-05 9970
1744932025331 1.5269019003979386e-05 9980
1744932038136 1.5172266232135035e-05 9990
1744932051310 1.5075766116325985e-05 10000
1744932064320 1.4979519356607425e-05 10010
1744932077439 1.4883526651196599e-05 10020
1744932090644 1.4787788696467769e-05 10030
1744932103735 1.469230618694707e-05 10040
1744932117060 1.4597079815307562e-05 10050
1744932129919 1.4502110272364122e-05 10060
1744932143204 1.4407398247068538e-05 10070
1744932156294 1.431294442650437e-05 10080
1744932169958 1.4218749495882133e-05 10090
1744932183251 1.4124814138534165e-05 10100
1744932196533 1.4031139035909762e-05 10110
1744932209767 1.3937724867570257e-05 10120
1744932222673 1.3844572311183995e-05 10130
1744932235883 1.3751682042521474e-05 10140
1744932249084 1.3659054735450494e-05 10150
1744932262663 1.3566691061931136e-05 10160
1744932276051 1.3474591692011036e-05 10170
1744932290219 1.3382757293820409e-05 10180
1744932303896 1.3291188533567239e-05 10190
1744932318054 1.3199886075532492e-05 10200
1744932332453 1.3108850582065257e-05 10210
1744932346250 1.3018082713577877e-05 10220
1744932360211 1.2927583128541287e-05 10230
1744932374029 1.2837352483480191e-05 10240
1744932388528 1.2747391432968187e-05 10250
1744932402295 1.2657700629623192e-05 10260
1744932416226 1.2568280724102632e-05 10270
1744932430504 1.2479132365098678e-05 10280
1744932444162 1.2390256199333583e-05 10290
1744932457970 1.230165287155503e-05 10300
1744932471851 1.2213323024531353e-05 10310
1744932485839 1.2125267299046993e-05 10320
1744932499335 1.2037486333897751e-05 10330
1744932513046 1.1949980765886198e-05 10340
1744932526728 1.1862751229817054e-05 10350
1744932540039 1.1775798358492629e-05 10360
1744932592963 1.1689122782708062e-05 10370
1744932606324 1.1602725131246978e-05 10380
1744932620120 1.151660603087678e-05 10390
1744932633852 1.1430766106344132e-05 10400
1744932647861 1.1345205980370405e-05 10410
1744932661631 1.1259926273647236e-05 10420
1744932675737 1.117492760483193e-05 10430
1744932689458 1.1090210590543065e-05 10440
1744932703258 1.100577584535592e-05 10450
1744932717468 1.0921623981798073e-05 10460
1744932731086 1.0837755610345008e-05 10470
1744932744518 1.0754171339415563e-05 10480
1744932757628 1.0670871775367603e-05 10490
1744932771782 1.0587857522493627e-05 10500
1744932784804 1.0505129183016322e-05 10510
1744932798183 1.0422687357084266e-05 10520
1744932812189 1.0340532642767514e-05 10530
1744932825807 1.0258665636053272e-05 10540
1744932839577 1.0177086930841617e-05 10550
1744932852743 1.0095797118941175e-05 10560
1744932866137 1.0014796790064728e-05 10570
1744932879071 9.934086531825093e-06 10580
1744932892447 9.853666929730782e-06 10590
1744932906064 9.773538567181711e-06 10600
1744932919405 9.693702025465035e-06 10610
1744932933167 9.614157883750935e-06 10620
1744932946841 9.534906719088355e-06 10630
1744932960580 9.455949106400858e-06 10640
1744932973814 9.377285618482473e-06 10650
1744932987798 9.298916825993481e-06 10660
1744933001430 9.220843297456356e-06 10670
1744933014864 9.14306559925155e-06 10680
1744933028784 9.065584295613428e-06 10690
1744933042137 8.988399948626214e-06 10700
1744933055874 8.911513118219872e-06 10710
1744933069621 8.834924362165992e-06 10720
1744933083391 8.758634236073843e-06 10730
1744933096929 8.682643293386317e-06 10740
1744933110603 8.606952085375852e-06 10750
1744933124211 8.531561161140483e-06 10760
1744933138024 8.45647106759988e-06 10770
1744933151924 8.381682349491315e-06 10780
1744933165566 8.307195549365793e-06 10790
1744933178689 8.233011207584019e-06 10800
1744933231882 8.159129862312548e-06 10810
1744933245475 8.08555204951989e-06 10820
1744933259293 8.01227830297256e-06 10830
1744933272994 7.939309154231239e-06 10840
1744933286346 7.866645132646955e-06 10850
1744933300301 7.79428676535715e-06 10860
1744933314238 7.722234577281983e-06 10870
1744933328088 7.650489091120388e-06 10880
1744933341842 7.5790508273463675e-06 10890
1744933355611 7.507920304205202e-06 10900
1744933369684 7.437098037709694e-06 10910
1744933383215 7.366584541636384e-06 10920
1744933397533 7.296380327521857e-06 10930
1744933411323 7.226485904659058e-06 10940
1744933424704 7.156901780093539e-06 10950
1744933438307 7.087628458619811e-06 10960
1744933452307 7.018666442777693e-06 10970
1744933465770 6.950016232848638e-06 10980
1744933479453 6.881678326852136e-06 10990
1744933493732 6.813653220542071e-06 11000
1744933507746 6.745941407403128e-06 11010
1744933521447 6.678543378647256e-06 11020
1744933535448 6.611459623210037e-06 11030
1744933548854 6.544690627747174e-06 11040
1744933562274 6.478236876630988e-06 11050
1744933575937 6.41209885194688e-06 11060
1744933590015 6.346277033489762e-06 11070
1744933603557 6.280771898760718e-06 11080
1744933617681 6.215583922963442e-06 11090
1744933631087 6.150713579000805e-06 11100
1744933644814 6.086161337471436e-06 11110
1744933658663 6.021927666666322e-06 11120
1744933671902 5.9580130325653625e-06 11130
1744933685438 5.89441789883407e-06 11140
1744933698576 5.831142726820116e-06 11150
1744933711865 5.768187975550027e-06 11160
1744933725039 5.7055541017258855e-06 11170
1744933738224 5.643241559721957e-06 11180
1744933751958 5.581250801581417e-06 11190
1744933765050 5.5195822770131074e-06 11200
1744933778538 5.458236433388225e-06 11210
1744933791584 5.397213715737093e-06 11220
1744933804856 5.336514566745909e-06 11230
1744933854162 5.276139426753618e-06 11240
1744933867440 5.216088733748597e-06 11250
1744933880594 5.156362923365588e-06 11260
1744933893664 5.096962428882446e-06 11270
1744933906782 5.0378876812170575e-06 11280
1744933920641 4.979139108924213e-06 11290
1744933933930 4.920717138192455e-06 11300
1744933947034 4.8626221928409985e-06 11310
1744933960228 4.804854694316724e-06 11320
1744933973406 4.747415061690996e-06 11330
1744933987056 4.6903037116567625e-06 11340
1744934000151 4.633521058525408e-06 11350
1744934013071 4.577067514223815e-06 11360
1744934026053 4.520943488291379e-06 11370
1744934039300 4.465149387877027e-06 11380
1744934052351 4.409685617736209e-06 11390
1744934065352 4.354552580228055e-06 11400
1744934078622 4.2997506753124304e-06 11410
1744934091476 4.2452803005469384e-06 11420
1744934104964 4.191141851084185e-06 11430
1744934118226 4.137335719668822e-06 11440
1744934131586 4.083862296634705e-06 11450
1744934144389 4.030721969902074e-06 11460
1744934157343 3.977915124974763e-06 11470
1744934170832 3.925442144937336e-06 11480
1744934183558 3.8733034104524004e-06 11490
1744934196441 3.821499299757758e-06 11500
1744934209240 3.770030188663709e-06 11510
1744934222352 3.718896450550324e-06 11520
1744934235459 3.6680984563647434e-06 11530
1744934248464 3.617636574618416e-06 11540
1744934262090 3.5675111713845298e-06 11550
1744934275305 3.517722610295299e-06 11560
1744934289093 3.468271252539318e-06 11570
1744934302570 3.419157456858951e-06 11580
1744934315869 3.3703815795477658e-06 11590
1744934329085 3.3219439744478885e-06 11600
1744934342578 3.273844992947489e-06 11610
1744934355828 3.226084983978195e-06 11620
1744934369020 3.178664294012568e-06 11630
1744934382272 3.131583267061622e-06 11640
1744934395236 3.0848422446722867e-06 11650
1744934408526 3.038441565924938e-06 11660
1744934458850 2.9923815674309683e-06 11670
1744934472147 2.946662583330301e-06 11680
1744934485300 2.9012849452890013e-06 11690
1744934498453 2.8562489824968563e-06 11700
1744934511491 2.811555021664969e-06 11710
1744934524677 2.767203387023426e-06 11720
1744934538689 2.7231944003189346e-06 11730
1744934551746 2.6795283808124515e-06 11740
1744934564986 2.636205645276907e-06 11750
1744934577889 2.5932265079949115e-06 11760
1744934591508 2.5505912807564367e-06 11770
1744934604567 2.5083002728565785e-06 11780
1744934617983 2.4663537910933286e-06 11790
1744934631370 2.424752139765318e-06 11800
1744934644665 2.3834956206696125e-06 11810
1744934658125 2.3425845330995623e-06 11820
1744934671191 2.3020191738425735e-06 11830
1744934684249 2.261799837178008e-06 11840
1744934697190 2.2219268148750027e-06 11850
1744934710530 2.1824003961903815e-06 11860
1744934723766 2.143220867866552e-06 11870
1744934737751 2.1043885141294463e-06 11880
1744934750765 2.0659036166863766e-06 11890
1744934763667 2.027766454724106e-06 11900
1744934776569 1.9899773049067537e-06 11910
1744934789764 1.952536441373798e-06 11920
1744934803132 1.9154441357380757e-06 11930
1744934816292 1.8787006570838595e-06 11940
1744934829950 1.8423062719648553e-06 11950
1744934842717 1.8062612444022909e-06 11960
1744934855668 1.7705658358830036e-06 11970
1744934868918 1.7352203053575157e-06 11980
1744934881943 1.7002249092382129e-06 11990
1744934895370 1.6655799013974184e-06 12000
1744934908403 1.631285533165583e-06 12010
1744934921658 1.5973420533294813e-06 12020
1744934935087 1.5637497081303686e-06 12030
1744934948465 1.530508741262221e-06 12040
1744934961424 1.497619393869948e-06 12050
1744934974522 1.4650819045476605e-06 12060
1744934988314 1.4328965093369283e-06 12070
1744935001374 1.4010634417250812e-06 12080
1744935014858 1.3695829326434927e-06 12090
1744935064618 1.338455210465933e-06 12100
1744935077580 1.307680501006886e-06 12110
1744935090410 1.277259027519928e-06 12120
1744935103450 1.247191010696097e-06 12130
1744935116607 1.2174766686623095e-06 12140
1744935130079 1.1881162169797565e-06 12150
1744935143252 1.1591098686423496e-06 12160
1744935156466 1.1304578340751826e-06 12170
1744935169783 1.1021603211329835e-06 12180
1744935182794 1.0742175350986372e-06 12190
1744935195858 1.0466296786816766e-06 12200
1744935208725 1.0193969520168046e-06 12210
1744935221821 9.925195526624575e-07 12220
1744935234688 9.65997675599395e-07 12230
1744935247813 9.398315132292057e-07 12240
1744935260652 9.140212553730043e-07 12250
1744935273513 8.885670892700093e-07 12260
1744935286601 8.634691995761723e-07 12270
1744935299641 8.38727768362868e-07 12280
1744935312796 8.143429751155674e-07 12290
1744935325846 7.903149967325163e-07 12300
1744935339086 7.666440075234648e-07 12310
1744935352052 7.43330179208418e-07 12320
1744935365418 7.203736809163586e-07 12330
1744935378239 6.977746791840434e-07 12340
1744935391028 6.755333379547979e-07 12350
1744935404214 6.536498185772955e-07 12360
1744935417239 6.321242798044302e-07 12370
1744935430376 6.109568777921404e-07 12380
1744935443566 5.901477660982646e-07 12390
1744935456581 5.696970956814541e-07 12400
1744935469647 5.496050149000676e-07 12410
1744935482542 5.298716695110894e-07 12420
1744935495950 5.104972026690802e-07 12430
1744935508966 4.914817549251216e-07 12440
1744935522270 4.728254642258234e-07 12450
1744935535315 4.545284659123128e-07 12460
1744935548533 4.3659089271922973e-07 12470
1744935561471 4.190128747737887e-07 12480
1744935574656 4.0179453959484636e-07 12490
1744935587543 3.849360120919354e-07 12500
1744935600503 3.6843741456439317e-07 12510
1744935614045 3.5229886670046783e-07 12520
1744935663980 3.365204855764359e-07 12530
1744935677194 3.211023856557638e-07 12540
1744935690540 3.060446787882809e-07 12550
1744935703585 2.9134747420935803e-07 12560
1744935716669 2.770108785391301e-07 12570
1744935729783 2.6303499578169686e-07 12580
1744935742728 2.4941992732440686e-07 12590
1744935756126 2.3616577193707468e-07 12600
1744935769300 2.232726257713036e-07 12610
1744935782377 2.1074058235977522e-07 12620
1744935795720 1.9856973261556112e-07 12630
1744935809369 1.8676016483147872e-07 12640
1744935822782 1.753119646794421e-07 12650
1744935836167 1.6422521520983448e-07 12660
1744935849305 1.534999968509254e-07 12670
1744935862173 1.431363874082714e-07 12680
1744935875283 1.3313446206414394e-07 12690
1744935887949 1.234942933770189e-07 12700
1744935901524 1.1421595128100482e-07 12710
1744935914509 1.052995030853654e-07 12720
1744935927542 9.674501347402554e-08 12730
1744935940842 8.855254450509387e-08 12740
1744935953835 8.072215561042984e-08 12750
1744935966978 7.325390359519402e-08 12760
1744935980126 6.614784263743179e-08 12770
1744935993170 5.9404024287718075e-08 12780
1744936006301 5.3022497468735446e-08 12790
1744936019291 4.7003308474946607e-08 12800
1744936032659 4.134650097225579e-08 12810
1744936045500 3.605211599769231e-08 12820
1744936058735 3.1120191959094216e-08 12830
1744936071864 2.6550764634863944e-08 12840
1744936085192 2.2343867173674205e-08 12850
1744936098300 1.849953009425698e-08 12860
1744936111322 1.5017781285153743e-08 12870
1744936124349 1.189864600454338e-08 12880
1744936137145 9.142146880031232e-09 12890
1744936150320 6.748303908504783e-09 12900
1744936163498 4.71713445596711e-09 12910
1744936176560 3.0486532574480753e-09 12920
1744936189469 1.7428724168488952e-09 12930
1744936202594 7.998014068921756e-10 12940
1744936216061 2.1944706904419854e-10 12950
1744936228561 1.813613453860441e-12 12960
