1744918107932 3.8219 10
1744918121527 3.7879 20
1744918134831 3.7749 30
1744918147684 3.7532 40
1744918160944 3.7094 50
1744918174307 3.6744 60
1744918187879 3.6183 70
1744918201134 3.5872 80
1744918214893 3.5039 90
1744918227735 3.3966 100
1744918241039 3.3576 110
1744918254408 3.2374 120
1744918267609 3.0796 130
1744918281255 2.9926 140
1744918294324 2.8455 150
1744918308065 2.6978 160
1744918320846 2.5946 170
1744918334127 2.5644 180
1744918347499 2.3707 190
1744918360727 2.3058 200
1744918374011 2.2287 210
1744918387337 2.1966 220
1744918400456 2.1721 230
1744918413809 2.0642 240
1744918426979 2.0304 250
1744918439969 1.9662 260
1744918453236 1.8879 270
1744918466136 1.9323 280
1744918479370 1.9761 290
1744918492821 1.9175 300
1744918506248 1.9791 310
1744918519923 1.9491 320
1744918533035 1.9608 330
1744918546643 1.9252 340
1744918559657 1.76 350
1744918573593 1.8342 360
1744918586467 1.7905 370
1744918599562 1.8404 380
1744918612942 1.7348 390
1744918626225 1.768 400
1744918640038 1.7519 410
1744918652958 1.7375 420
1744918666653 1.7389 430
1744918717436 1.6543 440
1744918730592 1.7241 450
1744918743506 1.7071 460
1744918756683 1.762 470
1744918769541 1.5431 480
1744918783297 1.6077 490
1744918796382 1.5791 500
1744918809446 1.6808 510
1744918822960 1.6918 520
1744918835682 1.6324 530
1744918849097 1.6335 540
1744918862233 1.596 550
1744918875473 1.6397 560
1744918888977 1.5425 570
1744918902539 1.6266 580
1744918915724 1.5602 590
1744918928858 1.628 600
1744918941894 1.6109 610
1744918954889 1.5224 620
1744918968430 1.5568 630
1744918981960 1.5992 640
1744918995175 1.5787 650
1744919007947 1.5256 660
1744919021722 1.5743 670
1744919034672 1.5759 680
1744919048586 1.482 690
1744919062133 1.4751 700
1744919075660 1.5054 710
1744919089013 1.4872 720
1744919101747 1.5081 730
1744919115412 1.5929 740
1744919128074 1.5314 750
1744919141146 1.5265 760
1744919154185 1.4856 770
1744919167291 1.5 780
1744919181298 1.4762 790
1744919194316 1.4404 800
1744919207316 1.4961 810
1744919220199 1.4137 820
1744919233444 1.5526 830
1744919246825 1.5405 840
1744919259838 1.3915 850
1744919272570 1.5269 860
1744919322552 1.4345 870
1744919335248 1.4599 880
1744919348958 1.4193 890
1744919362088 1.4981 900
1744919375089 1.4226 910
1744919388146 1.3623 920
1744919400946 1.4724 930
1744919413841 1.4596 940
1744919426812 1.4174 950
1744919439954 1.4706 960
1744919453162 1.4529 970
1744919466249 1.3728 980
1744919479334 1.3556 990
1744919492933 1.3811 1000
1744919506163 1.4285 1010
1744919519205 1.3971 1020
1744919532091 1.3945 1030
1744919545289 1.4212 1040
1744919558283 1.421 1050
1744919571408 1.4471 1060
1744919584944 1.4137 1070
1744919597727 1.4322 1080
1744919610874 1.4017 1090
1744919623705 1.3987 1100
1744919636751 1.3461 1110
1744919650424 1.4197 1120
1744919663409 1.3876 1130
1744919677084 1.3502 1140
1744919689859 1.4646 1150
1744919702886 1.4512 1160
1744919715817 1.3935 1170
1744919729138 1.3947 1180
1744919742173 1.3804 1190
1744919755228 1.3427 1200
1744919768442 1.3401 1210
1744919781687 1.3721 1220
1744919794687 1.3529 1230
1744919807344 1.3786 1240
1744919820576 1.4018 1250
1744919833355 1.3021 1260
1744919846343 1.2731 1270
1744919859374 1.3244 1280
1744919872361 1.2796 1290
1744919922642 1.3509 1300
1744919935549 1.3153 1310
1744919948633 1.2569 1320
1744919961391 1.34 1330
1744919974411 1.2525 1340
1744919987110 1.2777 1350
1744920000284 1.3321 1360
1744920013160 1.2911 1370
1744920026271 1.2693 1380
1744920039005 1.2375 1390
1744920051793 1.2865 1400
1744920064721 1.2839 1410
1744920077953 1.363 1420
1744920091382 1.3338 1430
1744920104321 1.2536 1440
1744920117467 1.3234 1450
1744920130294 1.2574 1460
1744920143360 1.3421 1470
1744920156357 1.2496 1480
1744920169530 1.2681 1490
1744920182647 1.3078 1500
1744920195706 1.2858 1510
1744920209435 1.2191 1520
1744920222842 1.2365 1530
1744920235906 1.2765 1540
1744920248846 1.3305 1550
1744920261713 1.2492 1560
1744920274909 1.2438 1570
1744920288414 1.2599 1580
1744920301813 1.2861 1590
1744920314500 1.2725 1600
1744920327803 1.2676 1610
1744920340646 1.238 1620
1744920353898 1.213 1630
1744920366802 1.3554 1640
1744920379954 1.2323 1650
1744920392771 1.2164 1660
1744920406000 1.2652 1670
1744920419125 1.2178 1680
1744920432033 1.2614 1690
1744920445255 1.2725 1700
1744920458218 1.2318 1710
1744920471358 1.3014 1720
1744920520714 1.1964 1730
1744920533951 1.2013 1740
1744920547022 1.2108 1750
1744920560226 1.2036 1760
1744920573421 1.1845 1770
1744920586427 1.1901 1780
1744920599743 1.1985 1790
1744920613027 1.1621 1800
1744920626510 1.2076 1810
1744920639522 1.1528 1820
1744920652767 1.2622 1830
1744920665691 1.2026 1840
1744920678736 1.165 1850
1744920691888 1.2128 1860
1744920704876 1.1282 1870
1744920717959 1.1719 1880
1744920730608 1.1661 1890
1744920743639 1.1991 1900
1744920756578 1.1782 1910
1744920769441 1.267 1920
1744920782582 1.2446 1930
1744920795394 1.1829 1940
1744920808247 1.1657 1950
1744920821024 1.292 1960
1744920833985 1.1673 1970
1744920847210 1.1778 1980
1744920860046 1.1242 1990
1744920873091 1.1591 2000
1744920886321 1.1989 2010
1744920899281 1.197 2020
1744920912351 1.1855 2030
1744920925935 1.1419 2040
1744920938856 1.1772 2050
1744920952008 1.1619 2060
1744920964785 1.1494 2070
1744920977785 1.1386 2080
1744920991019 1.2261 2090
1744921003807 1.165 2100
1744921017308 1.1893 2110
1744921030094 1.1154 2120
1744921042999 1.1966 2130
1744921055809 1.1735 2140
1744921069068 1.1498 2150
1744921081546 1.2543 2160
1744921131977 1.1041 2170
1744921145052 1.0876 2180
1744921158454 1.1049 2190
1744921171122 1.1043 2200
1744921183860 1.1564 2210
1744921196976 1.1463 2220
1744921210100 1.1505 2230
1744921223206 1.1628 2240
1744921236047 1.1354 2250
1744921249042 1.1477 2260
1744921262261 1.0791 2270
1744921275346 1.1168 2280
1744921288455 1.1429 2290
1744921301342 1.0725 2300
1744921314467 1.1075 2310
1744921327576 1.1164 2320
1744921340761 1.0582 2330
1744921353764 1.1372 2340
1744921367102 1.1409 2350
1744921380210 1.1226 2360
1744921393249 1.1042 2370
1744921406520 1.12 2380
1744921419724 1.0606 2390
1744921433205 1.1221 2400
1744921446155 1.1186 2410
1744921459055 1.0956 2420
1744921472290 1.1261 2430
1744921485353 1.1627 2440
1744921498598 1.1112 2450
1744921512005 1.1426 2460
1744921525483 1.1221 2470
1744921538181 1.1285 2480
1744921551445 1.1143 2490
1744921564569 1.1691 2500
1744921578019 1.1053 2510
1744921591112 1.1509 2520
1744921604251 1.0583 2530
1744921617439 1.1298 2540
1744921630250 1.1144 2550
1744921643314 1.142 2560
1744921656573 1.1403 2570
1744921670100 1.0754 2580
1744921683223 1.0808 2590
1744921732811 1.0958 2600
1744921745775 1.0785 2610
1744921758793 1.0256 2620
1744921772016 1.0589 2630
1744921785088 1.0491 2640
1744921798155 1.0728 2650
1744921811055 1.0788 2660
1744921824408 1.0586 2670
1744921837323 1.0841 2680
1744921850747 1.0559 2690
1744921863879 1.0753 2700
1744921876857 1.0933 2710
1744921890020 1.0442 2720
1744921903106 1.0382 2730
1744921916408 1.0757 2740
1744921929623 1.0723 2750
1744921942640 1.0648 2760
1744921955710 1.0817 2770
1744921968573 1.1165 2780
1744921981848 1.112 2790
1744921994975 1.0468 2800
1744922008184 1.1392 2810
1744922020943 1.0363 2820
1744922034344 1.039 2830
1744922047142 1.0577 2840
1744922060136 1.0994 2850
1744922073121 1.0196 2860
1744922085987 1.0486 2870
1744922099067 1.1094 2880
1744922111797 1.0374 2890
1744922125121 1.0775 2900
1744922138170 1.0539 2910
1744922151236 1.0443 2920
1744922164051 1.0694 2930
1744922176784 1.0621 2940
1744922189761 1.1073 2950
1744922202911 1.0698 2960
1744922216270 1.0975 2970
1744922229059 1.0902 2980
1744922241959 1.057 2990
1744922255353 1.0336 3000
1744922268124 1.0667 3010
1744922281249 1.0873 3020
1744922330784 1.0129 3030
1744922343732 1.0595 3040
1744922357092 1.0361 3050
1744922370134 1.0714 3060
1744922382746 1.0362 3070
1744922395876 1.0696 3080
1744922408668 1.005 3090
1744922421629 1.0068 3100
1744922434498 1.0327 3110
1744922447726 1.0347 3120
1744922460571 1.0976 3130
1744922473492 1.0282 3140
1744922486623 1.0436 3150
1744922499945 1.0414 3160
1744922512984 1.0023 3170
1744922525975 1.0157 3180
1744922539276 1.0564 3190
1744922552189 1.0344 3200
1744922565445 1.0487 3210
1744922578253 1.0547 3220
1744922591356 1.046 3230
1744922604464 1.0215 3240
1744922617346 1.0098 3250
1744922630586 1.0581 3260
1744922643732 1.0526 3270
1744922656892 0.9993 3280
1744922669770 1.0442 3290
1744922682588 1.0644 3300
1744922696116 1.0942 3310
1744922709112 1.0234 3320
1744922722288 1.0275 3330
1744922735036 1.0695 3340
1744922748126 1.0475 3350
1744922761336 1.0628 3360
1744922774473 1.0344 3370
1744922787343 1.0048 3380
1744922800778 1.0322 3390
1744922813692 1.0933 3400
1744922826635 1.0276 3410
1744922840135 1.0511 3420
1744922853301 0.9994 3430
1744922866392 1.0174 3440
1744922879410 1.0081 3450
1744922929378 1.0371 3460
1744922942374 1.0434 3470
1744922955442 1.0278 3480
1744922968116 1.0324 3490
1744922981365 1.0066 3500
1744922994467 1.014 3510
1744923007872 1.0492 3520
1744923021141 1.0082 3530
1744923034142 0.9672 3540
1744923047500 0.9844 3550
1744923060377 1.0173 3560
1744923073704 1.0185 3570
1744923086732 1.0799 3580
1744923099553 1.0081 3590
1744923112500 1.0107 3600
1744923125462 1.0046 3610
1744923138644 0.9544 3620
1744923151537 0.9728 3630
1744923164706 1.0165 3640
1744923177829 1.0244 3650
1744923190824 1.0176 3660
1744923203962 1.0604 3670
1744923216923 1.0541 3680
1744923230133 1.0545 3690
1744923242964 1.0183 3700
1744923256239 0.9674 3710
1744923269342 1.0032 3720
1744923282568 1.0367 3730
1744923295571 0.979 3740
1744923308626 0.999 3750
1744923321606 0.9787 3760
1744923334695 0.9806 3770
1744923347758 1.0322 3780
1744923360591 1.0416 3790
1744923373641 1.0193 3800
1744923386721 1.0282 3810
1744923399876 1.0194 3820
1744923412598 1.0268 3830
1744923425161 1.0092 3840
1744923438305 0.9607 3850
1744923451038 0.9685 3860
1744923464474 1.0162 3870
1744923477343 1.0557 3880
1744923526477 1.0409 3890
1744923539090 1.0103 3900
1744923551961 1.0274 3910
1744923564727 0.956 3920
1744923577650 1.009 3930
1744923590379 0.9384 3940
1744923603275 0.9552 3950
1744923616174 1.0247 3960
1744923629585 0.9613 3970
1744923642322 0.9623 3980
1744923655464 0.9554 3990
1744923668481 0.9992 4000
1744923681397 0.9834 4010
1744923694815 0.9931 4020
1744923707665 1.0052 4030
1744923721075 0.9599 4040
1744923734203 0.9977 4050
1744923747308 1.0114 4060
1744923760888 1.0066 4070
1744923773970 0.9615 4080
1744923787218 1.0105 4090
1744923800269 0.9679 4100
1744923813666 0.9908 4110
1744923826654 0.9939 4120
1744923839561 0.9838 4130
1744923852784 0.9805 4140
1744923865839 0.9986 4150
1744923878935 0.985 4160
1744923892062 0.9916 4170
1744923905130 0.9773 4180
1744923918063 0.9927 4190
1744923931303 0.9767 4200
1744923944063 1.0135 4210
1744923957144 1.0135 4220
1744923970061 0.9442 4230
1744923982894 0.973 4240
1744923996405 0.9682 4250
1744924009143 0.9956 4260
1744924022431 0.9847 4270
1744924035874 0.9937 4280
1744924049272 0.9893 4290
1744924062418 1.0206 4300
1744924075338 0.991 4310
1744924087867 1.002 4320
1744924138614 0.9381 4330
1744924151530 0.9262 4340
1744924164872 0.9577 4350
1744924178031 0.9917 4360
1744924191420 0.9655 4370
1744924204801 0.9417 4380
1744924217517 0.9419 4390
1744924230892 0.9636 4400
1744924244056 0.9569 4410
1744924257185 0.9538 4420
1744924270177 0.9571 4430
1744924283287 0.9653 4440
1744924296418 0.9985 4450
1744924309289 0.9427 4460
1744924323124 0.9731 4470
1744924336307 0.9676 4480
1744924349620 0.9758 4490
1744924362831 0.9788 4500
1744924375959 0.9625 4510
1744924388930 0.9974 4520
1744924402034 0.9484 4530
1744924415659 0.9955 4540
1744924428698 0.9836 4550
1744924441711 0.9425 4560
1744924454743 0.985 4570
1744924467889 0.9401 4580
1744924480880 0.9315 4590
1744924494118 0.9611 4600
1744924507403 0.9756 4610
1744924521102 0.9186 4620
1744924534396 0.9534 4630
1744924547811 0.9426 4640
1744924561258 0.9521 4650
1744924574442 1.0111 4660
1744924587800 0.9772 4670
1744924600566 0.9934 4680
1744924613554 0.9932 4690
1744924626813 0.9629 4700
1744924639837 1.0102 4710
1744924653228 0.952 4720
1744924666664 0.9467 4730
1744924679888 0.9749 4740
1744924692959 0.9359 4750
1744924742449 0.8991 4760
1744924755736 0.9006 4770
1744924769430 0.9234 4780
1744924782198 0.9057 4790
1744924795769 0.9497 4800
1744924808493 0.9826 4810
1744924821266 0.9014 4820
1744924834325 0.9612 4830
1744924847050 0.9839 4840
1744924860071 0.9179 4850
1744924873142 0.9236 4860
1744924886582 0.9494 4870
1744924899586 0.9417 4880
1744924912535 0.9115 4890
1744924925227 0.9183 4900
1744924938495 0.9423 4910
1744924952009 0.9106 4920
1744924965209 0.9626 4930
1744924978284 0.966 4940
1744924991173 0.9444 4950
1744925004598 0.934 4960
1744925017724 0.9314 4970
1744925030546 0.9523 4980
1744925043691 0.9243 4990
1744925056690 0.9696 5000
1744925069799 0.9482 5010
1744925082758 0.9093 5020
1744925096186 0.9039 5030
1744925109152 0.9729 5040
1744925122363 0.9232 5050
1744925135537 0.9547 5060
1744925148791 0.9148 5070
1744925161902 0.9918 5080
1744925174818 0.9462 5090
1744925188054 0.9647 5100
1744925200941 0.9048 5110
1744925214219 0.9617 5120
1744925226937 0.9334 5130
1744925239766 0.9146 5140
1744925252845 0.9161 5150
1744925265760 0.9359 5160
1744925279378 0.9101 5170
1744925292583 0.9221 5180
1744925342248 0.8921 5190
1744925355444 0.9103 5200
1744925368284 0.9599 5210
1744925381326 0.9744 5220
1744925394736 0.9456 5230
1744925407928 0.911 5240
1744925421386 0.9406 5250
1744925434306 0.9357 5260
1744925447960 0.9118 5270
1744925460890 0.9191 5280
1744925474057 0.9123 5290
1744925487320 0.9719 5300
1744925500296 0.9169 5310
1744925513592 0.9411 5320
1744925526798 0.921 5330
1744925539856 0.9028 5340
1744925552647 0.9178 5350
1744925565622 0.9142 5360
1744925578647 0.9394 5370
1744925591846 0.9254 5380
1744925604587 0.9205 5390
1744925617527 0.9267 5400
1744925630510 0.9395 5410
1744925643597 0.9283 5420
1744925656719 0.9 5430
1744925669538 0.9149 5440
1744925682792 0.861 5450
1744925695654 0.9277 5460
1744925708696 0.9235 5470
1744925721921 0.9258 5480
1744925735105 0.9592 5490
1744925748035 0.9226 5500
1744925761404 0.8861 5510
1744925774355 0.9366 5520
1744925787364 0.9247 5530
1744925800702 0.9011 5540
1744925813286 0.9316 5550
1744925825989 0.962 5560
1744925839375 0.8963 5570
1744925852430 0.8943 5580
1744925865864 0.905 5590
1744925878930 0.8738 5600
1744925891835 0.8611 5610
1744925941885 0.937 5620
1744925955452 0.9195 5630
1744925968846 0.92 5640
1744925981845 0.8616 5650
1744925995105 0.9013 5660
1744926008307 0.91 5670
1744926021337 0.9171 5680
1744926034348 0.8943 5690
1744926047811 0.9026 5700
1744926060686 0.8846 5710
1744926073868 0.9155 5720
1744926086968 0.8873 5730
1744926100022 0.934 5740
1744926112974 0.9007 5750
1744926125742 0.9203 5760
1744926139114 0.8968 5770
1744926152043 0.9126 5780
1744926165152 0.9024 5790
1744926178131 0.8918 5800
1744926191376 0.8865 5810
1744926204163 0.934 5820
1744926217536 0.9323 5830
1744926230859 0.8716 5840
1744926244292 0.9455 5850
1744926257413 0.8618 5860
1744926271119 0.8985 5870
1744926284230 0.9389 5880
1744926297070 0.8706 5890
1744926310573 0.8963 5900
1744926323712 0.8776 5910
1744926336883 0.9172 5920
1744926350632 0.8713 5930
1744926363595 0.9037 5940
1744926376770 0.9298 5950
1744926389852 0.9058 5960
1744926402946 0.8839 5970
1744926415541 0.9066 5980
1744926428328 0.8817 5990
1744926441438 0.9238 6000
1744926454771 0.9648 6010
1744926468034 0.8727 6020
1744926481229 0.9358 6030
1744926494590 0.8812 6040
1744926544320 0.9412 6050
1744926557612 0.877 6060
1744926570544 0.8937 6070
1744926583720 0.8479 6080
1744926596941 0.902 6090
1744926610365 0.9214 6100
1744926623486 0.8948 6110
1744926636952 0.8866 6120
1744926650292 0.8529 6130
1744926663393 0.878 6140
1744926676765 0.8697 6150
1744926689858 0.9082 6160
1744926702950 0.8819 6170
1744926716297 0.904 6180
1744926729306 0.8827 6190
1744926742067 0.9333 6200
1744926754937 0.924 6210
1744926768096 0.8979 6220
1744926780943 0.934 6230
1744926794091 0.891 6240
1744926807217 0.9022 6250
1744926820521 0.8741 6260
1744926833403 0.9166 6270
1744926846345 0.8867 6280
1744926859234 0.8799 6290
1744926872222 0.9015 6300
1744926885312 0.8856 6310
1744926898712 0.8699 6320
1744926912819 0.8855 6330
1744926926051 0.8921 6340
1744926939213 0.8772 6350
1744926952769 0.88 6360
1744926965568 0.8468 6370
1744926978429 0.9003 6380
1744926991215 0.8598 6390
1744927004457 0.9398 6400
1744927017910 0.9045 6410
1744927031329 0.8675 6420
1744927044491 0.872 6430
1744927057842 0.8777 6440
1744927071151 0.9105 6450
1744927084289 0.8681 6460
1744927097761 0.8717 6470
1744927110262 0.8625 6480
1744927160567 0.8508 6490
1744927173722 0.845 6500
1744927186679 0.8777 6510
1744927199693 0.8614 6520
1744927212844 0.8745 6530
1744927226106 0.8603 6540
1744927239640 0.8395 6550
1744927252862 0.8613 6560
1744927265999 0.9316 6570
1744927279461 0.8924 6580
1744927292295 0.8825 6590
1744927305809 0.8413 6600
1744927318454 0.8273 6610
1744927331463 0.9002 6620
1744927344357 0.8952 6630
1744927357301 0.853 6640
1744927370503 0.8733 6650
1744927383554 0.8667 6660
1744927396523 0.8711 6670
1744927409214 0.8584 6680
1744927421994 0.9028 6690
1744927434820 0.8692 6700
1744927447870 0.868 6710
1744927460782 0.9094 6720
1744927473855 0.8759 6730
1744927487285 0.8622 6740
1744927500203 0.815 6750
1744927513664 0.8955 6760
1744927526393 0.881 6770
1744927539670 0.8753 6780
1744927552796 0.882 6790
1744927565871 0.8859 6800
1744927579052 0.8696 6810
1744927591909 0.8275 6820
1744927605183 0.8727 6830
1744927618194 0.8797 6840
1744927631504 0.8953 6850
1744927644804 0.8746 6860
1744927658073 0.9225 6870
1744927670855 0.9139 6880
1744927684129 0.8815 6890
1744927697561 0.8565 6900
1744927710476 0.8967 6910
1744927760228 0.88 6920
1744927773209 0.8755 6930
1744927786309 0.8613 6940
1744927799114 0.8681 6950
1744927812032 0.8708 6960
1744927824905 0.8708 6970
1744927838369 0.8585 6980
1744927851298 0.8863 6990
1744927864533 0.8942 7000
1744927877446 0.8691 7010
1744927890566 0.8649 7020
1744927903365 0.8579 7030
1744927916284 0.8795 7040
1744927929412 0.8531 7050
1744927942366 0.8585 7060
1744927955600 0.8528 7070
1744927968593 0.8498 7080
1744927981647 0.8999 7090
1744927994642 0.8422 7100
1744928007903 0.8673 7110
1744928021049 0.8351 7120
1744928033900 0.8306 7130
1744928046931 0.8775 7140
1744928059737 0.852 7150
1744928072571 0.8782 7160
1744928085664 0.8676 7170
1744928098890 0.8615 7180
1744928112143 0.8339 7190
1744928124874 0.8485 7200
1744928138003 0.8558 7210
1744928150836 0.8596 7220
1744928163908 0.8316 7230
1744928176820 0.8758 7240
1744928189889 0.8283 7250
1744928203022 0.8699 7260
1744928216312 0.8904 7270
1744928229099 0.8777 7280
1744928242034 0.8939 7290
1744928255212 0.8735 7300
1744928268164 0.8518 7310
1744928281308 0.8679 7320
1744928294582 0.8833 7330
1744928307956 0.9081 7340
1744928357625 0.8482 7350
1744928370519 0.8669 7360
1744928383129 0.8941 7370
1744928396087 0.8589 7380
1744928409298 0.8823 7390
1744928422378 0.8744 7400
1744928435402 0.896 7410
1744928448509 0.8698 7420
1744928461355 0.7907 7430
1744928474051 0.8436 7440
1744928487624 0.8484 7450
1744928500708 0.8599 7460
1744928514132 0.8735 7470
1744928527247 0.8332 7480
1744928540357 0.839 7490
1744928553524 0.8398 7500
1744928566855 0.8332 7510
1744928579758 0.8118 7520
1744928592985 0.8449 7530
1744928606343 0.8545 7540
1744928619113 0.8995 7550
1744928632429 0.8533 7560
1744928645408 0.802 7570
1744928658634 0.8842 7580
1744928671610 0.8485 7590
1744928684819 0.8018 7600
1744928697871 0.8513 7610
1744928711303 0.8448 7620
1744928724732 0.8529 7630
1744928738120 0.874 7640
1744928751727 0.8426 7650
1744928764573 0.8394 7660
1744928777682 0.8677 7670
1744928790504 0.8577 7680
1744928803606 0.8644 7690
1744928816539 0.8476 7700
1744928829437 0.8271 7710
1744928842699 0.8598 7720
1744928855579 0.8581 7730
1744928868681 0.8284 7740
1744928881614 0.8262 7750
1744928894512 0.8446 7760
1744928907312 0.7998 7770
1744928957032 0.8516 7780
1744928970173 0.851 7790
1744928983557 0.8216 7800
1744928996632 0.8608 7810
1744929009573 0.8292 7820
1744929022446 0.8251 7830
1744929035498 0.8488 7840
1744929048785 0.8607 7850
1744929062109 0.8026 7860
1744929075106 0.8558 7870
1744929088308 0.8632 7880
1744929101814 0.8288 7890
1744929114711 0.8164 7900
1744929127955 0.8268 7910
1744929140863 0.8245 7920
1744929154123 0.8375 7930
1744929167573 0.8226 7940
1744929180771 0.861 7950
1744929193955 0.8515 7960
1744929207436 0.834 7970
1744929220922 0.8508 7980
1744929233990 0.8391 7990
1744929246767 0.8228 8000
1744929259845 0.8635 8010
1744929272979 0.8155 8020
1744929285845 0.8394 8030
1744929298678 0.8313 8040
1744929311714 0.8183 8050
1744929324678 0.8473 8060
1744929337747 0.8601 8070
1744929350719 0.8703 8080
1744929363497 0.8274 8090
1744929376882 0.8718 8100
1744929390226 0.8492 8110
1744929403790 0.8146 8120
1744929417322 0.7947 8130
1744929430520 0.8284 8140
1744929443262 0.8264 8150
1744929456399 0.8391 8160
1744929469501 0.8234 8170
1744929482356 0.8364 8180
1744929495824 0.8494 8190
1744929508859 0.8438 8200
1744929558596 0.8314 8210
1744929572035 0.8417 8220
1744929585704 0.8358 8230
1744929598990 0.8349 8240
1744929612250 0.8328 8250
1744929625234 0.8064 8260
1744929638725 0.8255 8270
1744929651570 0.8547 8280
1744929664734 0.8184 8290
1744929677796 0.8291 8300
1744929690651 0.8559 8310
1744929703809 0.81 8320
1744929716602 0.8063 8330
1744929729734 0.8299 8340
1744929742760 0.8439 8350
1744929756355 0.8356 8360
1744929769067 0.8214 8370
1744929782104 0.825 8380
1744929795500 0.826 8390
1744929808414 0.8356 8400
1744929821483 0.8044 8410
1744929834480 0.7905 8420
1744929847398 0.832 8430
1744929860458 0.8062 8440
1744929873479 0.8309 8450
1744929886073 0.817 8460
1744929899173 0.8156 8470
1744929912681 0.8082 8480
1744929925555 0.8368 8490
1744929938826 0.8197 8500
1744929951687 0.8389 8510
1744929964966 0.8458 8520
1744929977889 0.8148 8530
1744929991222 0.8312 8540
1744930004069 0.8161 8550
1744930016913 0.7945 8560
1744930030166 0.8295 8570
1744930042948 0.8447 8580
1744930055990 0.8558 8590
1744930068713 0.82 8600
1744930081904 0.8318 8610
1744930094721 0.851 8620
1744930107650 0.815 8630
1744930120019 0.8415 8640
1744930169302 0.8757 8650
1744930182370 0.8198 8660
1744930195182 0.7747 8670
1744930208250 0.8031 8680
1744930221409 0.8396 8690
1744930234949 0.822 8700
1744930247850 0.8241 8710
1744930260931 0.8166 8720
1744930273871 0.8393 8730
1744930287250 0.8119 8740
1744930300068 0.8163 8750
1744930313106 0.7987 8760
1744930326314 0.8109 8770
1744930339273 0.8071 8780
1744930352392 0.7865 8790
1744930365320 0.842 8800
1744930378776 0.8589 8810
1744930391826 0.8226 8820
1744930404966 0.8402 8830
1744930417711 0.8327 8840
1744930430592 0.7987 8850
1744930443944 0.8191 8860
1744930457132 0.81 8870
1744930470520 0.8312 8880
1744930483578 0.804 8890
1744930496905 0.7901 8900
1744930509747 0.7859 8910
1744930522954 0.7867 8920
1744930535745 0.8181 8930
1744930548977 0.828 8940
1744930562163 0.8037 8950
1744930575162 0.8338 8960
1744930588278 0.8325 8970
1744930601082 0.8374 8980
1744930614346 0.836 8990
1744930627140 0.8305 9000
1744930640223 0.8039 9010
1744930653260 0.823 9020
1744930666272 0.7854 9030
1744930679541 0.8412 9040
1744930692503 0.8198 9050
1744930705819 0.8115 9060
1744930719009 0.8062 9070
1744930769375 0.8117 9080
1744930782349 0.8212 9090
1744930795476 0.791 9100
1744930808319 0.8053 9110
1744930821563 0.806 9120
1744930834514 0.8191 9130
1744930847625 0.8157 9140
1744930860512 0.7947 9150
1744930873286 0.8136 9160
1744930886678 0.8001 9170
1744930899590 0.8104 9180
1744930912867 0.8314 9190
1744930925643 0.8422 9200
1744930938832 0.8165 9210
1744930951878 0.8091 9220
1744930965194 0.8322 9230
1744930978071 0.838 9240
1744930991050 0.8135 9250
1744931004372 0.7857 9260
1744931017519 0.8191 9270
1744931030944 0.8103 9280
1744931044062 0.8319 9290
1744931057034 0.7844 9300
1744931070166 0.777 9310
1744931083652 0.8073 9320
1744931096790 0.8191 9330
1744931110093 0.7995 9340
1744931123372 0.83 9350
1744931136018 0.8149 9360
1744931149335 0.8314 9370
1744931162743 0.806 9380
1744931175880 0.7981 9390
1744931188967 0.8275 9400
1744931202244 0.8006 9410
1744931215334 0.8063 9420
1744931228609 0.8117 9430
1744931241870 0.7915 9440
1744931255004 0.8 9450
1744931268202 0.7972 9460
1744931281178 0.8025 9470
1744931294300 0.7967 9480
1744931307297 0.8193 9490
1744931320111 0.792 9500
1744931369883 0.8193 9510
1744931382910 0.853 9520
1744931395876 0.7957 9530
1744931409769 0.8154 9540
1744931423155 0.8069 9550
1744931435991 0.8109 9560
1744931449214 0.7955 9570
1744931462423 0.7989 9580
1744931475851 0.8059 9590
1744931489143 0.805 9600
1744931502336 0.8063 9610
1744931515049 0.8163 9620
1744931528616 0.8025 9630
1744931541779 0.7932 9640
1744931554784 0.7907 9650
1744931568271 0.8001 9660
1744931581706 0.788 9670
1744931594993 0.813 9680
1744931607896 0.7673 9690
1744931621334 0.793 9700
1744931634324 0.7982 9710
1744931647584 0.7856 9720
1744931660722 0.8043 9730
1744931673459 0.7684 9740
1744931686712 0.8269 9750
1744931699854 0.799 9760
1744931713388 0.8138 9770
1744931726317 0.7946 9780
1744931739064 0.8094 9790
1744931752323 0.809 9800
1744931765415 0.7922 9810
1744931778956 0.7959 9820
1744931791829 0.795 9830
1744931805133 0.8018 9840
1744931818306 0.7732 9850
1744931831525 0.8111 9860
1744931844595 0.7858 9870
1744931857573 0.8226 9880
1744931870846 0.8156 9890
1744931883575 0.7828 9900
1744931896678 0.7897 9910
1744931909972 0.7848 9920
1744931923343 0.8055 9930
1744931973079 0.7899 9940
1744931986102 0.7974 9950
1744931999241 0.7843 9960
1744932012119 0.7859 9970
1744932025331 0.7874 9980
1744932038136 0.7751 9990
1744932051310 0.8143 10000
1744932064320 0.7945 10010
1744932077439 0.7924 10020
1744932090644 0.8217 10030
1744932103735 0.8056 10040
1744932117060 0.8039 10050
1744932129919 0.7786 10060
1744932143204 0.8128 10070
1744932156294 0.8 10080
1744932169958 0.7851 10090
1744932183251 0.8043 10100
1744932196533 0.7807 10110
1744932209767 0.8 10120
1744932222673 0.8074 10130
1744932235883 0.7966 10140
1744932249084 0.8003 10150
1744932262663 0.7916 10160
1744932276051 0.7867 10170
1744932290219 0.8037 10180
1744932303896 0.7995 10190
1744932318054 0.7978 10200
1744932332453 0.796 10210
1744932346250 0.8197 10220
1744932360211 0.8029 10230
1744932374029 0.792 10240
1744932388528 0.7826 10250
1744932402295 0.8108 10260
1744932416226 0.7909 10270
1744932430504 0.7945 10280
1744932444162 0.8237 10290
1744932457970 0.8155 10300
1744932471851 0.8227 10310
1744932485839 0.796 10320
1744932499335 0.7823 10330
1744932513046 0.7946 10340
1744932526728 0.7607 10350
1744932540039 0.7985 10360
1744932592963 0.7688 10370
1744932606324 0.7872 10380
1744932620120 0.7944 10390
1744932633852 0.7798 10400
1744932647861 0.7941 10410
1744932661631 0.7889 10420
1744932675737 0.8027 10430
1744932689458 0.8145 10440
1744932703258 0.7865 10450
1744932717468 0.7972 10460
1744932731086 0.7649 10470
1744932744518 0.7969 10480
1744932757628 0.7767 10490
1744932771782 0.7845 10500
1744932784804 0.8045 10510
1744932798183 0.7806 10520
1744932812189 0.7659 10530
1744932825807 0.8049 10540
1744932839577 0.7907 10550
1744932852743 0.7714 10560
1744932866137 0.8043 10570
1744932879071 0.7766 10580
1744932892447 0.7911 10590
1744932906064 0.7734 10600
1744932919405 0.7822 10610
1744932933167 0.7837 10620
1744932946841 0.8063 10630
1744932960580 0.8078 10640
1744932973814 0.7897 10650
1744932987798 0.7782 10660
1744933001430 0.7961 10670
1744933014864 0.8028 10680
1744933028784 0.8119 10690
1744933042137 0.7719 10700
1744933055874 0.8109 10710
1744933069621 0.7738 10720
1744933083391 0.7768 10730
1744933096929 0.8002 10740
1744933110603 0.7646 10750
1744933124211 0.8035 10760
1744933138024 0.7766 10770
1744933151924 0.7755 10780
1744933165566 0.8125 10790
1744933178689 0.7835 10800
1744933231882 0.7786 10810
1744933245475 0.7904 10820
1744933259293 0.7945 10830
1744933272994 0.7758 10840
1744933286346 0.7832 10850
1744933300301 0.804 10860
1744933314238 0.7937 10870
1744933328088 0.8008 10880
1744933341842 0.7695 10890
1744933355611 0.789 10900
1744933369684 0.8009 10910
1744933383215 0.7812 10920
1744933397533 0.7699 10930
1744933411323 0.8352 10940
1744933424704 0.7716 10950
1744933438307 0.8091 10960
1744933452307 0.7952 10970
1744933465770 0.7918 10980
1744933479453 0.7772 10990
1744933493732 0.7493 11000
1744933507746 0.8021 11010
1744933521447 0.8189 11020
1744933535448 0.7646 11030
1744933548854 0.7921 11040
1744933562274 0.781 11050
1744933575937 0.7793 11060
1744933590015 0.7793 11070
1744933603557 0.7636 11080
1744933617681 0.7672 11090
1744933631087 0.7753 11100
1744933644814 0.7889 11110
1744933658663 0.766 11120
1744933671902 0.7725 11130
1744933685438 0.7826 11140
1744933698576 0.793 11150
1744933711865 0.769 11160
1744933725039 0.7689 11170
1744933738224 0.7821 11180
1744933751958 0.7742 11190
1744933765050 0.7927 11200
1744933778538 0.7655 11210
1744933791584 0.7654 11220
1744933804856 0.7853 11230
1744933854162 0.7736 11240
1744933867440 0.7657 11250
1744933880594 0.7854 11260
1744933893664 0.7562 11270
1744933906782 0.7891 11280
1744933920641 0.7846 11290
1744933933930 0.7762 11300
1744933947034 0.7666 11310
1744933960228 0.7706 11320
1744933973406 0.7756 11330
1744933987056 0.7591 11340
1744934000151 0.7867 11350
1744934013071 0.7855 11360
1744934026053 0.783 11370
1744934039300 0.7788 11380
1744934052351 0.8012 11390
1744934065352 0.7669 11400
1744934078622 0.7808 11410
1744934091476 0.7688 11420
1744934104964 0.7819 11430
1744934118226 0.77 11440
1744934131586 0.8118 11450
1744934144389 0.7645 11460
1744934157343 0.7738 11470
1744934170832 0.7945 11480
1744934183558 0.7717 11490
1744934196441 0.7761 11500
1744934209240 0.764 11510
1744934222352 0.7824 11520
1744934235459 0.7676 11530
1744934248464 0.7834 11540
1744934262090 0.7974 11550
1744934275305 0.7703 11560
1744934289093 0.7895 11570
1744934302570 0.7624 11580
1744934315869 0.7976 11590
1744934329085 0.7828 11600
1744934342578 0.7746 11610
1744934355828 0.7652 11620
1744934369020 0.7721 11630
1744934382272 0.7868 11640
1744934395236 0.8434 11650
1744934408526 0.7885 11660
1744934458850 0.8101 11670
1744934472147 0.7768 11680
1744934485300 0.7824 11690
1744934498453 0.8155 11700
1744934511491 0.7588 11710
1744934524677 0.7679 11720
1744934538689 0.7616 11730
1744934551746 0.7802 11740
1744934564986 0.7996 11750
1744934577889 0.7782 11760
1744934591508 0.7823 11770
1744934604567 0.79 11780
1744934617983 0.7634 11790
1744934631370 0.7761 11800
1744934644665 0.7606 11810
1744934658125 0.7745 11820
1744934671191 0.7883 11830
1744934684249 0.7894 11840
1744934697190 0.7728 11850
1744934710530 0.8198 11860
1744934723766 0.7849 11870
1744934737751 0.7827 11880
1744934750765 0.8016 11890
1744934763667 0.7767 11900
1744934776569 0.7757 11910
1744934789764 0.7936 11920
1744934803132 0.7748 11930
1744934816292 0.7613 11940
1744934829950 0.8028 11950
1744934842717 0.7395 11960
1744934855668 0.7542 11970
1744934868918 0.7815 11980
1744934881943 0.7534 11990
1744934895370 0.773 12000
1744934908403 0.7936 12010
1744934921658 0.7748 12020
1744934935087 0.7674 12030
1744934948465 0.7632 12040
1744934961424 0.7795 12050
1744934974522 0.7645 12060
1744934988314 0.76 12070
1744935001374 0.7895 12080
1744935014858 0.8095 12090
1744935064618 0.7921 12100
1744935077580 0.7778 12110
1744935090410 0.8038 12120
1744935103450 0.7687 12130
1744935116607 0.8026 12140
1744935130079 0.7861 12150
1744935143252 0.7766 12160
1744935156466 0.7656 12170
1744935169783 0.7598 12180
1744935182794 0.7846 12190
1744935195858 0.7928 12200
1744935208725 0.7762 12210
1744935221821 0.7736 12220
1744935234688 0.7822 12230
1744935247813 0.7848 12240
1744935260652 0.7821 12250
1744935273513 0.7749 12260
1744935286601 0.8025 12270
1744935299641 0.8067 12280
1744935312796 0.7821 12290
1744935325846 0.7835 12300
1744935339086 0.7574 12310
1744935352052 0.7852 12320
1744935365418 0.7557 12330
1744935378239 0.7749 12340
1744935391028 0.7667 12350
1744935404214 0.7712 12360
1744935417239 0.7769 12370
1744935430376 0.7794 12380
1744935443566 0.772 12390
1744935456581 0.7752 12400
1744935469647 0.7482 12410
1744935482542 0.7578 12420
1744935495950 0.7723 12430
1744935508966 0.7757 12440
1744935522270 0.7632 12450
1744935535315 0.8023 12460
1744935548533 0.7859 12470
1744935561471 0.7938 12480
1744935574656 0.7717 12490
1744935587543 0.7628 12500
1744935600503 0.7726 12510
1744935614045 0.7587 12520
1744935663980 0.7794 12530
1744935677194 0.8109 12540
1744935690540 0.8029 12550
1744935703585 0.7773 12560
1744935716669 0.7745 12570
1744935729783 0.7867 12580
1744935742728 0.7781 12590
1744935756126 0.7514 12600
1744935769300 0.778 12610
1744935782377 0.7819 12620
1744935795720 0.7722 12630
1744935809369 0.7815 12640
1744935822782 0.7884 12650
1744935836167 0.79 12660
1744935849305 0.7932 12670
1744935862173 0.7564 12680
1744935875283 0.7781 12690
1744935887949 0.7852 12700
1744935901524 0.7983 12710
1744935914509 0.7603 12720
1744935927542 0.7566 12730
1744935940842 0.782 12740
1744935953835 0.7661 12750
1744935966978 0.7993 12760
1744935980126 0.8084 12770
1744935993170 0.7794 12780
1744936006301 0.7752 12790
1744936019291 0.778 12800
1744936032659 0.7891 12810
1744936045500 0.8184 12820
1744936058735 0.7754 12830
1744936071864 0.7932 12840
1744936085192 0.7856 12850
1744936098300 0.7832 12860
1744936111322 0.8167 12870
1744936124349 0.7757 12880
1744936137145 0.7541 12890
1744936150320 0.7841 12900
1744936163498 0.7881 12910
1744936176560 0.7791 12920
1744936189469 0.7762 12930
1744936202594 0.787 12940
1744936216061 0.7828 12950
1744936228561 0.7483 12960
