1744576607045 0.5263157894736842 10
1744576626059 1.0 19
1744576629830 1.0526315789473684 20
1744576643531 1.5789473684210527 30
1744576659517 2.0 38
1744576664641 2.1052631578947367 40
1744576678698 2.6315789473684212 50
1744576693304 3.0 57
1744576699627 3.1578947368421053 60
1744576713490 3.6842105263157894 70
1744576726632 4.0 76
1744576734388 4.2105263157894735 80
1744576747788 4.7368421052631575 90
1744576759895 5.0 95
1744576769032 5.2631578947368425 100
1744576782386 5.7894736842105265 110
1744576792363 6.0 114
1744576802836 6.315789473684211 120
1744576816323 6.842105263157895 130
1744576824970 7.0 133
1744576836948 7.368421052631579 140
1744576850229 7.894736842105263 150
1744576857584 8.0 152
1744576870699 8.421052631578947 160
1744576883563 8.947368421052632 170
1744576889984 9.0 171
1744576904369 9.473684210526315 180
1744576916210 10.0 190
1744576922416 10.0 190
1744576937838 10.526315789473685 200
1744576954586 11.0 209
1744576958394 11.052631578947368 210
1744576971764 11.578947368421053 220
1744576987095 12.0 228
1744576992228 12.105263157894736 230
1744577005305 12.631578947368421 240
1744577019341 13.0 247
1744577025681 13.157894736842104 250
1744577038934 13.68421052631579 260
1744577051748 14.0 266
1744577059365 14.210526315789474 270
1744577072626 14.736842105263158 280
1744577084065 15.0 285
1744577085855 15.0 285
1744577086393 15.0 0
1744577092343 15.0 285
