1744576607045 0.7317312955856323 10
1744576629830 0.7526478171348572 20
1744576643531 0.8005768060684204 30
1744576664641 0.8556066751480103 40
1744576678698 0.8608667850494385 50
1744576699627 0.8768601417541504 60
1744576713490 0.8840662837028503 70
1744576734388 0.9049545526504517 80
1744576747788 0.9342159032821655 90
1744576769032 0.947747528553009 100
1744576782386 1.0835251808166504 110
1744576802836 0.9759933948516846 120
1744576816323 0.9961177110671997 130
1744576836948 1.001041293144226 140
1744576850229 0.990087628364563 150
1744576870699 1.0012797117233276 160
1744576883563 0.9737957715988159 170
1744576904369 1.0289151668548584 180
1744576916210 1.2718759775161743 190
1744576937838 1.017581582069397 200
1744576958394 1.022325038909912 210
1744576971764 1.0407847166061401 220
1744576992228 1.0356744527816772 230
1744577005305 1.0510048866271973 240
1744577025681 1.0492011308670044 250
1744577038934 1.046778917312622 260
1744577059365 1.0163558721542358 270
1744577072626 1.2453575134277344 280
