1744576607045 9.68421052631579e-06 10
1744576629830 9.333333333333334e-06 20
1744576643531 8.982456140350878e-06 30
1744576664641 8.631578947368422e-06 40
1744576678698 8.280701754385965e-06 50
1744576699627 7.929824561403509e-06 60
1744576713490 7.578947368421054e-06 70
1744576734388 7.228070175438597e-06 80
1744576747788 6.877192982456141e-06 90
1744576769032 6.526315789473685e-06 100
1744576782386 6.175438596491229e-06 110
1744576802836 5.824561403508773e-06 120
1744576816323 5.4736842105263165e-06 130
1744576836948 5.12280701754386e-06 140
1744576850229 4.771929824561404e-06 150
1744576870699 4.4210526315789476e-06 160
1744576883563 4.070175438596491e-06 170
1744576904369 3.7192982456140354e-06 180
1744576916210 3.368421052631579e-06 190
1744576937838 3.017543859649123e-06 200
1744576958394 2.666666666666667e-06 210
1744576971764 2.3157894736842105e-06 220
1744576992228 1.9649122807017546e-06 230
1744577005305 1.6140350877192983e-06 240
1744577025681 1.2631578947368422e-06 250
1744577038934 9.122807017543861e-07 260
1744577059365 5.614035087719299e-07 270
1744577072626 2.105263157894737e-07 280
