1744576607045 2.6987 10
1744576629830 2.6541 20
1744576643531 2.6131 30
1744576664641 2.576 40
1744576678698 2.5353 50
1744576699627 2.4912 60
1744576713490 2.4509 70
1744576734388 2.4221 80
1744576747788 2.3798 90
1744576769032 2.3329 100
1744576782386 2.3152 110
1744576802836 2.2815 120
1744576816323 2.2453 130
1744576836948 2.2106 140
1744576850229 2.1966 150
1744576870699 2.1719 160
1744576883563 2.1522 170
1744576904369 2.1282 180
1744576916210 2.1171 190
1744576937838 2.0876 200
1744576958394 2.0938 210
1744576971764 2.07 220
1744576992228 2.0553 230
1744577005305 2.0459 240
1744577025681 2.0393 250
1744577038934 2.039 260
1744577059365 2.0363 270
1744577072626 2.0245 280
