1744588469324 0.2631578947368421 10
1744588478309 0.5263157894736842 20
1744588487164 0.7894736842105263 30
1744588502403 1.0 38
1744588506021 1.0526315789473684 40
1744588514558 1.3157894736842106 50
1744588523058 1.5789473684210527 60
1744588531196 1.8421052631578947 70
1744588542819 2.0 76
1744588548003 2.1052631578947367 80
1744588556380 2.3684210526315788 90
1744588564890 2.6315789473684212 100
1744588573204 2.8947368421052633 110
1744588582988 3.0 114
1744588589936 3.1578947368421053 120
1744588598264 3.4210526315789473 130
1744588606372 3.6842105263157894 140
1744588614876 3.9473684210526314 150
1744588623178 4.0 152
1744588631706 4.2105263157894735 160
1744588640034 4.473684210526316 170
1744588648084 4.7368421052631575 180
1744588655490 5.0 190
1744588662357 5.0 190
1744588672714 5.2631578947368425 200
1744588680862 5.526315789473684 210
1744588689183 5.7894736842105265 220
1744588702128 6.0 228
1744588705941 6.052631578947368 230
1744588714498 6.315789473684211 240
1744588722729 6.578947368421053 250
1744588731057 6.842105263157895 260
1744588742069 7.0 266
1744588747689 7.105263157894737 270
1744588756258 7.368421052631579 280
1744588764327 7.631578947368421 290
1744588772880 7.894736842105263 300
1744588782137 8.0 304
1744588789037 8.157894736842104 310
1744588797561 8.421052631578947 320
1744588805572 8.68421052631579 330
1744588813795 8.947368421052632 340
1744588821335 9.0 342
1744588830016 9.210526315789474 350
1744588838115 9.473684210526315 360
1744588846349 9.736842105263158 370
1744588853819 10.0 380
1744588860604 10.0 380
1744588870972 10.263157894736842 390
1744588879465 10.526315789473685 400
1744588887858 10.789473684210526 410
1744588900707 11.0 418
1744588904487 11.052631578947368 420
1744588912943 11.31578947368421 430
1744588920954 11.578947368421053 440
1744588929379 11.842105263157894 450
1744588941383 12.0 456
1744588946923 12.105263157894736 460
1744588955360 12.368421052631579 470
1744588963768 12.631578947368421 480
1744588972094 12.894736842105264 490
1744588981157 13.0 494
1744588988285 13.157894736842104 500
1744588996400 13.421052631578947 510
1744589004628 13.68421052631579 520
1744589012906 13.947368421052632 530
1744589020669 14.0 532
1744589029371 14.210526315789474 540
1744589037436 14.473684210526315 550
1744589045748 14.736842105263158 560
1744589052967 15.0 570
1744589060066 15.0 570
1744589061786 15.0 570
1744589062338 15.0 0
1744589069210 15.0 570
