1744588469324 1.0179111957550049 10
1744588478309 1.065885066986084 20
1744588487164 1.051522970199585 30
1744588506021 1.1934071779251099 40
1744588514558 1.1299129724502563 50
1744588523058 1.1855621337890625 60
1744588531196 1.2988967895507812 70
1744588548003 1.2539459466934204 80
1744588556380 1.3079369068145752 90
1744588564890 1.2605849504470825 100
1744588573204 1.3354735374450684 110
1744588589936 1.4159036874771118 120
1744588598264 1.2886263132095337 130
1744588606372 1.5029350519180298 140
1744588614876 1.4640586376190186 150
1744588631706 1.6973507404327393 160
1744588640034 1.6395798921585083 170
1744588648084 1.543662190437317 180
1744588655490 6.252841472625732 190
1744588672714 1.3974297046661377 200
1744588680862 1.6996077299118042 210
1744588689183 1.6380386352539062 220
1744588705941 1.8282365798950195 230
1744588714498 2.362971782684326 240
1744588722729 2.5609469413757324 250
1744588731057 2.1721351146698 260
1744588747689 1.9330894947052002 270
1744588756258 2.381596565246582 280
1744588764327 2.3428704738616943 290
1744588772880 1.532314658164978 300
1744588789037 1.8506836891174316 310
1744588797561 3.620729684829712 320
1744588805572 2.092233896255493 330
1744588813795 2.219994306564331 340
1744588830016 1.7051347494125366 350
1744588838115 1.6700440645217896 360
1744588846349 2.2582852840423584 370
1744588853819 4.451707363128662 380
1744588870972 2.047558307647705 390
1744588879465 1.9762037992477417 400
1744588887858 2.0307607650756836 410
1744588904487 1.9791568517684937 420
1744588912943 2.515747547149658 430
1744588920954 2.163235902786255 440
1744588929379 2.0290353298187256 450
1744588946923 2.301666498184204 460
1744588955360 2.302485466003418 470
1744588963768 2.084301710128784 480
1744588972094 1.7987008094787598 490
1744588988285 1.9721201658248901 500
1744588996400 2.5217535495758057 510
1744589004628 1.9642714262008667 520
1744589012906 2.1877171993255615 530
1744589029371 3.2920844554901123 540
1744589037436 2.443814992904663 550
1744589045748 2.744598150253296 560
1744589052967 8.606934547424316 570
