1744588469324 2.9526315789473684e-05 10
1744588478309 2.9e-05 20
1744588487164 2.8473684210526317e-05 30
1744588506021 2.7947368421052633e-05 40
1744588514558 2.7421052631578946e-05 50
1744588523058 2.6894736842105266e-05 60
1744588531196 2.636842105263158e-05 70
1744588548003 2.5842105263157895e-05 80
1744588556380 2.531578947368421e-05 90
1744588564890 2.4789473684210528e-05 100
1744588573204 2.426315789473684e-05 110
1744588589936 2.373684210526316e-05 120
1744588598264 2.3210526315789473e-05 130
1744588606372 2.268421052631579e-05 140
1744588614876 2.2157894736842106e-05 150
1744588631706 2.1631578947368423e-05 160
1744588640034 2.1105263157894736e-05 170
1744588648084 2.0578947368421055e-05 180
1744588655490 2.0052631578947368e-05 190
1744588672714 1.9526315789473685e-05 200
1744588680862 1.9e-05 210
1744588689183 1.8473684210526317e-05 220
1744588705941 1.794736842105263e-05 230
1744588714498 1.742105263157895e-05 240
1744588722729 1.6894736842105263e-05 250
1744588731057 1.636842105263158e-05 260
1744588747689 1.5842105263157896e-05 270
1744588756258 1.5315789473684212e-05 280
1744588764327 1.4789473684210525e-05 290
1744588772880 1.4263157894736842e-05 300
1744588789037 1.3736842105263158e-05 310
1744588797561 1.3210526315789473e-05 320
1744588805572 1.2684210526315789e-05 330
1744588813795 1.2157894736842105e-05 340
1744588830016 1.163157894736842e-05 350
1744588838115 1.1105263157894736e-05 360
1744588846349 1.0578947368421053e-05 370
1744588853819 1.0052631578947367e-05 380
1744588870972 9.526315789473684e-06 390
1744588879465 9e-06 400
1744588887858 8.473684210526315e-06 410
1744588904487 7.947368421052631e-06 420
1744588912943 7.421052631578948e-06 430
1744588920954 6.894736842105263e-06 440
1744588929379 6.368421052631579e-06 450
1744588946923 5.842105263157895e-06 460
1744588955360 5.315789473684211e-06 470
1744588963768 4.789473684210526e-06 480
1744588972094 4.2631578947368425e-06 490
1744588988285 3.736842105263158e-06 500
1744588996400 3.210526315789474e-06 510
1744589004628 2.6842105263157895e-06 520
1744589012906 2.1578947368421054e-06 530
1744589029371 1.6315789473684212e-06 540
1744589037436 1.1052631578947367e-06 550
1744589045748 5.789473684210526e-07 560
1744589052967 5.263157894736842e-08 570
