1744588469324 2.6685 10
1744588478309 2.5804 20
1744588487164 2.4898 30
1744588506021 2.4354 40
1744588514558 2.3184 50
1744588523058 2.2256 60
1744588531196 2.1465 70
1744588548003 2.0551 80
1744588556380 2.0041 90
1744588564890 1.9123 100
1744588573204 1.8821 110
1744588589936 1.746 120
1744588598264 1.7299 130
1744588606372 1.6921 140
1744588614876 1.6662 150
1744588631706 1.5699 160
1744588640034 1.5533 170
1744588648084 1.5149 180
1744588655490 1.4872 190
1744588672714 1.4315 200
1744588680862 1.3844 210
1744588689183 1.3753 220
1744588705941 1.3387 230
1744588714498 1.3093 240
1744588722729 1.2785 250
1744588731057 1.2498 260
1744588747689 1.198 270
1744588756258 1.2085 280
1744588764327 1.1705 290
1744588772880 1.2221 300
1744588789037 1.1873 310
1744588797561 1.1278 320
1744588805572 1.0667 330
1744588813795 1.118 340
1744588830016 1.0675 350
1744588838115 1.0656 360
1744588846349 1.053 370
1744588853819 1.0541 380
1744588870972 0.968 390
1744588879465 0.993 400
1744588887858 1.0335 410
1744588904487 1.0131 420
1744588912943 1.023 430
1744588920954 0.9773 440
1744588929379 0.9534 450
1744588946923 0.9808 460
1744588955360 0.9603 470
1744588963768 0.9511 480
1744588972094 0.9575 490
1744588988285 0.9958 500
1744588996400 0.9315 510
1744589004628 0.946 520
1744589012906 0.9392 530
1744589029371 0.9018 540
1744589037436 0.931 550
1744589045748 0.935 560
1744589052967 1.0035 570
