1744593294717 0.5263157894736842 10
1744593313063 1.0 19
1744593316682 1.0526315789473684 20
1744593330212 1.5789473684210527 30
1744593345674 2.0 38
1744593350879 2.1052631578947367 40
1744593364278 2.6315789473684212 50
1744593378473 3.0 57
1744593384900 3.1578947368421053 60
1744593398249 3.6842105263157894 70
1744593410844 4.0 76
1744593418836 4.2105263157894735 80
1744593432131 4.7368421052631575 90
1744593443631 5.0 95
1744593452551 5.2631578947368425 100
1744593465698 5.7894736842105265 110
1744593475974 6.0 114
1744593486261 6.315789473684211 120
1744593499367 6.842105263157895 130
1744593508048 7.0 133
1744593519870 7.368421052631579 140
1744593533089 7.894736842105263 150
1744593540950 8.0 152
1744593554021 8.421052631578947 160
1744593566903 8.947368421052632 170
1744593573345 9.0 171
1744593587960 9.473684210526315 180
1744593599733 10.0 190
1744593606090 10.0 190
1744593621780 10.526315789473685 200
1744593638537 11.0 209
1744593642310 11.052631578947368 210
1744593655527 11.578947368421053 220
1744593671176 12.0 228
1744593676217 12.105263157894736 230
1744593689434 12.631578947368421 240
1744593703580 13.0 247
1744593709890 13.157894736842104 250
1744593722952 13.68421052631579 260
1744593736291 14.0 266
1744593744428 14.210526315789474 270
1744593757398 14.736842105263158 280
1744593768772 15.0 285
1744593770557 15.0 285
1744593771085 15.0 0
1744593777121 15.0 285
