1744593294717 0.733833909034729 10
1744593316682 0.8748674988746643 20
1744593330212 0.9401652216911316 30
1744593350879 0.9891807436943054 40
1744593364278 1.0251795053482056 50
1744593384900 1.1812392473220825 60
1744593398249 0.9595592021942139 70
1744593418836 1.0696756839752197 80
1744593432131 1.1085489988327026 90
1744593452551 1.1667296886444092 100
1744593465698 1.2511850595474243 110
1744593486261 1.1521321535110474 120
1744593499367 1.1582266092300415 130
1744593519870 1.2219318151474 140
1744593533089 1.120078682899475 150
1744593554021 1.422565221786499 160
1744593566903 1.4297491312026978 170
1744593587960 1.3224639892578125 180
1744593599733 1.6648151874542236 190
1744593621780 1.3337807655334473 200
1744593642310 1.3759664297103882 210
1744593655527 1.4504996538162231 220
1744593676217 1.3222733736038208 230
1744593689434 1.520743727684021 240
1744593709890 1.6550042629241943 250
1744593722952 1.487467646598816 260
1744593744428 1.3756389617919922 270
1744593757398 1.218951940536499 280
