1744593294717 2.905263157894737e-05 10
1744593316682 2.8e-05 20
1744593330212 2.6947368421052632e-05 30
1744593350879 2.5894736842105265e-05 40
1744593364278 2.4842105263157894e-05 50
1744593384900 2.3789473684210527e-05 60
1744593398249 2.273684210526316e-05 70
1744593418836 2.168421052631579e-05 80
1744593432131 2.0631578947368422e-05 90
1744593452551 1.9578947368421055e-05 100
1744593465698 1.8526315789473684e-05 110
1744593486261 1.7473684210526317e-05 120
1744593499367 1.642105263157895e-05 130
1744593519870 1.536842105263158e-05 140
1744593533089 1.431578947368421e-05 150
1744593554021 1.3263157894736843e-05 160
1744593566903 1.2210526315789474e-05 170
1744593587960 1.1157894736842105e-05 180
1744593599733 1.0105263157894738e-05 190
1744593621780 9.052631578947369e-06 200
1744593642310 8e-06 210
1744593655527 6.9473684210526315e-06 220
1744593676217 5.8947368421052634e-06 230
1744593689434 4.842105263157895e-06 240
1744593709890 3.7894736842105264e-06 250
1744593722952 2.7368421052631583e-06 260
1744593744428 1.6842105263157895e-06 270
1744593757398 6.315789473684211e-07 280
