1744593294717 2.6635 10
1744593316682 2.5433 20
1744593330212 2.4154 30
1744593350879 2.2982 40
1744593364278 2.191 50
1744593384900 2.0845 60
1744593398249 1.9786 70
1744593418836 1.9141 80
1744593432131 1.8289 90
1744593452551 1.7332 100
1744593465698 1.6992 110
1744593486261 1.653 120
1744593499367 1.5904 130
1744593519870 1.5294 140
1744593533089 1.5066 150
1744593554021 1.4592 160
1744593566903 1.429 170
1744593587960 1.383 180
1744593599733 1.3863 190
1744593621780 1.3449 200
1744593642310 1.3384 210
1744593655527 1.3143 220
1744593676217 1.2896 230
1744593689434 1.2698 240
1744593709890 1.2647 250
1744593722952 1.2839 260
1744593744428 1.2535 270
1744593757398 1.2497 280
