1744730753571 0.4 10
1744730784999 0.8 20
1744730813246 1.0 25
1744730831876 1.2 30
1744730862122 1.6 40
1744730888047 2.0 50
1744730904024 2.0 50
1744730937510 2.4 60
1744730968011 2.8 70
1744730994429 3.0 75
1744731013374 3.2 80
1744731043481 3.6 90
1744731069142 4.0 100
1744731085255 4.0 100
1744731119095 4.4 110
1744731149187 4.8 120
1744731175420 5.0 125
1744731193935 5.2 130
1744731223949 5.6 140
1744731249590 6.0 150
1744731265237 6.0 150
1744731299008 6.4 160
1744731329209 6.8 170
1744731355692 7.0 175
1744731374216 7.2 180
1744731404348 7.6 190
1744731429792 8.0 200
1744731445467 8.0 200
1744731478875 8.4 210
1744731508745 8.8 220
1744731535020 9.0 225
1744731553424 9.2 230
1744731583587 9.6 240
1744731609364 10.0 250
1744731625036 10.0 250
1744731658863 10.4 260
1744731688952 10.8 270
1744731715085 11.0 275
1744731733781 11.2 280
1744731763840 11.6 290
1744731789312 12.0 300
1744731805528 12.0 300
1744731839326 12.4 310
1744731869108 12.8 320
1744731895642 13.0 325
1744731914271 13.2 330
1744731944341 13.6 340
1744731970298 14.0 350
1744731986119 14.0 350
1744732020213 14.4 360
1744732050808 14.8 370
1744732077378 15.0 375
1744732095931 15.2 380
1744732126306 15.6 390
1744732152206 16.0 400
1744732168022 16.0 400
1744732201528 16.4 410
1744732231700 16.8 420
1744732258438 17.0 425
1744732277055 17.2 430
1744732307386 17.6 440
1744732333188 18.0 450
1744732348813 18.0 450
1744732382548 18.4 460
1744732412578 18.8 470
1744732439132 19.0 475
1744732457705 19.2 480
1744732487397 19.6 490
1744732513107 20.0 500
1744732528840 20.0 500
1744732562701 20.4 510
1744732592972 20.8 520
1744732619505 21.0 525
1744732638239 21.2 530
1744732668338 21.6 540
1744732694283 22.0 550
1744732710032 22.0 550
1744732743534 22.4 560
1744732773876 22.8 570
1744732800573 23.0 575
1744732819351 23.2 580
1744732849287 23.6 590
1744732874867 24.0 600
1744732890617 24.0 600
1744732924195 24.4 610
1744732954583 24.8 620
1744732981027 25.0 625
1744732999611 25.2 630
1744733029902 25.6 640
1744733055547 26.0 650
1744733071347 26.0 650
1744733104768 26.4 660
1744733134790 26.8 670
1744733160893 27.0 675
1744733179410 27.2 680
1744733209654 27.6 690
1744733235448 28.0 700
1744733251512 28.0 700
1744733285227 28.4 710
1744733315502 28.8 720
1744733341939 29.0 725
1744733360339 29.2 730
1744733390707 29.6 740
1744733416331 30.0 750
1744733432098 30.0 750
1744733433741 30.0 750
1744733434214 30.0 0
1744733450002 30.0 750
