1744730753571 0.606812059879303 10
1744730784999 0.7032681107521057 20
1744730831876 0.6456691026687622 30
1744730862122 0.7478923797607422 40
1744730888047 2.2631497383117676 50
1744730937510 1.2084919214248657 60
1744730968011 1.0264229774475098 70
1744731013374 1.3580732345581055 80
1744731043481 1.2011117935180664 90
1744731069142 3.594632863998413 100
1744731119095 1.172615885734558 110
1744731149187 1.1343506574630737 120
1744731193935 1.3140809535980225 130
1744731223949 1.3955118656158447 140
1744731249590 5.488489151000977 150
1744731299008 1.3376731872558594 160
1744731329209 1.1812050342559814 170
1744731374216 1.190073013305664 180
1744731404348 1.2208354473114014 190
1744731429792 2.3157436847686768 200
1744731478875 1.2388887405395508 210
1744731508745 1.0551702976226807 220
1744731553424 1.19051992893219 230
1744731583587 1.2667757272720337 240
1744731609364 4.541764259338379 250
1744731658863 1.3607068061828613 260
1744731688952 1.151497483253479 270
1744731733781 1.2310861349105835 280
1744731763840 1.2180424928665161 290
1744731789312 3.1365966796875 300
1744731839326 1.3402698040008545 310
1744731869108 1.181672215461731 320
1744731914271 1.1071224212646484 330
1744731944341 1.316466212272644 340
1744731970298 3.879190683364868 350
1744732020213 1.1786482334136963 360
1744732050808 1.3216959238052368 370
1744732095931 1.2320011854171753 380
1744732126306 1.2745678424835205 390
1744732152206 4.512640476226807 400
1744732201528 1.3477420806884766 410
1744732231700 0.9654536843299866 420
1744732277055 0.9661734700202942 430
1744732307386 1.1819297075271606 440
1744732333188 4.982638835906982 450
1744732382548 1.0351725816726685 460
1744732412578 1.241782307624817 470
1744732457705 1.1284985542297363 480
1744732487397 1.01692795753479 490
1744732513107 3.6436398029327393 500
1744732562701 1.1957592964172363 510
1744732592972 1.0374070405960083 520
1744732638239 1.135379433631897 530
1744732668338 1.1195992231369019 540
1744732694283 4.164665222167969 550
1744732743534 1.0073034763336182 560
1744732773876 1.0728402137756348 570
1744732819351 0.9590569138526917 580
1744732849287 1.0125576257705688 590
1744732874867 4.488975524902344 600
1744732924195 1.080249547958374 610
1744732954583 0.9166362881660461 620
1744732999611 1.0609389543533325 630
1744733029902 0.9590311646461487 640
1744733055547 3.0432355403900146 650
1744733104768 1.0934557914733887 660
1744733134790 1.0894665718078613 670
1744733179410 1.0059130191802979 680
1744733209654 0.9306378960609436 690
1744733235448 2.8943943977355957 700
1744733285227 1.1888878345489502 710
1744733315502 0.9052606821060181 720
1744733360339 1.0353161096572876 730
1744733390707 0.9411815404891968 740
1744733416331 5.302732944488525 750
