1744730753571 3.5999999999999994e-05 10
1744730784999 7.6e-05 20
1744730831876 0.00011599999999999999 30
1744730862122 0.000156 40
1744730888047 0.00019599999999999997 50
1744730937510 0.00023599999999999996 60
1744730968011 0.000276 70
1744731013374 0.00029997400673093514 80
1744731043481 0.0002996816859030072 90
1744731069142 0.00029906518787408944 100
1744731119095 0.00029812584784163256 110
1744731149187 0.0002968657002069774 120
1744731193935 0.00029528747416929463 130
1744731223949 0.0002933945878147472 140
1744731249590 0.0002911911407136767 150
1744731299008 0.00028868190504184696 160
1744731329209 0.00028587231524497395 170
1744731374216 0.0002827684562689265 180
1744731404348 0.0002793770503810886 190
1744731429792 0.00027570544261142505 200
1744731478875 0.0002717615848447822 210
1744731508745 0.00026755401859887595 220
1744731553424 0.0002630918565252665 230
1744731583587 0.00025838476267338415 240
1744731609364 0.00025344293156035044 250
1744731658863 0.00024827706609192374 260
1744731688952 0.00024289835438238898 270
1744731733781 0.0002373184455235934 280
1744731763840 0.00023154942435560746 290
1744731789312 0.00022560378529365248 300
1744731839326 0.00021949440526797926 310
1744731869108 0.00021323451583530467 320
1744731914271 0.00020683767452220618 330
1744731944341 0.00020031773546253824 340
1744731970298 0.0001936888193924633 350
1744732020213 0.00018696528306808165 360
1744732050808 0.0001801616881718947 370
1744732095931 0.00017329276977544312 380
1744732126306 0.0001663734044264232 390
1744732152206 0.000159418577929397 400
1744732201528 0.00015244335288987687 410
1744732231700 0.0001454628360920759 420
1744732277055 0.0001384921457809772 430
1744732307386 0.00013154637891958193 440
1744732333188 0.0001246405784922489 450
1744732382548 0.0001177897009249405 460
1744732412578 0.00011100858369293439 470
1744732457705 0.00010431191318615581 480
1744732487397 9.771419290172773e-05 490
1744732513107 9.122971203262522e-05 500
1744732562701 8.487251452046578e-05 510
1744732592972 7.86563686394587e-05 520
1744732638239 7.259473717738927e-05 530
1744732668338 6.670074827821818e-05 540
1744732694283 6.098716700944479e-05 550
1744732743534 5.546636771581402e-05 560
1744732773876 5.015030721924053e-05 570
1744732819351 4.5050498922995166e-05 580
1744732849287 4.017798787623746e-05 590
1744732874867 3.554332685289823e-05 600
1744732924195 3.115655349672141e-05 610
1744732954583 2.7027168581962704e-05 620
1744732999611 2.3164115436828235e-05 630
1744733029902 1.9575760574217147e-05 640
1744733055547 1.626987557171753e-05 650
1744733104768 1.3253620240100104e-05 660
1744733134790 1.0533527116762296e-05 670
1744733179410 8.115487317706942e-06 680
1744733209654 6.004737778696867e-06 690
1744733235448 4.2058499132180734e-06 700
1744733285227 2.7227197118161237e-06 710
1744733315502 1.5585593042482137e-06 720
1744733360339 7.158900027253223e-07 730
1744733390707 1.9653684131145652e-07 740
1744733416331 1.6246233061845138e-09 750
