1744730753571 3.7033 10
1744730784999 3.5086 20
1744730831876 3.2133 30
1744730862122 2.9074 40
1744730888047 2.5971 50
1744730937510 2.2765 60
1744730968011 1.9864 70
1744731013374 1.7496 80
1744731043481 1.6288 90
1744731069142 1.4825 100
1744731119095 1.3676 110
1744731149187 1.3516 120
1744731193935 1.2419 130
1744731223949 1.1708 140
1744731249590 1.1741 150
1744731299008 1.0967 160
1744731329209 1.0859 170
1744731374216 1.0675 180
1744731404348 1.0458 190
1744731429792 0.9445 200
1744731478875 0.9712 210
1744731508745 0.9513 220
1744731553424 0.8828 230
1744731583587 0.887 240
1744731609364 0.8673 250
1744731658863 0.8192 260
1744731688952 0.8283 270
1744731733781 0.8162 280
1744731763840 0.7544 290
1744731789312 0.7592 300
1744731839326 0.698 310
1744731869108 0.6842 320
1744731914271 0.7201 330
1744731944341 0.6658 340
1744731970298 0.6951 350
1744732020213 0.6244 360
1744732050808 0.6528 370
1744732095931 0.6019 380
1744732126306 0.6067 390
1744732152206 0.5952 400
1744732201528 0.5644 410
1744732231700 0.548 420
1744732277055 0.5608 430
1744732307386 0.5322 440
1744732333188 0.5244 450
1744732382548 0.479 460
1744732412578 0.4901 470
1744732457705 0.4799 480
1744732487397 0.4392 490
1744732513107 0.4648 500
1744732562701 0.4417 510
1744732592972 0.4251 520
1744732638239 0.419 530
1744732668338 0.4029 540
1744732694283 0.4146 550
1744732743534 0.4146 560
1744732773876 0.3861 570
1744732819351 0.4069 580
1744732849287 0.3729 590
1744732874867 0.3606 600
1744732924195 0.3486 610
1744732954583 0.3567 620
1744732999611 0.3445 630
1744733029902 0.3459 640
1744733055547 0.3353 650
1744733104768 0.3321 660
1744733134790 0.3401 670
1744733179410 0.351 680
1744733209654 0.3287 690
1744733235448 0.3514 700
1744733285227 0.3476 710
1744733315502 0.3505 720
1744733360339 0.3443 730
1744733390707 0.3199 740
1744733416331 0.3382 750
