1744575972515 0.2631578947368421 10
1744575981172 0.5263157894736842 20
1744575989525 0.7894736842105263 30
1744576004668 1.0 38
1744576008532 1.0526315789473684 40
1744576017005 1.3157894736842106 50
1744576025547 1.5789473684210527 60
1744576033716 1.8421052631578947 70
1744576044984 2.0 76
1744576050191 2.1052631578947367 80
1744576058641 2.3684210526315788 90
1744576066899 2.6315789473684212 100
1744576075065 2.8947368421052633 110
1744576084429 3.0 114
1744576091316 3.1578947368421053 120
1744576099778 3.4210526315789473 130
1744576108007 3.6842105263157894 140
1744576116216 3.9473684210526314 150
1744576123983 4.0 152
1744576132505 4.2105263157894735 160
1744576140846 4.473684210526316 170
1744576149165 4.7368421052631575 180
1744576156558 5.0 190
1744576163449 5.0 190
1744576174019 5.2631578947368425 200
1744576182445 5.526315789473684 210
1744576190560 5.7894736842105265 220
1744576203163 6.0 228
1744576206821 6.052631578947368 230
1744576215129 6.315789473684211 240
1744576223174 6.578947368421053 250
1744576231424 6.842105263157895 260
1744576242500 7.0 266
1744576247828 7.105263157894737 270
1744576256127 7.368421052631579 280
1744576264301 7.631578947368421 290
1744576272559 7.894736842105263 300
1744576281873 8.0 304
1744576288915 8.157894736842104 310
1744576297402 8.421052631578947 320
1744576305592 8.68421052631579 330
1744576314135 8.947368421052632 340
1744576321738 9.0 342
1744576330562 9.210526315789474 350
1744576338809 9.473684210526315 360
1744576347122 9.736842105263158 370
1744576354741 10.0 380
1744576361555 10.0 380
1744576371875 10.263157894736842 390
1744576380149 10.526315789473685 400
1744576388601 10.789473684210526 410
1744576401279 11.0 418
1744576404984 11.052631578947368 420
1744576413471 11.31578947368421 430
1744576421542 11.578947368421053 440
1744576430009 11.842105263157894 450
1744576441035 12.0 456
1744576446360 12.105263157894736 460
1744576454472 12.368421052631579 470
1744576462909 12.631578947368421 480
1744576471520 12.894736842105264 490
1744576480871 13.0 494
1744576488171 13.157894736842104 500
1744576496288 13.421052631578947 510
1744576504796 13.68421052631579 520
1744576512899 13.947368421052632 530
1744576520767 14.0 532
1744576529610 14.210526315789474 540
1744576537722 14.473684210526315 550
1744576546080 14.736842105263158 560
1744576553423 15.0 570
1744576560403 15.0 570
1744576562140 15.0 570
1744576562707 15.0 0
1744576569609 15.0 570
