1744575972515 1.0086013078689575 10
1744575981172 0.9704003930091858 20
1744575989525 0.9727843999862671 30
1744576008532 0.9959532022476196 40
1744576017005 2.6219239234924316 50
1744576025547 1.1342872381210327 60
1744576033716 1.069261908531189 70
1744576050191 1.1258094310760498 80
1744576058641 1.0499519109725952 90
1744576066899 1.242963194847107 100
1744576075065 1.2746713161468506 110
1744576091316 1.2176954746246338 120
1744576099778 1.181386113166809 130
1744576108007 1.2932639122009277 140
1744576116216 1.233302116394043 150
1744576132505 1.295109748840332 160
1744576140846 1.2969136238098145 170
1744576149165 1.4815623760223389 180
1744576156558 3.4752416610717773 190
1744576174019 1.2970489263534546 200
1744576182445 1.2862882614135742 210
1744576190560 1.4442453384399414 220
1744576206821 1.3586620092391968 230
1744576215129 1.2818185091018677 240
1744576223174 1.5981916189193726 250
1744576231424 1.4148304462432861 260
1744576247828 2.3282666206359863 270
1744576256127 1.4780603647232056 280
1744576264301 1.3893028497695923 290
1744576272559 1.335636019706726 300
1744576288915 1.2783350944519043 310
1744576297402 1.5580573081970215 320
1744576305592 1.4082289934158325 330
1744576314135 1.4797569513320923 340
1744576330562 1.5308356285095215 350
1744576338809 1.6368954181671143 360
1744576347122 1.5337477922439575 370
1744576354741 3.4353713989257812 380
1744576371875 1.411790370941162 390
1744576380149 1.511513113975525 400
1744576388601 1.5325459241867065 410
1744576404984 1.481998324394226 420
1744576413471 1.5462292432785034 430
1744576421542 1.4623756408691406 440
1744576430009 1.512834906578064 450
1744576446360 1.470798134803772 460
1744576454472 1.293623447418213 470
1744576462909 1.411309003829956 480
1744576471520 1.5710698366165161 490
1744576488171 1.5082178115844727 500
1744576496288 1.419119954109192 510
1744576504796 1.552040696144104 520
1744576512899 1.5003634691238403 530
1744576529610 1.5555572509765625 540
1744576537722 1.5975239276885986 550
1744576546080 1.737799048423767 560
1744576553423 3.62992000579834 570
