1744575972515 9.842105263157896e-06 10
1744575981172 9.666666666666667e-06 20
1744575989525 9.49122807017544e-06 30
1744576008532 9.315789473684212e-06 40
1744576017005 9.140350877192983e-06 50
1744576025547 8.964912280701756e-06 60
1744576033716 8.789473684210527e-06 70
1744576050191 8.6140350877193e-06 80
1744576058641 8.43859649122807e-06 90
1744576066899 8.263157894736843e-06 100
1744576075065 8.087719298245614e-06 110
1744576091316 7.912280701754387e-06 120
1744576099778 7.736842105263158e-06 130
1744576108007 7.5614035087719305e-06 140
1744576116216 7.385964912280702e-06 150
1744576132505 7.210526315789474e-06 160
1744576140846 7.035087719298246e-06 170
1744576149165 6.859649122807019e-06 180
1744576156558 6.68421052631579e-06 190
1744576174019 6.508771929824562e-06 200
1744576182445 6.333333333333333e-06 210
1744576190560 6.157894736842106e-06 220
1744576206821 5.982456140350877e-06 230
1744576215129 5.80701754385965e-06 240
1744576223174 5.631578947368422e-06 250
1744576231424 5.4561403508771935e-06 260
1744576247828 5.280701754385965e-06 270
1744576256127 5.105263157894738e-06 280
1744576264301 4.929824561403509e-06 290
1744576272559 4.754385964912281e-06 300
1744576288915 4.578947368421053e-06 310
1744576297402 4.4035087719298245e-06 320
1744576305592 4.228070175438596e-06 330
1744576314135 4.052631578947368e-06 340
1744576330562 3.877192982456141e-06 350
1744576338809 3.7017543859649123e-06 360
1744576347122 3.5263157894736846e-06 370
1744576354741 3.3508771929824564e-06 380
1744576371875 3.1754385964912282e-06 390
1744576380149 3e-06 400
1744576388601 2.824561403508772e-06 410
1744576404984 2.649122807017544e-06 420
1744576413471 2.473684210526316e-06 430
1744576421542 2.298245614035088e-06 440
1744576430009 2.1228070175438597e-06 450
1744576446360 1.9473684210526315e-06 460
1744576454472 1.7719298245614036e-06 470
1744576462909 1.5964912280701754e-06 480
1744576471520 1.4210526315789475e-06 490
1744576488171 1.2456140350877193e-06 500
1744576496288 1.0701754385964914e-06 510
1744576504796 8.947368421052632e-07 520
1744576512899 7.192982456140352e-07 530
1744576529610 5.438596491228071e-07 540
1744576537722 3.6842105263157896e-07 550
1744576546080 1.929824561403509e-07 560
1744576553423 1.754385964912281e-08 570
