1744575972515 2.7048 10
1744575981172 2.6678 20
1744575989525 2.6399 30
1744576008532 2.5987 40
1744576017005 2.5636 50
1744576025547 2.5355 60
1744576033716 2.5102 70
1744576050191 2.4565 80
1744576058641 2.4399 90
1744576066899 2.4043 100
1744576075065 2.3679 110
1744576091316 2.3393 120
1744576099778 2.3118 130
1744576108007 2.2695 140
1744576116216 2.2646 150
1744576132505 2.2367 160
1744576140846 2.2027 170
1744576149165 2.1708 180
1744576156558 2.1342 190
1744576174019 2.1151 200
1744576182445 2.095 210
1744576190560 2.0937 220
1744576206821 2.0577 230
1744576215129 2.043 240
1744576223174 2.0329 250
1744576231424 1.984 260
1744576247828 1.9928 270
1744576256127 1.9497 280
1744576264301 1.9669 290
1744576272559 1.9317 300
1744576288915 1.9397 310
1744576297402 1.9008 320
1744576305592 1.8779 330
1744576314135 1.903 340
1744576330562 1.8745 350
1744576338809 1.8487 360
1744576347122 1.8677 370
1744576354741 1.8304 380
1744576371875 1.8277 390
1744576380149 1.8073 400
1744576388601 1.818 410
1744576404984 1.8374 420
1744576413471 1.7884 430
1744576421542 1.8053 440
1744576430009 1.755 450
1744576446360 1.7987 460
1744576454472 1.7447 470
1744576462909 1.7872 480
1744576471520 1.7602 490
1744576488171 1.7775 500
1744576496288 1.7391 510
1744576504796 1.7912 520
1744576512899 1.7502 530
1744576529610 1.7529 540
1744576537722 1.7299 550
1744576546080 1.7621 560
1744576553423 1.7448 570
