1744567660970 0.2631578947368421 10
1744567669908 0.5263157894736842 20
1744567678188 0.7894736842105263 30
1744567693768 1.0 38
1744567697493 1.0526315789473684 40
1744567706037 1.3157894736842106 50
1744567714625 1.5789473684210527 60
1744567723063 1.8421052631578947 70
1744567734383 2.0 76
1744567739619 2.1052631578947367 80
1744567748136 2.3684210526315788 90
1744567756563 2.6315789473684212 100
1744567765153 2.8947368421052633 110
1744567774798 3.0 114
1744567776346 3.0 114
1744567776905 3.0 0
1744567783855 3.0 114
