1744589623365 0.2631578947368421 10
1744589631925 0.5263157894736842 20
1744589640464 0.7894736842105263 30
1744589655702 1.0 38
1744589659467 1.0526315789473684 40
1744589668262 1.3157894736842106 50
1744589676941 1.5789473684210527 60
1744589685213 1.8421052631578947 70
1744589696553 2.0 76
1744589701857 2.1052631578947367 80
1744589710333 2.3684210526315788 90
1744589718708 2.6315789473684212 100
1744589726988 2.8947368421052633 110
1744589736345 3.0 114
1744589743210 3.1578947368421053 120
1744589751510 3.4210526315789473 130
1744589759610 3.6842105263157894 140
1744589767980 3.9473684210526314 150
1744589775775 4.0 152
1744589784404 4.2105263157894735 160
1744589792754 4.473684210526316 170
1744589800999 4.7368421052631575 180
1744589808408 5.0 190
1744589815089 5.0 190
1744589825497 5.2631578947368425 200
1744589833793 5.526315789473684 210
1744589841896 5.7894736842105265 220
1744589854543 6.0 228
1744589858456 6.052631578947368 230
1744589866887 6.315789473684211 240
1744589875525 6.578947368421053 250
1744589883994 6.842105263157895 260
1744589895026 7.0 266
1744589900324 7.105263157894737 270
1744589908587 7.368421052631579 280
1744589916776 7.631578947368421 290
1744589925183 7.894736842105263 300
1744589934576 8.0 304
1744589941697 8.157894736842104 310
1744589950175 8.421052631578947 320
1744589958346 8.68421052631579 330
1744589966711 8.947368421052632 340
1744589974475 9.0 342
1744589983460 9.210526315789474 350
1744589991687 9.473684210526315 360
1744590000124 9.736842105263158 370
1744590007918 10.0 380
1744590014907 10.0 380
1744590025458 10.263157894736842 390
1744590033685 10.526315789473685 400
1744590041965 10.789473684210526 410
1744590055029 11.0 418
1744590058730 11.052631578947368 420
1744590067273 11.31578947368421 430
1744590075448 11.578947368421053 440
1744590084451 11.842105263157894 450
1744590096687 12.0 456
1744590102266 12.105263157894736 460
1744590110554 12.368421052631579 470
1744590118602 12.631578947368421 480
1744590127039 12.894736842105264 490
1744590136129 13.0 494
1744590143186 13.157894736842104 500
1744590151315 13.421052631578947 510
1744590159765 13.68421052631579 520
1744590168091 13.947368421052632 530
1744590175682 14.0 532
1744590184299 14.210526315789474 540
1744590192304 14.473684210526315 550
1744590200661 14.736842105263158 560
1744590207950 15.0 570
1744590214943 15.0 570
1744590225428 15.263157894736842 580
1744590233618 15.526315789473685 590
1744590242201 15.789473684210526 600
1744590255178 16.0 608
1744590258850 16.05263157894737 610
1744590266907 16.31578947368421 620
1744590275105 16.57894736842105 630
1744590283629 16.842105263157894 640
1744590294293 17.0 646
1744590299835 17.105263157894736 650
1744590307950 17.36842105263158 660
1744590316175 17.63157894736842 670
1744590324371 17.894736842105264 680
1744590333722 18.0 684
1744590340946 18.157894736842106 690
1744590348949 18.42105263157895 700
1744590357284 18.68421052631579 710
1744590365450 18.94736842105263 720
1744590373143 19.0 722
1744590381973 19.210526315789473 730
1744590390234 19.473684210526315 740
1744590398561 19.736842105263158 750
1744590405972 20.0 760
1744590413512 20.0 760
1744590415250 20.0 760
1744590415800 20.0 0
1744590423495 20.0 760
