1744589623365 1.0883967876434326 10
1744589631925 1.0958251953125 20
1744589640464 1.0704773664474487 30
1744589659467 1.2085720300674438 40
1744589668262 1.1666545867919922 50
1744589676941 1.2083687782287598 60
1744589685213 1.2817386388778687 70
1744589701857 1.2739640474319458 80
1744589710333 1.2882421016693115 90
1744589718708 1.2238632440567017 100
1744589726988 1.3955256938934326 110
1744589743210 1.454192876815796 120
1744589751510 1.312455415725708 130
1744589759610 1.4591060876846313 140
1744589767980 1.4309113025665283 150
1744589784404 1.6408412456512451 160
1744589792754 1.7746360301971436 170
1744589800999 1.6911230087280273 180
1744589808408 6.710981845855713 190
1744589825497 1.4211503267288208 200
1744589833793 1.6927387714385986 210
1744589841896 1.7582688331604004 220
1744589858456 1.6781110763549805 230
1744589866887 2.0619149208068848 240
1744589875525 2.524696111679077 250
1744589883994 2.3871371746063232 260
1744589900324 2.0021843910217285 270
1744589908587 2.03849196434021 280
1744589916776 1.8435449600219727 290
1744589925183 1.6306324005126953 300
1744589941697 2.2991604804992676 310
1744589950175 1.536482572555542 320
1744589958346 2.015820264816284 330
1744589966711 2.4853813648223877 340
1744589983460 1.9958268404006958 350
1744589991687 1.718971610069275 360
1744590000124 2.2789227962493896 370
1744590007918 4.568762302398682 380
1744590025458 8.592798233032227 390
1744590033685 2.159480094909668 400
1744590041965 2.223905563354492 410
1744590058730 2.2298824787139893 420
1744590067273 3.0040295124053955 430
1744590075448 2.2416226863861084 440
1744590084451 2.4224393367767334 450
1744590102266 2.4213247299194336 460
1744590110554 2.237703323364258 470
1744590118602 2.008395195007324 480
1744590127039 2.062415361404419 490
1744590143186 2.3178634643554688 500
1744590151315 2.7592904567718506 510
1744590159765 2.336325168609619 520
1744590168091 2.034578561782837 530
1744590184299 3.1694304943084717 540
1744590192304 2.840118885040283 550
1744590200661 3.3187544345855713 560
1744590207950 10.372543334960938 570
1744590225428 1.8919806480407715 580
1744590233618 4.226621150970459 590
1744590242201 2.833977699279785 600
1744590258850 2.0750722885131836 610
1744590266907 2.7068116664886475 620
1744590275105 2.7888383865356445 630
1744590283629 3.2592451572418213 640
1744590299835 2.426621198654175 650
1744590307950 2.4772768020629883 660
1744590316175 2.9461891651153564 670
1744590324371 3.0476067066192627 680
1744590340946 2.6570143699645996 690
1744590348949 2.128772020339966 700
1744590357284 2.2907700538635254 710
1744590365450 2.1664297580718994 720
1744590381973 2.4551892280578613 730
1744590390234 3.4502744674682617 740
1744590398561 2.3454699516296387 750
1744590405972 6.790497779846191 760
