1744589623365 2.9644736842105265e-05 10
1744589631925 2.925e-05 20
1744589640464 2.8855263157894738e-05 30
1744589659467 2.8460526315789476e-05 40
1744589668262 2.806578947368421e-05 50
1744589676941 2.767105263157895e-05 60
1744589685213 2.7276315789473683e-05 70
1744589701857 2.688157894736842e-05 80
1744589710333 2.648684210526316e-05 90
1744589718708 2.6092105263157894e-05 100
1744589726988 2.5697368421052632e-05 110
1744589743210 2.530263157894737e-05 120
1744589751510 2.4907894736842105e-05 130
1744589759610 2.4513157894736843e-05 140
1744589767980 2.4118421052631578e-05 150
1744589784404 2.3723684210526316e-05 160
1744589792754 2.3328947368421054e-05 170
1744589800999 2.293421052631579e-05 180
1744589808408 2.2539473684210524e-05 190
1744589825497 2.2144736842105265e-05 200
1744589833793 2.175e-05 210
1744589841896 2.1355263157894738e-05 220
1744589858456 2.0960526315789473e-05 230
1744589866887 2.056578947368421e-05 240
1744589875525 2.017105263157895e-05 250
1744589883994 1.9776315789473684e-05 260
1744589900324 1.938157894736842e-05 270
1744589908587 1.898684210526316e-05 280
1744589916776 1.8592105263157895e-05 290
1744589925183 1.8197368421052633e-05 300
1744589941697 1.7802631578947368e-05 310
1744589950175 1.7407894736842106e-05 320
1744589958346 1.7013157894736844e-05 330
1744589966711 1.661842105263158e-05 340
1744589983460 1.6223684210526314e-05 350
1744589991687 1.5828947368421055e-05 360
1744590000124 1.543421052631579e-05 370
1744590007918 1.5039473684210525e-05 380
1744590025458 1.4644736842105264e-05 390
1744590033685 1.4249999999999999e-05 400
1744590041965 1.3855263157894737e-05 410
1744590058730 1.3460526315789474e-05 420
1744590067273 1.3065789473684212e-05 430
1744590075448 1.2671052631578947e-05 440
1744590084451 1.2276315789473685e-05 450
1744590102266 1.1881578947368421e-05 460
1744590110554 1.148684210526316e-05 470
1744590118602 1.1092105263157894e-05 480
1744590127039 1.0697368421052632e-05 490
1744590143186 1.0302631578947368e-05 500
1744590151315 9.907894736842107e-06 510
1744590159765 9.513157894736841e-06 520
1744590168091 9.11842105263158e-06 530
1744590184299 8.723684210526316e-06 540
1744590192304 8.328947368421052e-06 550
1744590200661 7.934210526315789e-06 560
1744590207950 7.539473684210527e-06 570
1744590225428 7.144736842105263e-06 580
1744590233618 6.750000000000001e-06 590
1744590242201 6.355263157894737e-06 600
1744590258850 5.960526315789474e-06 610
1744590266907 5.565789473684211e-06 620
1744590275105 5.171052631578948e-06 630
1744590283629 4.7763157894736844e-06 640
1744590299835 4.381578947368422e-06 650
1744590307950 3.986842105263158e-06 660
1744590316175 3.5921052631578946e-06 670
1744590324371 3.1973684210526314e-06 680
1744590340946 2.8026315789473683e-06 690
1744590348949 2.407894736842105e-06 700
1744590357284 2.013157894736842e-06 710
1744590365450 1.618421052631579e-06 720
1744590381973 1.223684210526316e-06 730
1744590390234 8.289473684210527e-07 740
1744590398561 4.3421052631578947e-07 750
1744590405972 3.947368421052632e-08 760
