1744589623365 2.6685 10
1744589631925 2.5797 20
1744589640464 2.4874 30
1744589659467 2.432 40
1744589668262 2.3147 50
1744589676941 2.2212 60
1744589685213 2.1377 70
1744589701857 2.044 80
1744589710333 1.9918 90
1744589718708 1.897 100
1744589726988 1.864 110
1744589743210 1.7272 120
1744589751510 1.7084 130
1744589759610 1.6668 140
1744589767980 1.6378 150
1744589784404 1.539 160
1744589792754 1.5189 170
1744589800999 1.4801 180
1744589808408 1.4489 190
1744589825497 1.39 200
1744589833793 1.3401 210
1744589841896 1.3301 220
1744589858456 1.2917 230
1744589866887 1.2555 240
1744589875525 1.2197 250
1744589883994 1.184 260
1744589900324 1.1371 270
1744589908587 1.1449 280
1744589916776 1.1032 290
1744589925183 1.1553 300
1744589941697 1.1083 310
1744589950175 1.0541 320
1744589958346 0.9897 330
1744589966711 1.0378 340
1744589983460 0.9818 350
1744589991687 0.9836 360
1744590000124 0.9737 370
1744590007918 0.9649 380
1744590025458 0.8779 390
1744590033685 0.9014 400
1744590041965 0.9395 410
1744590058730 0.9103 420
1744590067273 0.9228 430
1744590075448 0.8669 440
1744590084451 0.85 450
1744590102266 0.8686 460
1744590110554 0.8485 470
1744590118602 0.8326 480
1744590127039 0.8344 490
1744590143186 0.8627 500
1744590151315 0.7983 510
1744590159765 0.8177 520
1744590168091 0.8019 530
1744590184299 0.7465 540
1744590192304 0.7889 550
1744590200661 0.7801 560
1744590207950 0.8494 570
1744590225428 0.7452 580
1744590233618 0.7362 590
1744590242201 0.7602 600
1744590258850 0.7778 610
1744590266907 0.7203 620
1744590275105 0.7326 630
1744590283629 0.7679 640
1744590299835 0.7774 650
1744590307950 0.7253 660
1744590316175 0.7207 670
1744590324371 0.7189 680
1744590340946 0.7106 690
1744590348949 0.7287 700
1744590357284 0.6826 710
1744590365450 0.6831 720
1744590381973 0.734 730
1744590390234 0.7362 740
1744590398561 0.7224 750
1744590405972 0.6874 760
