1744587251027 0.2631578947368421 10
1744587260080 0.5263157894736842 20
1744587268549 0.7894736842105263 30
1744587284036 1.0 38
1744587287589 1.0526315789473684 40
1744587295978 1.3157894736842106 50
1744587304465 1.5789473684210527 60
1744587312496 1.8421052631578947 70
1744587324300 2.0 76
1744587329780 2.1052631578947367 80
1744587338196 2.3684210526315788 90
1744587346603 2.6315789473684212 100
1744587354655 2.8947368421052633 110
1744587364066 3.0 114
1744587370792 3.1578947368421053 120
1744587379152 3.4210526315789473 130
1744587387140 3.6842105263157894 140
1744587395414 3.9473684210526314 150
1744587403526 4.0 152
1744587411916 4.2105263157894735 160
1744587420300 4.473684210526316 170
1744587428330 4.7368421052631575 180
1744587435739 5.0 190
1744587442429 5.0 190
1744587444071 5.0 190
1744587444583 5.0 0
1744587451486 5.0 190
