1744587251027 1.0117045640945435 10
1744587260080 1.0758558511734009 20
1744587268549 1.023011326789856 30
1744587287589 1.2053258419036865 40
1744587295978 1.1336910724639893 50
1744587304465 1.185143232345581 60
1744587312496 1.2769778966903687 70
1744587329780 1.2412974834442139 80
1744587338196 1.1977092027664185 90
1744587346603 1.193930983543396 100
1744587354655 1.2620117664337158 110
1744587370792 1.6036921739578247 120
1744587379152 1.2531830072402954 130
1744587387140 1.3939599990844727 140
1744587395414 1.3168994188308716 150
1744587411916 1.4815223217010498 160
1744587420300 1.374650001525879 170
1744587428330 1.1934139728546143 180
1744587435739 4.51548957824707 190
