1744587251027 2.8578947368421053e-05 10
1744587260080 2.7000000000000002e-05 20
1744587268549 2.5421052631578948e-05 30
1744587287589 2.3842105263157897e-05 40
1744587295978 2.2263157894736843e-05 50
1744587304465 2.0684210526315792e-05 60
1744587312496 1.9105263157894738e-05 70
1744587329780 1.7526315789473687e-05 80
1744587338196 1.5947368421052633e-05 90
1744587346603 1.4368421052631578e-05 100
1744587354655 1.2789473684210526e-05 110
1744587370792 1.1210526315789473e-05 120
1744587379152 9.63157894736842e-06 130
1744587387140 8.052631578947368e-06 140
1744587395414 6.473684210526316e-06 150
1744587411916 4.894736842105264e-06 160
1744587420300 3.3157894736842107e-06 170
1744587428330 1.7368421052631579e-06 180
1744587435739 1.5789473684210527e-07 190
