1745346311839 0.07874015748031496 10
1745346321894 0.15748031496062992 20
1745346332066 0.23622047244094488 30
1745346342384 0.31496062992125984 40
1745346352909 0.3937007874015748 50
1745346363263 0.47244094488188976 60
1745346374319 0.5511811023622047 70
1745346384897 0.6299212598425197 80
1745346394971 0.7086614173228346 90
1745346405220 0.7874015748031497 100
1745346415609 0.8661417322834646 110
1745346426055 0.9448818897637795 120
1745346452222 1.0 127
1745346456309 1.0236220472440944 130
1745346467060 1.1023622047244095 140
1745346477351 1.1811023622047245 150
1745346487873 1.2598425196850394 160
1745346498495 1.3385826771653544 170
1745346508311 1.4173228346456692 180
1745346519275 1.4960629921259843 190
1745346529491 1.574803149606299 200
1745346539699 1.6535433070866141 210
1745346549752 1.7322834645669292 220
1745346559761 1.811023622047244 230
1745346570066 1.889763779527559 240
1745346580302 1.968503937007874 250
1745346603172 2.0 254
1745346610154 2.047244094488189 260
1745346619952 2.1259842519685037 270
1745346630090 2.204724409448819 280
1745346640109 2.283464566929134 290
1745346650044 2.362204724409449 300
1745346660804 2.440944881889764 310
1745346671135 2.5196850393700787 320
1745346681183 2.5984251968503935 330
1745346691178 2.677165354330709 340
1745346700975 2.7559055118110236 350
1745346711183 2.8346456692913384 360
1745346721235 2.9133858267716537 370
1745346731883 2.9921259842519685 380
1745346751593 3.0 381
1745346761756 3.0708661417322833 390
1745346772061 3.1496062992125986 400
1745346782083 3.2283464566929134 410
1745346791953 3.3070866141732282 420
1745346802380 3.3858267716535435 430
1745346812412 3.4645669291338583 440
1745346823047 3.543307086614173 450
1745346833317 3.622047244094488 460
1745346843402 3.7007874015748032 470
1745346853808 3.779527559055118 480
1745346863879 3.8582677165354333 490
1745346874204 3.937007874015748 500
1745346900604 4.0 508
1745346903467 4.015748031496063 510
1745346914322 4.094488188976378 520
1745346924376 4.173228346456693 530
1745346934347 4.251968503937007 540
1745346944680 4.330708661417323 550
1745346954809 4.409448818897638 560
1745346964904 4.488188976377953 570
1745346975478 4.566929133858268 580
1745346986361 4.645669291338582 590
1745346996755 4.724409448818898 600
1745347007007 4.803149606299213 610
1745347017375 4.881889763779528 620
1745347027448 4.960629921259843 630
1745347051524 5.0 635
1745347057429 5.039370078740157 640
1745347067477 5.118110236220472 650
1745347077881 5.196850393700787 660
1745347088055 5.275590551181103 670
1745347098384 5.354330708661418 680
1745347108968 5.433070866141732 690
1745347119039 5.511811023622047 700
1745347129442 5.590551181102362 710
1745347139720 5.669291338582677 720
1745347150192 5.748031496062993 730
1745347160569 5.826771653543307 740
1745347170510 5.905511811023622 750
1745347181150 5.984251968503937 760
1745347201784 6.0 762
1745347210807 6.062992125984252 770
1745347221215 6.141732283464567 780
1745347231094 6.2204724409448815 790
1745347241158 6.299212598425197 800
1745347251010 6.377952755905512 810
1745347261001 6.456692913385827 820
1745347271246 6.535433070866142 830
1745347281114 6.6141732283464565 840
1745347291354 6.692913385826771 850
1745347301179 6.771653543307087 860
1745347311343 6.850393700787402 870
1745347321423 6.929133858267717 880
1745347349103 7.0 889
1745347350949 7.0078740157480315 890
1745347361284 7.086614173228346 900
1745347371419 7.165354330708661 910
1745347381759 7.244094488188976 920
1745347391843 7.322834645669292 930
1745347402297 7.4015748031496065 940
1745347412350 7.480314960629921 950
1745347422730 7.559055118110236 960
1745347433082 7.637795275590551 970
1745347443251 7.716535433070866 980
1745347453511 7.7952755905511815 990
1745347463361 7.874015748031496 1000
1745347473239 7.952755905511811 1010
1745347497965 8.0 1016
1745347502951 8.031496062992126 1020
1745347512748 8.11023622047244 1030
1745347522993 8.188976377952756 1040
1745347533442 8.26771653543307 1050
1745347544291 8.346456692913385 1060
1745347554788 8.4251968503937 1070
1745347565131 8.503937007874015 1080
1745347575234 8.582677165354331 1090
1745347585350 8.661417322834646 1100
1745347595667 8.740157480314961 1110
1745347606187 8.818897637795276 1120
1745347616815 8.89763779527559 1130
1745347627226 8.976377952755906 1140
1745347649025 9.0 1143
1745347657085 9.05511811023622 1150
1745347667346 9.133858267716535 1160
1745347677679 9.21259842519685 1170
1745347688007 9.291338582677165 1180
1745347697996 9.37007874015748 1190
1745347708399 9.448818897637794 1200
1745347718532 9.527559055118111 1210
1745347728723 9.606299212598426 1220
1745347739332 9.68503937007874 1230
1745347749375 9.763779527559056 1240
1745347759944 9.84251968503937 1250
1745347770350 9.921259842519685 1260
1745347779873 10.0 1270
1745347799143 10.0 1270
1745347809944 10.078740157480315 1280
1745347820440 10.15748031496063 1290
1745347830670 10.236220472440944 1300
1745347840709 10.31496062992126 1310
1745347850795 10.393700787401574 1320
1745347861214 10.472440944881889 1330
1745347871615 10.551181102362206 1340
1745347882304 10.62992125984252 1350
1745347892580 10.708661417322835 1360
1745347902854 10.78740157480315 1370
1745347912935 10.866141732283465 1380
1745347922779 10.94488188976378 1390
1745347948787 11.0 1397
1745347952762 11.023622047244094 1400
1745347962689 11.10236220472441 1410
1745347972968 11.181102362204724 1420
1745347982961 11.259842519685039 1430
1745347993036 11.338582677165354 1440
1745348003016 11.417322834645669 1450
1745348013581 11.496062992125985 1460
1745348023667 11.5748031496063 1470
1745348033809 11.653543307086615 1480
1745348044205 11.73228346456693 1490
1745348054482 11.811023622047244 1500
1745348064763 11.88976377952756 1510
1745348074982 11.968503937007874 1520
1745348098346 12.0 1524
1745348105449 12.047244094488189 1530
1745348115794 12.125984251968504 1540
1745348126400 12.204724409448819 1550
1745348136596 12.283464566929133 1560
1745348146613 12.362204724409448 1570
1745348156641 12.440944881889763 1580
1745348167232 12.519685039370078 1590
1745348177254 12.598425196850394 1600
1745348187625 12.67716535433071 1610
1745348197690 12.755905511811024 1620
1745348208242 12.834645669291339 1630
1745348218245 12.913385826771654 1640
1745348228378 12.992125984251969 1650
1745348248643 13.0 1651
1745348258932 13.070866141732283 1660
1745348268982 13.149606299212598 1670
1745348279274 13.228346456692913 1680
1745348289278 13.307086614173228 1690
1745348299755 13.385826771653543 1700
1745348310229 13.464566929133857 1710
1745348320747 13.543307086614174 1720
1745348331148 13.622047244094489 1730
1745348341295 13.700787401574804 1740
1745348352330 13.779527559055119 1750
1745348362585 13.858267716535433 1760
1745348373471 13.937007874015748 1770
1745348400277 14.0 1778
1745348403194 14.015748031496063 1780
1745348413353 14.094488188976378 1790
1745348423858 14.173228346456693 1800
1745348433880 14.251968503937007 1810
1745348444205 14.330708661417322 1820
1745348454502 14.409448818897637 1830
1745348465050 14.488188976377952 1840
1745348475499 14.566929133858268 1850
1745348485895 14.645669291338583 1860
1745348496300 14.724409448818898 1870
1745348506457 14.803149606299213 1880
1745348516852 14.881889763779528 1890
1745348526942 14.960629921259843 1900
1745348551182 15.0 1905
1745348557411 15.039370078740157 1910
1745348567496 15.118110236220472 1920
1745348577473 15.196850393700787 1930
1745348587986 15.275590551181102 1940
1745348598186 15.354330708661417 1950
1745348608289 15.433070866141732 1960
1745348618241 15.511811023622048 1970
1745348628257 15.590551181102363 1980
1745348638551 15.669291338582678 1990
1745348648455 15.748031496062993 2000
1745348658754 15.826771653543307 2010
1745348668918 15.905511811023622 2020
1745348679108 15.984251968503937 2030
1745348699514 16.0 2032
1745348708554 16.062992125984252 2040
1745348718887 16.141732283464567 2050
1745348729300 16.22047244094488 2060
1745348739625 16.299212598425196 2070
1745348749872 16.37795275590551 2080
1745348759812 16.456692913385826 2090
1745348770342 16.53543307086614 2100
1745348781032 16.614173228346456 2110
1745348791171 16.69291338582677 2120
1745348801374 16.771653543307085 2130
1745348812021 16.8503937007874 2140
1745348822063 16.929133858267715 2150
1745348849907 17.0 2159
1745348851868 17.007874015748033 2160
1745348862268 17.086614173228348 2170
1745348872608 17.165354330708663 2180
1745348883148 17.244094488188978 2190
1745348893103 17.322834645669293 2200
1745348903098 17.401574803149607 2210
1745348913516 17.480314960629922 2220
1745348923985 17.559055118110237 2230
1745348934112 17.637795275590552 2240
1745348944256 17.716535433070867 2250
1745348955296 17.79527559055118 2260
1745348965794 17.874015748031496 2270
1745348975918 17.95275590551181 2280
1745349001219 18.0 2286
1745349006775 18.031496062992126 2290
1745349017680 18.11023622047244 2300
1745349028005 18.188976377952756 2310
1745349037873 18.26771653543307 2320
1745349047809 18.346456692913385 2330
1745349058861 18.4251968503937 2340
1745349069321 18.503937007874015 2350
1745349079617 18.58267716535433 2360
1745349089812 18.661417322834644 2370
1745349100112 18.74015748031496 2380
1745349110032 18.818897637795274 2390
1745349119741 18.89763779527559 2400
1745349130048 18.976377952755904 2410
1745349151678 19.0 2413
1745349159624 19.055118110236222 2420
1745349170083 19.133858267716537 2430
1745349180054 19.212598425196852 2440
1745349190109 19.291338582677167 2450
1745349200009 19.37007874015748 2460
1745349209991 19.448818897637796 2470
1745349220163 19.52755905511811 2480
1745349230533 19.606299212598426 2490
1745349240895 19.68503937007874 2500
1745349251147 19.763779527559056 2510
1745349261577 19.84251968503937 2520
1745349272236 19.921259842519685 2530
1745349281789 20.0 2540
1745349300764 20.0 2540
1745349311858 20.078740157480315 2550
1745349322032 20.15748031496063 2560
1745349332532 20.236220472440944 2570
1745349343103 20.31496062992126 2580
1745349353301 20.393700787401574 2590
1745349363321 20.47244094488189 2600
1745349373336 20.551181102362204 2610
1745349383680 20.62992125984252 2620
1745349393794 20.708661417322833 2630
1745349404254 20.787401574803148 2640
1745349414239 20.866141732283463 2650
1745349424389 20.944881889763778 2660
1745349450486 21.0 2667
1745349454493 21.023622047244096 2670
1745349464315 21.10236220472441 2680
1745349474462 21.181102362204726 2690
1745349484826 21.25984251968504 2700
1745349495208 21.338582677165356 2710
1745349504981 21.41732283464567 2720
1745349514838 21.496062992125985 2730
1745349524892 21.5748031496063 2740
1745349535450 21.653543307086615 2750
1745349545693 21.73228346456693 2760
1745349555874 21.811023622047244 2770
1745349566080 21.88976377952756 2780
1745349576079 21.968503937007874 2790
1745349598792 22.0 2794
1745349605819 22.04724409448819 2800
1745349616105 22.125984251968504 2810
1745349626156 22.20472440944882 2820
1745349636850 22.283464566929133 2830
1745349646951 22.362204724409448 2840
1745349656846 22.440944881889763 2850
1745349667052 22.519685039370078 2860
1745349677290 22.598425196850393 2870
1745349687483 22.677165354330707 2880
1745349697263 22.755905511811022 2890
1745349707447 22.834645669291337 2900
1745349717442 22.913385826771652 2910
1745349727423 22.99212598425197 2920
1745349747329 23.0 2921
1745349757573 23.070866141732285 2930
1745349767540 23.1496062992126 2940
1745349777640 23.228346456692915 2950
1745349787590 23.30708661417323 2960
1745349797787 23.385826771653544 2970
1745349807817 23.46456692913386 2980
1745349818155 23.543307086614174 2990
1745349828107 23.62204724409449 3000
1745349838068 23.700787401574804 3010
1745349848327 23.77952755905512 3020
1745349858470 23.858267716535433 3030
1745349869032 23.937007874015748 3040
1745349896143 24.0 3048
1745349899024 24.015748031496063 3050
1745349909195 24.094488188976378 3060
1745349919095 24.173228346456693 3070
1745349929392 24.251968503937007 3080
1745349939697 24.330708661417322 3090
1745349949730 24.409448818897637 3100
1745349959938 24.488188976377952 3110
1745349969868 24.566929133858267 3120
1745349980303 24.64566929133858 3130
1745349990448 24.724409448818896 3140
1745350000383 24.80314960629921 3150
1745350010360 24.881889763779526 3160
1745350020358 24.96062992125984 3170
1745350044033 25.0 3175
1745350050141 25.03937007874016 3180
1745350060325 25.118110236220474 3190
1745350070498 25.19685039370079 3200
1745350080995 25.275590551181104 3210
1745350091003 25.35433070866142 3220
1745350101229 25.433070866141733 3230
1745350111620 25.511811023622048 3240
1745350121843 25.590551181102363 3250
1745350132212 25.669291338582678 3260
1745350142707 25.748031496062993 3270
1745350152931 25.826771653543307 3280
1745350162962 25.905511811023622 3290
1745350173116 25.984251968503937 3300
1745350194130 26.0 3302
1745350203237 26.062992125984252 3310
1745350213260 26.141732283464567 3320
1745350223460 26.22047244094488 3330
1745350233295 26.299212598425196 3340
1745350243957 26.37795275590551 3350
1745350254407 26.456692913385826 3360
1745350264862 26.53543307086614 3370
1745350275476 26.614173228346456 3380
1745350286001 26.69291338582677 3390
1745350296316 26.771653543307085 3400
1745350306397 26.8503937007874 3410
1745350316836 26.929133858267715 3420
1745350344283 27.0 3429
1745350346131 27.007874015748033 3430
1745350356307 27.086614173228348 3440
1745350366879 27.165354330708663 3450
1745350377084 27.244094488188978 3460
1745350387220 27.322834645669293 3470
1745350397133 27.401574803149607 3480
1745350407557 27.480314960629922 3490
1745350417729 27.559055118110237 3500
1745350428174 27.637795275590552 3510
1745350438571 27.716535433070867 3520
1745350448695 27.79527559055118 3530
1745350459118 27.874015748031496 3540
1745350468991 27.95275590551181 3550
1745350493989 28.0 3556
1745350499262 28.031496062992126 3560
1745350509573 28.11023622047244 3570
1745350520135 28.188976377952756 3580
1745350530158 28.26771653543307 3590
1745350540292 28.346456692913385 3600
1745350550753 28.4251968503937 3610
1745350560978 28.503937007874015 3620
1745350571548 28.58267716535433 3630
1745350581401 28.661417322834644 3640
1745350591852 28.74015748031496 3650
1745350601943 28.818897637795274 3660
1745350611861 28.89763779527559 3670
1745350621986 28.976377952755904 3680
1745350644048 29.0 3683
1745350652134 29.055118110236222 3690
1745350662720 29.133858267716537 3700
1745350673170 29.212598425196852 3710
1745350683590 29.291338582677167 3720
1745350693913 29.37007874015748 3730
1745350703937 29.448818897637796 3740
1745350714064 29.52755905511811 3750
1745350724136 29.606299212598426 3760
1745350734633 29.68503937007874 3770
1745350744886 29.763779527559056 3780
1745350755294 29.84251968503937 3790
1745350765545 29.921259842519685 3800
1745350775334 30.0 3810
1745350794759 30.0 3810
1745350795355 30.0 3810
1745350795532 30.0 0
1745350814762 30.0 3810
