1745346311839 13.204638481140137 10
1745346321894 8.025243759155273 20
1745346332066 6.886286735534668 30
1745346342384 14.082093238830566 40
1745346352909 7.295807838439941 50
1745346363263 13.2217378616333 60
1745346374319 6.272859573364258 70
1745346384897 5.983591079711914 80
1745346394971 5.087682723999023 90
1745346405220 5.713545322418213 100
1745346415609 5.570226669311523 110
1745346426055 6.576822280883789 120
1745346456309 6.8531107902526855 130
1745346467060 6.51471471786499 140
1745346477351 4.543449878692627 150
1745346487873 5.140021324157715 160
1745346498495 9.951335906982422 170
1745346508311 4.791404724121094 180
1745346519275 5.026749610900879 190
1745346529491 5.11053991317749 200
1745346539699 5.681453704833984 210
1745346549752 5.143134593963623 220
1745346559761 6.7984466552734375 230
1745346570066 3.9915571212768555 240
1745346580302 8.493268966674805 250
1745346610154 6.118845462799072 260
1745346619952 7.599179744720459 270
1745346630090 3.8292441368103027 280
1745346640109 5.108321666717529 290
1745346650044 5.632264137268066 300
1745346660804 6.829972743988037 310
1745346671135 5.591790199279785 320
1745346681183 5.850906848907471 330
1745346691178 4.777107238769531 340
1745346700975 7.479011535644531 350
1745346711183 6.288332939147949 360
1745346721235 6.327032089233398 370
1745346731883 7.5174760818481445 380
1745346761756 7.184746742248535 390
1745346772061 7.478753089904785 400
1745346782083 5.985445499420166 410
1745346791953 5.409928798675537 420
1745346802380 5.444540023803711 430
1745346812412 4.83257532119751 440
1745346823047 4.79421854019165 450
1745346833317 6.125314235687256 460
1745346843402 5.179666042327881 470
1745346853808 5.532155513763428 480
1745346863879 3.9474427700042725 490
1745346874204 6.262602806091309 500
1745346903467 6.411077976226807 510
1745346914322 2.950824499130249 520
1745346924376 4.486267566680908 530
1745346934347 5.741556167602539 540
1745346944680 6.128969669342041 550
1745346954809 3.6238479614257812 560
1745346964904 3.477107048034668 570
1745346975478 4.657168865203857 580
1745346986361 4.457486629486084 590
1745346996755 4.145298004150391 600
1745347007007 4.3227386474609375 610
1745347017375 5.36445951461792 620
1745347027448 6.871322154998779 630
1745347057429 5.578202724456787 640
1745347067477 4.683607578277588 650
1745347077881 3.751089096069336 660
1745347088055 5.1796064376831055 670
1745347098384 4.710054397583008 680
1745347108968 4.0625433921813965 690
1745347119039 3.389268636703491 700
1745347129442 6.087714672088623 710
1745347139720 5.155838489532471 720
1745347150192 7.065823554992676 730
1745347160569 4.9606146812438965 740
1745347170510 3.915254831314087 750
1745347181150 4.004103660583496 760
1745347210807 3.591879367828369 770
1745347221215 3.946043014526367 780
1745347231094 3.56949520111084 790
1745347241158 4.648787498474121 800
1745347251010 5.243241786956787 810
1745347261001 5.285393714904785 820
1745347271246 4.71891450881958 830
1745347281114 4.024059772491455 840
1745347291354 3.634503126144409 850
1745347301179 4.330324172973633 860
1745347311343 3.615325689315796 870
1745347321423 5.395353317260742 880
1745347350949 3.681281566619873 890
1745347361284 4.159827709197998 900
1745347371419 4.5372796058654785 910
1745347381759 3.807234287261963 920
1745347391843 5.158107280731201 930
1745347402297 4.35586404800415 940
1745347412350 4.806707859039307 950
1745347422730 4.173429012298584 960
1745347433082 5.518094539642334 970
1745347443251 2.6630349159240723 980
1745347453511 3.9595565795898438 990
1745347463361 3.800930976867676 1000
1745347473239 4.36657190322876 1010
1745347502951 3.6633665561676025 1020
1745347512748 6.375357627868652 1030
1745347522993 5.671154499053955 1040
1745347533442 3.212512969970703 1050
1745347544291 4.654745578765869 1060
1745347554788 5.376610279083252 1070
1745347565131 4.854261875152588 1080
1745347575234 3.5208864212036133 1090
1745347585350 7.489091396331787 1100
1745347595667 3.9250807762145996 1110
1745347606187 3.9729418754577637 1120
1745347616815 2.869001626968384 1130
1745347627226 3.4854815006256104 1140
1745347657085 3.470421552658081 1150
1745347667346 4.639285087585449 1160
1745347677679 3.5821657180786133 1170
1745347688007 3.2232232093811035 1180
1745347697996 5.322442054748535 1190
1745347708399 3.1225030422210693 1200
1745347718532 3.192058563232422 1210
1745347728723 3.570228338241577 1220
1745347739332 2.733834743499756 1230
1745347749375 3.6625776290893555 1240
1745347759944 3.4586799144744873 1250
1745347770350 3.610963821411133 1260
1745347779873 4.015984535217285 1270
1745347809944 7.071637153625488 1280
1745347820440 4.827857971191406 1290
1745347830670 3.9530699253082275 1300
1745347840709 4.30335807800293 1310
1745347850795 4.236117362976074 1320
1745347861214 4.088685989379883 1330
1745347871615 3.908108711242676 1340
1745347882304 4.157701015472412 1350
1745347892580 5.0232744216918945 1360
1745347902854 5.516230583190918 1370
1745347912935 4.121869087219238 1380
1745347922779 3.7496438026428223 1390
1745347952762 4.0061845779418945 1400
1745347962689 4.489762306213379 1410
1745347972968 5.311871528625488 1420
1745347982961 4.923193454742432 1430
1745347993036 4.975898742675781 1440
1745348003016 3.445800542831421 1450
1745348013581 2.51297664642334 1460
1745348023667 3.8313138484954834 1470
1745348033809 4.209094524383545 1480
1745348044205 3.85597562789917 1490
1745348054482 4.3795976638793945 1500
1745348064763 5.021697044372559 1510
1745348074982 3.4575724601745605 1520
1745348105449 4.365327835083008 1530
1745348115794 4.750070095062256 1540
1745348126400 4.093260765075684 1550
1745348136596 3.865727424621582 1560
1745348146613 3.6799824237823486 1570
1745348156641 4.225429058074951 1580
1745348167232 3.219736337661743 1590
1745348177254 3.964024782180786 1600
1745348187625 4.659018516540527 1610
1745348197690 4.0331292152404785 1620
1745348208242 3.15751576423645 1630
1745348218245 4.868519306182861 1640
1745348228378 2.268095016479492 1650
1745348258932 3.3721625804901123 1660
1745348268982 4.531959533691406 1670
1745348279274 2.910233736038208 1680
1745348289278 3.12455677986145 1690
1745348299755 3.7037405967712402 1700
1745348310229 4.269436359405518 1710
1745348320747 3.2760775089263916 1720
1745348331148 3.0368738174438477 1730
1745348341295 3.3036296367645264 1740
1745348352330 3.1552574634552 1750
1745348362585 3.8492443561553955 1760
1745348373471 2.7254765033721924 1770
1745348403194 1.7193502187728882 1780
1745348413353 3.0021424293518066 1790
1745348423858 4.205679893493652 1800
1745348433880 5.291935443878174 1810
1745348444205 4.24361515045166 1820
1745348454502 3.259582757949829 1830
1745348465050 4.019289493560791 1840
1745348475499 3.848940849304199 1850
1745348485895 3.5445785522460938 1860
1745348496300 2.5680794715881348 1870
1745348506457 4.28357458114624 1880
1745348516852 5.2633209228515625 1890
1745348526942 3.883136034011841 1900
1745348557411 3.96889328956604 1910
1745348567496 3.378570556640625 1920
1745348577473 2.604466438293457 1930
1745348587986 3.9442965984344482 1940
1745348598186 3.4133942127227783 1950
1745348608289 3.351902723312378 1960
1745348618241 4.352601051330566 1970
1745348628257 5.142216205596924 1980
1745348638551 3.466097116470337 1990
1745348648455 5.139427185058594 2000
1745348658754 3.204648971557617 2010
1745348668918 3.818366050720215 2020
1745348679108 4.609816074371338 2030
1745348708554 3.0683045387268066 2040
1745348718887 3.853602647781372 2050
1745348729300 3.3709120750427246 2060
1745348739625 3.1826798915863037 2070
1745348749872 4.523212432861328 2080
1745348759812 3.5791008472442627 2090
1745348770342 5.222129821777344 2100
1745348781032 2.8395562171936035 2110
1745348791171 2.8091161251068115 2120
1745348801374 1.6069883108139038 2130
1745348812021 4.673593521118164 2140
1745348822063 4.351995468139648 2150
1745348851868 3.3347723484039307 2160
1745348862268 5.904938220977783 2170
1745348872608 2.562868118286133 2180
1745348883148 2.117365598678589 2190
1745348893103 3.7004008293151855 2200
1745348903098 4.452990531921387 2210
1745348913516 3.9339122772216797 2220
1745348923985 4.546609878540039 2230
1745348934112 4.600913047790527 2240
1745348944256 3.822822093963623 2250
1745348955296 3.2134830951690674 2260
1745348965794 3.818284749984741 2270
1745348975918 3.4646120071411133 2280
1745349006775 4.020497798919678 2290
1745349017680 3.993276357650757 2300
1745349028005 4.631682872772217 2310
1745349037873 3.9007513523101807 2320
1745349047809 2.372314453125 2330
1745349058861 3.24540114402771 2340
1745349069321 4.190428733825684 2350
1745349079617 4.403898239135742 2360
1745349089812 2.095165967941284 2370
1745349100112 2.8690755367279053 2380
1745349110032 4.081146717071533 2390
1745349119741 3.508174419403076 2400
1745349130048 4.150764465332031 2410
1745349159624 3.357121229171753 2420
1745349170083 3.293598175048828 2430
1745349180054 3.648390531539917 2440
1745349190109 3.608755350112915 2450
1745349200009 3.7795398235321045 2460
1745349209991 4.0863800048828125 2470
1745349220163 3.9107232093811035 2480
1745349230533 3.502488136291504 2490
1745349240895 2.2602596282958984 2500
1745349251147 4.755346298217773 2510
1745349261577 3.999868154525757 2520
1745349272236 2.4540486335754395 2530
1745349281789 3.576287031173706 2540
1745349311858 2.8566110134124756 2550
1745349322032 4.246739864349365 2560
1745349332532 2.864830493927002 2570
1745349343103 3.10721755027771 2580
1745349353301 3.303361415863037 2590
1745349363321 4.201884746551514 2600
1745349373336 3.784937620162964 2610
1745349383680 3.4032273292541504 2620
1745349393794 2.4683570861816406 2630
1745349404254 4.537160873413086 2640
1745349414239 3.7183949947357178 2650
1745349424389 1.367293357849121 2660
1745349454493 3.0486342906951904 2670
1745349464315 2.982868194580078 2680
1745349474462 4.947940349578857 2690
1745349484826 3.4533703327178955 2700
1745349495208 2.257671594619751 2710
1745349504981 4.8526835441589355 2720
1745349514838 4.7336907386779785 2730
1745349524892 2.705579996109009 2740
1745349535450 2.205216884613037 2750
1745349545693 3.0627641677856445 2760
1745349555874 6.9766106605529785 2770
1745349566080 2.196390151977539 2780
1745349576079 3.7535481452941895 2790
1745349605819 4.650699138641357 2800
1745349616105 4.306407451629639 2810
1745349626156 3.150545835494995 2820
1745349636850 2.6991209983825684 2830
1745349646951 2.957204818725586 2840
1745349656846 3.126129388809204 2850
1745349667052 3.4521679878234863 2860
1745349677290 2.596057176589966 2870
1745349687483 3.1401467323303223 2880
1745349697263 4.971761703491211 2890
1745349707447 3.3418102264404297 2900
1745349717442 3.180323839187622 2910
1745349727423 2.6892809867858887 2920
1745349757573 4.677145957946777 2930
1745349767540 3.7559776306152344 2940
1745349777640 2.563560724258423 2950
1745349787590 3.3930511474609375 2960
1745349797787 4.820076942443848 2970
1745349807817 3.5013928413391113 2980
1745349818155 3.296445608139038 2990
1745349828107 2.2638797760009766 3000
1745349838068 3.455995798110962 3010
1745349848327 2.4076428413391113 3020
1745349858470 3.753450632095337 3030
1745349869032 5.176159381866455 3040
1745349899024 6.275788307189941 3050
1745349909195 3.2408559322357178 3060
1745349919095 4.099702835083008 3070
1745349929392 3.1172142028808594 3080
1745349939697 3.814724922180176 3090
1745349949730 2.3206679821014404 3100
1745349959938 4.407321453094482 3110
1745349969868 2.6286122798919678 3120
1745349980303 2.375317335128784 3130
1745349990448 3.419020891189575 3140
1745350000383 0.8589789271354675 3150
1745350010360 4.484455585479736 3160
1745350020358 1.7835192680358887 3170
1745350050141 5.946602821350098 3180
1745350060325 3.0047430992126465 3190
1745350070498 5.243418216705322 3200
1745350080995 4.419811248779297 3210
1745350091003 3.8333890438079834 3220
1745350101229 2.981938123703003 3230
1745350111620 2.2117395401000977 3240
1745350121843 3.996138334274292 3250
1745350132212 2.072035074234009 3260
1745350142707 4.658204078674316 3270
1745350152931 3.552558183670044 3280
1745350162962 5.049875259399414 3290
1745350173116 4.364409923553467 3300
1745350203237 3.344287395477295 3310
1745350213260 4.809830665588379 3320
1745350223460 2.881896495819092 3330
1745350233295 2.6542775630950928 3340
1745350243957 3.559425115585327 3350
1745350254407 4.689189434051514 3360
1745350264862 2.0683846473693848 3370
1745350275476 3.2385213375091553 3380
1745350286001 3.000948190689087 3390
1745350296316 2.145355701446533 3400
1745350306397 2.6883087158203125 3410
1745350316836 1.8692679405212402 3420
1745350346131 1.8976502418518066 3430
1745350356307 2.6637136936187744 3440
1745350366879 1.9392338991165161 3450
1745350377084 2.7292568683624268 3460
1745350387220 2.0893871784210205 3470
1745350397133 3.5981132984161377 3480
1745350407557 3.5909817218780518 3490
1745350417729 1.6966114044189453 3500
1745350428174 2.9286375045776367 3510
1745350438571 3.030254364013672 3520
1745350448695 4.190962791442871 3530
1745350459118 3.126634359359741 3540
1745350468991 4.045587062835693 3550
1745350499262 2.649536609649658 3560
1745350509573 3.117753267288208 3570
1745350520135 4.749339580535889 3580
1745350530158 3.111699342727661 3590
1745350540292 3.665620803833008 3600
1745350550753 2.9311602115631104 3610
1745350560978 2.356203556060791 3620
1745350571548 2.6544458866119385 3630
1745350581401 4.875191688537598 3640
1745350591852 2.5930802822113037 3650
1745350601943 3.220682382583618 3660
1745350611861 3.5728962421417236 3670
1745350621986 5.776032447814941 3680
1745350652134 1.6399699449539185 3690
1745350662720 4.3215436935424805 3700
1745350673170 2.6263980865478516 3710
1745350683590 3.145606756210327 3720
1745350693913 3.547563076019287 3730
1745350703937 1.8834834098815918 3740
1745350714064 4.513844013214111 3750
1745350724136 3.271723508834839 3760
1745350734633 2.9931466579437256 3770
1745350744886 2.814396381378174 3780
1745350755294 2.635411262512207 3790
1745350765545 2.5163097381591797 3800
1745350775334 3.378416061401367 3810
