1745346311839 2.3622047244094487e-06 10
1745346321894 4.9868766404199475e-06 20
1745346332066 7.611548556430446e-06 30
1745346342384 1.0236220472440946e-05 40
1745346352909 1.2860892388451445e-05 50
1745346363263 1.5485564304461945e-05 60
1745346374319 1.8110236220472444e-05 70
1745346384897 2.0734908136482943e-05 80
1745346394971 2.335958005249344e-05 90
1745346405220 2.5984251968503937e-05 100
1745346415609 2.860892388451444e-05 110
1745346426055 3.1233595800524935e-05 120
1745346456309 3.385826771653544e-05 130
1745346467060 3.648293963254593e-05 140
1745346477351 3.9107611548556434e-05 150
1745346487873 4.173228346456693e-05 160
1745346498495 4.435695538057743e-05 170
1745346508311 4.698162729658793e-05 180
1745346519275 4.960629921259843e-05 190
1745346529491 5.223097112860893e-05 200
1745346539699 5.485564304461942e-05 210
1745346549752 5.748031496062992e-05 220
1745346559761 6.0104986876640425e-05 230
1745346570066 6.272965879265093e-05 240
1745346580302 6.535433070866141e-05 250
1745346610154 6.797900262467192e-05 260
1745346619952 7.060367454068241e-05 270
1745346630090 7.322834645669292e-05 280
1745346640109 7.58530183727034e-05 290
1745346650044 7.847769028871391e-05 300
1745346660804 8.110236220472441e-05 310
1745346671135 8.372703412073492e-05 320
1745346681183 8.63517060367454e-05 330
1745346691178 8.897637795275591e-05 340
1745346700975 9.16010498687664e-05 350
1745346711183 9.422572178477691e-05 360
1745346721235 9.68503937007874e-05 370
1745346731883 9.94750656167979e-05 380
1745346761756 9.999865697896888e-05 390
1745346772061 9.999320107968219e-05 400
1745346782083 9.998354882093378e-05 410
1745346791953 9.996970101292072e-05 420
1745346802380 9.99516588180087e-05 430
1745346812412 9.992942375063434e-05 440
1745346823047 9.990299767717817e-05 450
1745346833317 9.987238281580786e-05 460
1745346843402 9.98375817362921e-05 470
1745346853808 9.979859735978487e-05 480
1745346863879 9.975543295858035e-05 490
1745346874204 9.970809215583799e-05 500
1745346903467 9.965657892527868e-05 510
1745346914322 9.960089759085105e-05 520
1745346924376 9.954105282636852e-05 530
1745346934347 9.947704965511701e-05 540
1745346944680 9.940889344943329e-05 550
1745346954809 9.93365899302541e-05 560
1745346964904 9.926014516663581e-05 570
1745346975478 9.91795655752451e-05 580
1745346986361 9.909485791982029e-05 590
1745346996755 9.900602931060367e-05 600
1745347007007 9.89130872037446e-05 610
1745347017375 9.881603940067368e-05 620
1745347027448 9.871489404744796e-05 630
1745347057429 9.860965963406707e-05 640
1745347067477 9.850034499376069e-05 650
1745347077881 9.8386959302247e-05 660
1745347088055 9.826951207696258e-05 670
1745347098384 9.814801317626343e-05 680
1745347108968 9.802247279859756e-05 690
1745347119039 9.78929014816489e-05 700
1745347129442 9.775931010145279e-05 710
1745347139720 9.762170987148305e-05 720
1745347150192 9.74801123417108e-05 730
1745347160569 9.733452939763487e-05 740
1745347170510 9.718497325928424e-05 750
1745347181150 9.70314564801922e-05 760
1745347210807 9.687399194634277e-05 770
1745347221215 9.671259287508894e-05 780
1745347231094 9.654727281404327e-05 790
1745347241158 9.637804563994079e-05 800
1745347251010 9.620492555747406e-05 810
1745347261001 9.602792709810097e-05 820
1745347271246 9.584706511882497e-05 830
1745347281114 9.566235480094793e-05 840
1745347291354 9.54738116487959e-05 850
1745347301179 9.528145148841771e-05 860
1745347311343 9.508529046625648e-05 870
1745347321423 9.488534504779441e-05 880
1745347350949 9.468163201617062e-05 890
1745347361284 9.44741684707724e-05 900
1745347371419 9.426297182579993e-05 910
1745347381759 9.404805980880457e-05 920
1745347391843 9.382945045920084e-05 930
1745347402297 9.360716212675214e-05 940
1745347412350 9.338121347003054e-05 950
1745347422730 9.315162345485072e-05 960
1745347433082 9.291841135267778e-05 970
1745347443251 9.268159673900983e-05 980
1745347453511 9.24411994917347e-05 990
1745347463361 9.219723978946153e-05 1000
1745347473239 9.194973810982692e-05 1010
1745347502951 9.169871522777612e-05 1020
1745347512748 9.144419221381919e-05 1030
1745347522993 9.118619043226238e-05 1040
1745347533442 9.092473153941483e-05 1050
1745347544291 9.065983748177074e-05 1060
1745347554788 9.039153049416728e-05 1070
1745347565131 9.011983309791819e-05 1080
1745347575234 8.984476809892338e-05 1090
1745347585350 8.95663585857546e-05 1100
1745347595667 8.928462792771747e-05 1110
1745347606187 8.899959977288987e-05 1120
1745347616815 8.871129804613696e-05 1130
1745347627226 8.841974694710296e-05 1140
1745347657085 8.81249709481798e-05 1150
1745347667346 8.78269947924531e-05 1160
1745347677679 8.75258434916251e-05 1170
1745347688007 8.722154232391528e-05 1180
1745347697996 8.691411683193862e-05 1190
1745347708399 8.660359282056144e-05 1200
1745347718532 8.628999635473546e-05 1210
1745347728723 8.597335375730997e-05 1220
1745347739332 8.565369160682226e-05 1230
1745347749375 8.533103673526672e-05 1240
1745347759944 8.500541622584253e-05 1250
1745347770350 8.467685741068036e-05 1260
1745347779873 8.43453878685482e-05 1270
1745347809944 8.401103542253638e-05 1280
1745347820440 8.367382813772217e-05 1290
1745347830670 8.333379431881397e-05 1300
1745347840709 8.299096250777557e-05 1310
1745347850795 8.264536148143023e-05 1320
1745347861214 8.229702024904535e-05 1330
1745347871615 8.194596804989738e-05 1340
1745347882304 8.159223435081751e-05 1350
1745347892580 8.123584884371829e-05 1360
1745347902854 8.087684144310136e-05 1370
1745347912935 8.051524228354641e-05 1380
1745347922779 8.015108171718177e-05 1390
1745347952762 7.978439031113668e-05 1400
1745347962689 7.941519884497548e-05 1410
1745347972968 7.904353830811417e-05 1420
1745347982961 7.8669439897219e-05 1430
1745347993036 7.829293501358797e-05 1440
1745348003016 7.791405526051509e-05 1450
1745348013581 7.753283244063758e-05 1460
1745348023667 7.714929855326638e-05 1470
1745348033809 7.676348579170021e-05 1480
1745348044205 7.637542654052335e-05 1490
1745348054482 7.598515337288722e-05 1500
1745348064763 7.559269904777639e-05 1510
1745348074982 7.519809650725861e-05 1520
1745348105449 7.480137887371994e-05 1530
1745348115794 7.440257944708435e-05 1540
1745348126400 7.40017317020186e-05 1550
1745348136596 7.359886928512248e-05 1560
1745348146613 7.319402601210448e-05 1570
1745348156641 7.278723586494339e-05 1580
1745348167232 7.237853298903591e-05 1590
1745348177254 7.196795169033054e-05 1600
1745348187625 7.155552643244793e-05 1610
1745348197690 7.114129183378808e-05 1620
1745348208242 7.072528266462457e-05 1630
1745348218245 7.03075338441859e-05 1640
1745348228378 6.988808043772452e-05 1650
1745348258932 6.94669576535734e-05 1660
1745348268982 6.904420084019076e-05 1670
1745348279274 6.8619845483193e-05 1680
1745348289278 6.819392720237593e-05 1690
1745348299755 6.77664817487251e-05 1700
1745348310229 6.733754500141478e-05 1710
1745348320747 6.690715296479632e-05 1720
1745348331148 6.647534176537608e-05 1730
1745348341295 6.604214764878293e-05 1740
1745348352330 6.560760697672584e-05 1750
1745348362585 6.517175622394183e-05 1760
1745348373471 6.473463197513422e-05 1770
1745348403194 6.429627092190185e-05 1780
1745348413353 6.385670985965915e-05 1790
1745348423858 6.341598568454766e-05 1800
1745348433880 6.297413539033894e-05 1810
1745348444205 6.25311960653295e-05 1820
1745348454502 6.208720488922751e-05 1830
1745348465050 6.164219913003207e-05 1840
1745348475499 6.119621614090498e-05 1850
1745348485895 6.074929335703532e-05 1860
1745348496300 6.030146829249725e-05 1870
1745348506457 5.9852778537101116e-05 1880
1745348516852 5.940326175323819e-05 1890
1745348526942 5.895295567271939e-05 1900
1745348557411 5.850189809360804e-05 1910
1745348567496 5.805012687704726e-05 1920
1745348577473 5.759767994408187e-05 1930
1745348587986 5.7144595272475376e-05 1940
1745348598186 5.6690910893522185e-05 1950
1745348608289 5.623666488885532e-05 1960
1745348618241 5.578189538724986e-05 1970
1745348628257 5.532664056142247e-05 1980
1745348638551 5.487093862482729e-05 1990
1745348648455 5.441482782844831e-05 2000
1745348658754 5.395834645758859e-05 2010
1745348668918 5.350153282865674e-05 2020
1745348679108 5.304442528595064e-05 2030
1745348708554 5.258706219843889e-05 2040
1745348718887 5.2129481956540136e-05 2050
1745348729300 5.167172296890068e-05 2060
1745348739625 5.12138236591705e-05 2070
1745348749872 5.075582246277799e-05 2080
1745348759812 5.029775782370377e-05 2090
1745348770342 4.9839668191253794e-05 2100
1745348781032 4.938159201683186e-05 2110
1745348791171 4.892356775071216e-05 2120
1745348801374 4.8465633838811784e-05 2130
1745348812021 4.8007828719463566e-05 2140
1745348822063 4.755019082018971e-05 2150
1745348851868 4.709275855447621e-05 2160
1745348862268 4.663557031854844e-05 2170
1745348872608 4.617866448814826e-05 2180
1745348883148 4.5722079415312834e-05 2190
1745348893103 4.526585342515533e-05 2200
1745348903098 4.4810024812648063e-05 2210
1745348913516 4.435463183940799e-05 2220
1745348923985 4.3899712730485146e-05 2230
1745348934112 4.344530567115406e-05 2240
1745348944256 4.299144880370849e-05 2250
1745348955296 4.2538180224259885e-05 2260
1745348965794 4.208553797953967e-05 2270
1745348975918 4.163356006370549e-05 2280
1745349006775 4.118228441515226e-05 2290
1745349017680 4.073174891332751e-05 2300
1745349028005 4.0281991375551905e-05 2310
1745349037873 3.983304955384488e-05 2320
1745349047809 3.93849611317558e-05 2330
1745349058861 3.8937763721200874e-05 2340
1745349069321 3.8491494859306074e-05 2350
1745349079617 3.804619200525621e-05 2360
1745349089812 3.760189253715082e-05 2370
1745349100112 3.715863374886661e-05 2380
1745349110032 3.671645284692704e-05 2390
1745349119741 3.6275386947379365e-05 2400
1745349130048 3.583547307267904e-05 2410
1745349159624 3.539674814858216e-05 2420
1745349170083 3.4959249001045994e-05 2430
1745349180054 3.452301235313786e-05 2440
1745349190109 3.408807482195255e-05 2450
1745349200009 3.365447291553889e-05 2460
1745349209991 3.322224302983517e-05 2470
1745349220163 3.279142144561421e-05 2480
1745349230533 3.236204432543799e-05 2490
1745349240895 3.193414771062211e-05 2500
1745349251147 3.1507767518210725e-05 2510
1745349261577 3.1082939537961555e-05 2520
1745349272236 3.065969942934179e-05 2530
1745349281789 3.023808271853492e-05 2540
1745349311858 2.9818124795458714e-05 2550
1745349322032 2.939986091079453e-05 2560
1745349332532 2.8983326173028603e-05 2570
1745349343103 2.8568555545504932e-05 2580
1745349353301 2.8155583843490573e-05 2590
1745349363321 2.7744445731253367e-05 2600
1745349373336 2.733517571915204e-05 2610
1745349383680 2.6927808160739743e-05 2620
1745349393794 2.6522377249880248e-05 2630
1745349404254 2.611891701787783e-05 2640
1745349414239 2.5717461330620818e-05 2650
1745349424389 2.5318043885738753e-05 2660
1745349454493 2.4920698209774013e-05 2670
1745349464315 2.452545765536755e-05 2680
1745349474462 2.4132355398459443e-05 2690
1745349484826 2.3741424435503923e-05 2700
1745349495208 2.3352697580699967e-05 2710
1745349504981 2.2966207463236738e-05 2720
1745349514838 2.258198652455477e-05 2730
1745349524892 2.220006701562298e-05 2740
1745349535450 2.1820480994231374e-05 2750
1745349545693 2.1443260322300372e-05 2760
1745349555874 2.106843666320622e-05 2770
1745349566080 2.0696041479123236e-05 2780
1745349576079 2.0326106028382995e-05 2790
1745349605819 1.9958661362850452e-05 2800
1745349616105 1.9593738325317527e-05 2810
1745349626156 1.9231367546914232e-05 2820
1745349636850 1.887157944453749e-05 2830
1745349646951 1.8514404218298003e-05 2840
1745349656846 1.815987184898535e-05 2850
1745349667052 1.7808012095551336e-05 2860
1745349677290 1.745885449261212e-05 2870
1745349687483 1.71124283479692e-05 2880
1745349697263 1.6768762740149157e-05 2890
1745349707447 1.6427886515963087e-05 2900
1745349717442 1.6089828288085053e-05 2910
1745349727423 1.5754616432650444e-05 2920
1745349757573 1.542227908687418e-05 2930
1745349767540 1.5092844146688757e-05 2940
1745349777640 1.4766339264402901e-05 2950
1745349787590 1.4442791846380316e-05 2960
1745349797787 1.4122229050739294e-05 2970
1745349807817 1.3804677785073084e-05 2980
1745349818155 1.3490164704191366e-05 2990
1745349828107 1.3178716207882775e-05 3000
1745349838068 1.2870358438699004e-05 3010
1745349848327 1.2565117279760497e-05 3020
1745349858470 1.2263018352583667e-05 3030
1745349869032 1.1964087014930503e-05 3040
1745349899024 1.1668348358679887e-05 3050
1745349909195 1.1375827207721479e-05 3060
1745349919095 1.108654811587211e-05 3070
1745349929392 1.080053536481458e-05 3080
1745349939697 1.0517812962059726e-05 3090
1745349949730 1.0238404638931077e-05 3100
1745349959938 9.962333848572958e-06 3110
1745349969868 9.689623763981847e-06 3120
1745349980303 9.42029727606133e-06 3130
1745349990448 9.154376991700541e-06 3140
1745350000383 8.891885231876673e-06 3150
1745350010360 8.6328440297814e-06 3160
1745350020358 8.377275128971319e-06 3170
1745350050141 8.125199981542986e-06 3180
1745350060325 7.876639746332131e-06 3190
1745350070498 7.631615287137684e-06 3200
1745350080995 7.390147170970457e-06 3210
1745350091003 7.152255666326807e-06 3220
1745350101229 6.917960741487334e-06 3230
1745350111620 6.6872820628407216e-06 3240
1745350121843 6.4602389932330254e-06 3250
1745350132212 6.236850590342319e-06 3260
1745350142707 6.017135605079122e-06 3270
1745350152931 5.801112480012344e-06 3280
1745350162962 5.588799347821349e-06 3290
1745350173116 5.380214029773856e-06 3300
1745350203237 5.17537403423008e-06 3310
1745350213260 4.97429655517313e-06 3320
1745350223460 4.776998470765664e-06 3330
1745350233295 4.583496341933302e-06 3340
1745350243957 4.393806410974433e-06 3350
1745350254407 4.2079446001968555e-06 3360
1745350264862 4.025926510581357e-06 3370
1745350275476 3.847767420472104e-06 3380
1745350286001 3.673482284294244e-06 3390
1745350296316 3.5030857312986333e-06 3400
1745350306397 3.336592064333921e-06 3410
1745350316836 3.1740152586459127e-06 3420
1745350346131 3.0153689607045845e-06 3430
1745350356307 2.8606664870585555e-06 3440
1745350366879 2.70992082321736e-06 3450
1745350377084 2.563144622561453e-06 3460
1745350387220 2.420350205280053e-06 3470
1745350397133 2.281549557337098e-06 3480
1745350407557 2.1467543294650725e-06 3490
1745350417729 2.015975836187106e-06 3500
1745350428174 1.8892250548672386e-06 3510
1745350438571 1.7665126247889851e-06 3520
1745350448695 1.6478488462623177e-06 3530
1745350459118 1.5332436797590334e-06 3540
1745350468991 1.4227067450767128e-06 3550
1745350499262 1.3162473205312442e-06 3560
1745350509573 1.2138743421780063e-06 3570
1745350520135 1.1155964030617916e-06 3580
1745350530158 1.0214217524955272e-06 3590
1745350540292 9.31358295367829e-07 3600
1745350550753 8.454135914794659e-07 3610
1745350560978 7.635948549088334e-07 3620
1745350571548 6.859089534063779e-07 3630
1745350581401 6.123624078181511e-07 3640
1745350591852 5.429613915384546e-07 3650
1745350601943 4.777117299916478e-07 3660
1745350611861 4.16618900143162e-07 3670
1745350621986 3.596880300398009e-07 3680
1745350652134 3.0692389837926885e-07 3690
1745350662720 2.583309341090745e-07 3700
1745350673170 2.1391321605475635e-07 3710
1745350683590 1.736744725775119e-07 3720
1745350693913 1.3761808126126486e-07 3730
1745350703937 1.0574706862913619e-07 3740
1745350714064 7.806410988940305e-08 3750
1745350724136 5.457152871094495e-08 3760
1745350734633 3.5271297028216524e-08 3770
1745350744886 2.0165034875696542e-08 3780
1745350755294 9.254010251935618e-09 3790
1745350765545 2.5391390130968806e-09 3800
1745350775334 2.0984796089695835e-11 3810
