1745346311839 2.6775 10
1745346321894 2.6712 20
1745346332066 2.6425 30
1745346342384 2.6089 40
1745346352909 2.5646 50
1745346363263 2.5515 60
1745346374319 2.502 70
1745346384897 2.4465 80
1745346394971 2.3848 90
1745346405220 2.3634 100
1745346415609 2.3225 110
1745346426055 2.2785 120
1745346456309 2.1848 130
1745346467060 2.1541 140
1745346477351 2.0118 150
1745346487873 2.1015 160
1745346498495 1.9958 170
1745346508311 1.9815 180
1745346519275 1.9438 190
1745346529491 1.8742 200
1745346539699 1.7881 210
1745346549752 1.8183 220
1745346559761 1.786 230
1745346570066 1.8406 240
1745346580302 1.76 250
1745346610154 1.6856 260
1745346619952 1.577 270
1745346630090 1.6941 280
1745346640109 1.6745 290
1745346650044 1.6503 300
1745346660804 1.6443 310
1745346671135 1.7229 320
1745346681183 1.6363 330
1745346691178 1.6774 340
1745346700975 1.6288 350
1745346711183 1.5822 360
1745346721235 1.554 370
1745346731883 1.5555 380
1745346761756 1.4895 390
1745346772061 1.5 400
1745346782083 1.524 410
1745346791953 1.6776 420
1745346802380 1.6029 430
1745346812412 1.5992 440
1745346823047 1.4933 450
1745346833317 1.5877 460
1745346843402 1.4391 470
1745346853808 1.5141 480
1745346863879 1.5198 490
1745346874204 1.5311 500
1745346903467 1.3899 510
1745346914322 1.5249 520
1745346924376 1.4546 530
1745346934347 1.4773 540
1745346944680 1.3293 550
1745346954809 1.4787 560
1745346964904 1.5346 570
1745346975478 1.3871 580
1745346986361 1.6095 590
1745346996755 1.4747 600
1745347007007 1.457 610
1745347017375 1.5038 620
1745347027448 1.4226 630
1745347057429 1.4183 640
1745347067477 1.5497 650
1745347077881 1.4989 660
1745347088055 1.4065 670
1745347098384 1.3739 680
1745347108968 1.3709 690
1745347119039 1.3739 700
1745347129442 1.5025 710
1745347139720 1.3855 720
1745347150192 1.4196 730
1745347160569 1.4201 740
1745347170510 1.4324 750
1745347181150 1.3712 760
1745347210807 1.3387 770
1745347221215 1.2146 780
1745347231094 1.4994 790
1745347241158 1.5629 800
1745347251010 1.3717 810
1745347261001 1.2778 820
1745347271246 1.3009 830
1745347281114 1.3806 840
1745347291354 1.5028 850
1745347301179 1.3776 860
1745347311343 1.4021 870
1745347321423 1.3305 880
1745347350949 1.4681 890
1745347361284 1.3858 900
1745347371419 1.4387 910
1745347381759 1.2902 920
1745347391843 1.3339 930
1745347402297 1.4689 940
1745347412350 1.36 950
1745347422730 1.4159 960
1745347433082 1.4601 970
1745347443251 1.4367 980
1745347453511 1.291 990
1745347463361 1.3457 1000
1745347473239 1.3807 1010
1745347502951 1.4382 1020
1745347512748 1.3691 1030
1745347522993 1.3929 1040
1745347533442 1.4428 1050
1745347544291 1.3278 1060
1745347554788 1.3122 1070
1745347565131 1.3422 1080
1745347575234 1.2398 1090
1745347585350 1.2923 1100
1745347595667 1.3498 1110
1745347606187 1.3352 1120
1745347616815 1.4825 1130
1745347627226 1.4275 1140
1745347657085 1.3138 1150
1745347667346 1.3914 1160
1745347677679 1.2775 1170
1745347688007 1.5001 1180
1745347697996 1.2587 1190
1745347708399 1.3818 1200
1745347718532 1.4479 1210
1745347728723 1.4149 1220
1745347739332 1.303 1230
1745347749375 1.2498 1240
1745347759944 1.2549 1250
1745347770350 1.3526 1260
1745347779873 1.3427 1270
1745347809944 1.3397 1280
1745347820440 1.2952 1290
1745347830670 1.243 1300
1745347840709 1.1789 1310
1745347850795 1.1633 1320
1745347861214 1.3102 1330
1745347871615 1.3316 1340
1745347882304 1.419 1350
1745347892580 1.2812 1360
1745347902854 1.2681 1370
1745347912935 1.243 1380
1745347922779 1.2579 1390
1745347952762 1.3365 1400
1745347962689 1.2654 1410
1745347972968 1.2326 1420
1745347982961 1.2114 1430
1745347993036 1.3727 1440
1745348003016 1.4124 1450
1745348013581 1.4131 1460
1745348023667 1.3317 1470
1745348033809 1.3727 1480
1745348044205 1.3165 1490
1745348054482 1.2498 1500
1745348064763 1.2957 1510
1745348074982 1.1563 1520
1745348105449 1.2096 1530
1745348115794 1.2963 1540
1745348126400 1.314 1550
1745348136596 1.1242 1560
1745348146613 1.2056 1570
1745348156641 1.3048 1580
1745348167232 1.2162 1590
1745348177254 1.2988 1600
1745348187625 1.1571 1610
1745348197690 1.2658 1620
1745348208242 1.2924 1630
1745348218245 1.2767 1640
1745348228378 1.2449 1650
1745348258932 1.2417 1660
1745348268982 1.2751 1670
1745348279274 1.1469 1680
1745348289278 1.3113 1690
1745348299755 1.3317 1700
1745348310229 1.2325 1710
1745348320747 1.2568 1720
1745348331148 1.1853 1730
1745348341295 1.2524 1740
1745348352330 1.2406 1750
1745348362585 1.1914 1760
1745348373471 1.3237 1770
1745348403194 1.379 1780
1745348413353 1.3072 1790
1745348423858 1.1927 1800
1745348433880 1.2732 1810
1745348444205 1.2428 1820
1745348454502 1.288 1830
1745348465050 1.103 1840
1745348475499 1.1618 1850
1745348485895 1.3184 1860
1745348496300 1.3512 1870
1745348506457 1.2952 1880
1745348516852 1.2645 1890
1745348526942 1.151 1900
1745348557411 1.2847 1910
1745348567496 1.3593 1920
1745348577473 1.3149 1930
1745348587986 1.2723 1940
1745348598186 1.2835 1950
1745348608289 1.1756 1960
1745348618241 1.3155 1970
1745348628257 1.1774 1980
1745348638551 1.261 1990
1745348648455 1.3038 2000
1745348658754 1.2231 2010
1745348668918 1.319 2020
1745348679108 1.1268 2030
1745348708554 1.3805 2040
1745348718887 1.2942 2050
1745348729300 1.1577 2060
1745348739625 1.248 2070
1745348749872 1.2705 2080
1745348759812 1.1915 2090
1745348770342 1.2827 2100
1745348781032 1.4274 2110
1745348791171 1.3152 2120
1745348801374 1.244 2130
1745348812021 1.2612 2140
1745348822063 1.1909 2150
1745348851868 1.2263 2160
1745348862268 1.1133 2170
1745348872608 1.2416 2180
1745348883148 1.3005 2190
1745348893103 1.275 2200
1745348903098 1.2066 2210
1745348913516 1.2149 2220
1745348923985 1.2778 2230
1745348934112 1.2832 2240
1745348944256 1.1519 2250
1745348955296 1.2042 2260
1745348965794 1.24 2270
1745348975918 1.1323 2280
1745349006775 1.1335 2290
1745349017680 1.2932 2300
1745349028005 1.2176 2310
1745349037873 1.2057 2320
1745349047809 1.0759 2330
1745349058861 1.1705 2340
1745349069321 1.2218 2350
1745349079617 1.2564 2360
1745349089812 1.1355 2370
1745349100112 1.192 2380
1745349110032 1.2883 2390
1745349119741 1.1787 2400
1745349130048 1.2005 2410
1745349159624 1.1837 2420
1745349170083 1.1195 2430
1745349180054 1.0988 2440
1745349190109 1.1843 2450
1745349200009 1.041 2460
1745349209991 1.1574 2470
1745349220163 1.1941 2480
1745349230533 1.1918 2490
1745349240895 1.302 2500
1745349251147 1.1245 2510
1745349261577 1.178 2520
1745349272236 1.2664 2530
1745349281789 1.1649 2540
1745349311858 1.2065 2550
1745349322032 1.0693 2560
1745349332532 1.2601 2570
1745349343103 1.1464 2580
1745349353301 1.1811 2590
1745349363321 1.1226 2600
1745349373336 1.1433 2610
1745349383680 1.3934 2620
1745349393794 1.1536 2630
1745349404254 1.2027 2640
1745349414239 1.166 2650
1745349424389 1.2706 2660
1745349454493 1.2312 2670
1745349464315 1.1763 2680
1745349474462 1.2157 2690
1745349484826 1.2306 2700
1745349495208 1.267 2710
1745349504981 1.2571 2720
1745349514838 1.1773 2730
1745349524892 1.216 2740
1745349535450 1.0731 2750
1745349545693 1.1405 2760
1745349555874 1.2044 2770
1745349566080 1.1041 2780
1745349576079 1.1257 2790
1745349605819 1.1768 2800
1745349616105 1.2732 2810
1745349626156 1.1513 2820
1745349636850 1.1107 2830
1745349646951 1.1519 2840
1745349656846 1.0622 2850
1745349667052 1.1295 2860
1745349677290 1.0416 2870
1745349687483 1.1563 2880
1745349697263 1.1152 2890
1745349707447 1.2606 2900
1745349717442 1.1426 2910
1745349727423 1.2023 2920
1745349757573 1.1739 2930
1745349767540 1.1539 2940
1745349777640 1.1377 2950
1745349787590 1.1408 2960
1745349797787 1.15 2970
1745349807817 1.0871 2980
1745349818155 1.216 2990
1745349828107 1.2193 3000
1745349838068 1.1607 3010
1745349848327 1.2369 3020
1745349858470 1.1617 3030
1745349869032 1.2142 3040
1745349899024 1.2383 3050
1745349909195 1.0893 3060
1745349919095 1.151 3070
1745349929392 1.1548 3080
1745349939697 1.286 3090
1745349949730 1.0985 3100
1745349959938 1.1576 3110
1745349969868 1.2328 3120
1745349980303 1.1516 3130
1745349990448 1.1629 3140
1745350000383 1.1932 3150
1745350010360 1.1526 3160
1745350020358 1.2053 3170
1745350050141 1.0497 3180
1745350060325 1.1911 3190
1745350070498 1.1458 3200
1745350080995 1.2506 3210
1745350091003 1.1526 3220
1745350101229 1.2737 3230
1745350111620 1.2477 3240
1745350121843 1.1096 3250
1745350132212 1.1865 3260
1745350142707 1.211 3270
1745350152931 1.1291 3280
1745350162962 1.3008 3290
1745350173116 1.0697 3300
1745350203237 1.1869 3310
1745350213260 1.1517 3320
1745350223460 1.1712 3330
1745350233295 1.1247 3340
1745350243957 1.2352 3350
1745350254407 1.1773 3360
1745350264862 1.135 3370
1745350275476 1.1255 3380
1745350286001 1.0387 3390
1745350296316 1.258 3400
1745350306397 1.1296 3410
1745350316836 1.2132 3420
1745350346131 1.1001 3430
1745350356307 1.1306 3440
1745350366879 1.1676 3450
1745350377084 1.2954 3460
1745350387220 1.2208 3470
1745350397133 1.1454 3480
1745350407557 1.1229 3490
1745350417729 1.1866 3500
1745350428174 1.3032 3510
1745350438571 1.0598 3520
1745350448695 1.0981 3530
1745350459118 1.1695 3540
1745350468991 1.2826 3550
1745350499262 1.0954 3560
1745350509573 1.1888 3570
1745350520135 1.1775 3580
1745350530158 1.2934 3590
1745350540292 1.0607 3600
1745350550753 1.2084 3610
1745350560978 1.0971 3620
1745350571548 1.1312 3630
1745350581401 1.1482 3640
1745350591852 1.2009 3650
1745350601943 1.2282 3660
1745350611861 1.2319 3670
1745350621986 1.1281 3680
1745350652134 1.2184 3690
1745350662720 1.3279 3700
1745350673170 1.236 3710
1745350683590 1.2655 3720
1745350693913 1.0816 3730
1745350703937 1.1115 3740
1745350714064 1.136 3750
1745350724136 1.2106 3760
1745350734633 1.1116 3770
1745350744886 1.0451 3780
1745350755294 1.1005 3790
1745350765545 1.0875 3800
1745350775334 1.1576 3810
