1744571014982 0.2631578947368421 10
1744571024254 0.5263157894736842 20
1744571032572 0.7894736842105263 30
1744571048144 1.0 38
1744571051876 1.0526315789473684 40
1744571060193 1.3157894736842106 50
1744571068866 1.5789473684210527 60
1744571076904 1.8421052631578947 70
1744571088251 2.0 76
1744571093474 2.1052631578947367 80
1744571102169 2.3684210526315788 90
1744571110622 2.6315789473684212 100
1744571118662 2.8947368421052633 110
1744571128053 3.0 114
1744571134822 3.1578947368421053 120
1744571143335 3.4210526315789473 130
1744571151490 3.6842105263157894 140
1744571159896 3.9473684210526314 150
1744571167652 4.0 152
1744571176197 4.2105263157894735 160
1744571184547 4.473684210526316 170
1744571192672 4.7368421052631575 180
1744571200157 5.0 190
1744571206967 5.0 190
1744571217558 5.2631578947368425 200
1744571226060 5.526315789473684 210
1744571234276 5.7894736842105265 220
1744571247204 6.0 228
1744571250909 6.052631578947368 230
1744571259217 6.315789473684211 240
1744571267264 6.578947368421053 250
1744571275616 6.842105263157895 260
1744571287229 7.0 266
1744571292873 7.105263157894737 270
1744571301937 7.368421052631579 280
1744571310728 7.631578947368421 290
1744571319020 7.894736842105263 300
1744571328493 8.0 304
1744571335429 8.157894736842104 310
1744571343852 8.421052631578947 320
1744571351947 8.68421052631579 330
1744571360380 8.947368421052632 340
1744571367952 9.0 342
1744571376696 9.210526315789474 350
1744571384885 9.473684210526315 360
1744571393256 9.736842105263158 370
1744571400713 10.0 380
1744571407866 10.0 380
1744571409589 10.0 380
1744571410140 10.0 0
1744571417204 10.0 380
