1744571014982 0.9615303874015808 10
1744571024254 1.0523966550827026 20
1744571032572 0.9479450583457947 30
1744571051876 1.0824084281921387 40
1744571060193 0.9883565902709961 50
1744571068866 1.1273102760314941 60
1744571076904 1.0670218467712402 70
1744571093474 1.0615363121032715 80
1744571102169 1.1570043563842773 90
1744571110622 1.0686463117599487 100
1744571118662 1.2818472385406494 110
1744571134822 1.209985613822937 120
1744571143335 1.2297134399414062 130
1744571151490 1.2473866939544678 140
1744571159896 1.1874058246612549 150
1744571176197 1.2157388925552368 160
1744571184547 1.1725255250930786 170
1744571192672 1.1640459299087524 180
1744571200157 3.955226182937622 190
1744571217558 1.2004448175430298 200
1744571226060 1.2481083869934082 210
1744571234276 1.224384069442749 220
1744571250909 1.3832143545150757 230
1744571259217 1.1886335611343384 240
1744571267264 1.3331379890441895 250
1744571275616 1.2802685499191284 260
1744571292873 1.3299169540405273 270
1744571301937 1.2135677337646484 280
1744571310728 1.3379913568496704 290
1744571319020 1.3008790016174316 300
1744571335429 1.2443492412567139 310
1744571343852 1.3131918907165527 320
1744571351947 1.364958643913269 330
1744571360380 1.2781479358673096 340
1744571376696 1.221488118171692 350
1744571384885 1.2438626289367676 360
1744571393256 1.2998210191726685 370
1744571400713 4.400330066680908 380
