1744571014982 9.763157894736844e-06 10
1744571024254 9.5e-06 20
1744571032572 9.236842105263159e-06 30
1744571051876 8.973684210526317e-06 40
1744571060193 8.710526315789475e-06 50
1744571068866 8.447368421052632e-06 60
1744571076904 8.18421052631579e-06 70
1744571093474 7.921052631578948e-06 80
1744571102169 7.657894736842106e-06 90
1744571110622 7.3947368421052635e-06 100
1744571118662 7.131578947368422e-06 110
1744571134822 6.86842105263158e-06 120
1744571143335 6.605263157894738e-06 130
1744571151490 6.342105263157895e-06 140
1744571159896 6.0789473684210535e-06 150
1744571176197 5.815789473684212e-06 160
1744571184547 5.552631578947368e-06 170
1744571192672 5.289473684210526e-06 180
1744571200157 5.026315789473685e-06 190
1744571217558 4.763157894736842e-06 200
1744571226060 4.5e-06 210
1744571234276 4.236842105263158e-06 220
1744571250909 3.9736842105263165e-06 230
1744571259217 3.710526315789474e-06 240
1744571267264 3.447368421052632e-06 250
1744571275616 3.1842105263157898e-06 260
1744571292873 2.921052631578948e-06 270
1744571301937 2.6578947368421053e-06 280
1744571310728 2.3947368421052635e-06 290
1744571319020 2.1315789473684212e-06 300
1744571335429 1.868421052631579e-06 310
1744571343852 1.605263157894737e-06 320
1744571351947 1.342105263157895e-06 330
1744571360380 1.0789473684210527e-06 340
1744571376696 8.157894736842106e-07 350
1744571384885 5.526315789473684e-07 360
1744571393256 2.894736842105263e-07 370
1744571400713 2.631578947368421e-08 380
