1744571014982 2.6933 10
1744571024254 2.6615 20
1744571032572 2.6319 30
1744571051876 2.6147 40
1744571060193 2.578 50
1744571068866 2.5419 60
1744571076904 2.5106 70
1744571093474 2.4838 80
1744571102169 2.4556 90
1744571110622 2.4234 100
1744571118662 2.4122 110
1744571134822 2.3486 120
1744571143335 2.3456 130
1744571151490 2.3263 140
1744571159896 2.3185 150
1744571176197 2.2792 160
1744571184547 2.2595 170
1744571192672 2.2492 180
1744571200157 2.2208 190
1744571217558 2.1924 200
1744571226060 2.1911 210
1744571234276 2.1691 220
1744571250909 2.1523 230
1744571259217 2.1441 240
1744571267264 2.1454 250
1744571275616 2.1228 260
1744571292873 2.0933 270
1744571301937 2.1049 280
1744571310728 2.0903 290
1744571319020 2.1027 300
1744571335429 2.0936 310
1744571343852 2.053 320
1744571351947 2.0355 330
1744571360380 2.075 340
1744571376696 2.0615 350
1744571384885 2.052 360
1744571393256 2.0528 370
1744571400713 2.0479 380
