1744722429231 0.4 10
1744722461479 0.8 20
1744722490763 1.0 25
1744722509411 1.2 30
1744722540021 1.6 40
1744722565601 2.0 50
1744722581298 2.0 50
1744722614505 2.4 60
1744722644620 2.8 70
1744722671074 3.0 75
1744722689865 3.2 80
1744722720733 3.6 90
1744722746533 4.0 100
1744722762741 4.0 100
1744722796193 4.4 110
1744722826223 4.8 120
1744722853072 5.0 125
1744722871524 5.2 130
1744722901735 5.6 140
1744722927127 6.0 150
1744722943120 6.0 150
1744722976495 6.4 160
1744723006810 6.8 170
1744723033132 7.0 175
1744723051366 7.2 180
1744723081522 7.6 190
1744723106977 8.0 200
1744723123034 8.0 200
1744723156585 8.4 210
1744723186684 8.8 220
1744723213179 9.0 225
1744723231495 9.2 230
1744723261566 9.6 240
1744723287265 10.0 250
1744723302990 10.0 250
1744723336166 10.4 260
1744723366549 10.8 270
1744723393027 11.0 275
1744723411406 11.2 280
1744723441432 11.6 290
1744723467076 12.0 300
1744723482899 12.0 300
1744723516579 12.4 310
1744723546760 12.8 320
1744723573204 13.0 325
1744723591672 13.2 330
1744723621747 13.6 340
1744723647707 14.0 350
1744723663539 14.0 350
1744723697163 14.4 360
1744723727224 14.8 370
1744723753753 15.0 375
1744723772346 15.2 380
1744723802539 15.6 390
1744723828350 16.0 400
1744723844369 16.0 400
1744723877968 16.4 410
1744723908254 16.8 420
1744723934480 17.0 425
1744723952792 17.2 430
1744723982942 17.6 440
1744724008821 18.0 450
1744724024684 18.0 450
1744724058217 18.4 460
1744724088066 18.8 470
1744724114305 19.0 475
1744724132531 19.2 480
1744724162965 19.6 490
1744724188476 20.0 500
1744724204414 20.0 500
1744724237872 20.4 510
1744724268099 20.8 520
1744724294548 21.0 525
1744724312967 21.2 530
1744724342865 21.6 540
1744724368705 22.0 550
1744724384489 22.0 550
1744724418076 22.4 560
1744724447993 22.8 570
1744724474323 23.0 575
1744724492540 23.2 580
1744724522362 23.6 590
1744724548344 24.0 600
1744724564212 24.0 600
1744724597850 24.4 610
1744724628051 24.8 620
1744724654188 25.0 625
1744724672557 25.2 630
1744724702674 25.6 640
1744724728476 26.0 650
1744724744185 26.0 650
1744724777771 26.4 660
1744724807985 26.8 670
1744724834314 27.0 675
1744724852539 27.2 680
1744724882720 27.6 690
1744724908272 28.0 700
1744724924041 28.0 700
1744724957371 28.4 710
1744724987273 28.8 720
1744725013442 29.0 725
1744725032120 29.2 730
1744725062179 29.6 740
1744725087655 30.0 750
1744725103462 30.0 750
1744725105037 30.0 750
1744725105457 30.0 0
1744725120973 30.0 750
