1744722429231 0.625307559967041 10
1744722461479 0.5947906374931335 20
1744722509411 0.5979265570640564 30
1744722540021 0.67399662733078 40
1744722565601 1.369173526763916 50
1744722614505 0.6860390901565552 60
1744722644620 0.6873164176940918 70
1744722689865 0.6739516258239746 80
1744722720733 0.6914203763008118 90
1744722746533 1.5717954635620117 100
1744722796193 0.796779990196228 110
1744722826223 0.7813626527786255 120
1744722871524 0.8513132333755493 130
1744722901735 0.8170998096466064 140
1744722927127 2.5275819301605225 150
1744722976495 0.9144468307495117 160
1744723006810 0.9120710492134094 170
1744723051366 1.1676619052886963 180
1744723081522 0.969295859336853 190
1744723106977 2.077864646911621 200
1744723156585 1.0931379795074463 210
1744723186684 1.06246018409729 220
1744723231495 1.0734373331069946 230
1744723261566 1.317427396774292 240
1744723287265 2.9178049564361572 250
1744723336166 1.3898028135299683 260
1744723366549 1.2031772136688232 270
1744723411406 2.202863931655884 280
1744723441432 1.411698579788208 290
1744723467076 3.222254753112793 300
1744723516579 1.2250730991363525 310
1744723546760 1.3841170072555542 320
1744723591672 1.467444896697998 330
1744723621747 1.4134448766708374 340
1744723647707 7.269993782043457 350
1744723697163 1.4131191968917847 360
1744723727224 1.4165763854980469 370
1744723772346 1.7591394186019897 380
1744723802539 1.3758924007415771 390
1744723828350 4.926627159118652 400
1744723877968 1.4105091094970703 410
1744723908254 1.439623475074768 420
1744723952792 1.399204134941101 430
1744723982942 1.4811441898345947 440
1744724008821 3.4487931728363037 450
1744724058217 1.33753502368927 460
1744724088066 1.447259545326233 470
1744724132531 1.4712622165679932 480
1744724162965 1.8501384258270264 490
1744724188476 5.438926696777344 500
1744724237872 1.7351338863372803 510
1744724268099 1.5981533527374268 520
1744724312967 1.6391785144805908 530
1744724342865 1.6957799196243286 540
1744724368705 5.052642822265625 550
1744724418076 1.5757890939712524 560
1744724447993 1.7785261869430542 570
1744724492540 1.575150966644287 580
1744724522362 1.8341283798217773 590
1744724548344 6.125749588012695 600
1744724597850 2.1108150482177734 610
1744724628051 1.3868393898010254 620
1744724672557 1.540025234222412 630
1744724702674 1.7918471097946167 640
1744724728476 4.901337623596191 650
1744724777771 2.146911859512329 660
1744724807985 1.4588152170181274 670
1744724852539 1.6165333986282349 680
1744724882720 1.5295733213424683 690
1744724908272 7.386078834533691 700
1744724957371 1.6036468744277954 710
1744724987273 1.6151926517486572 720
1744725032120 1.6629959344863892 730
1744725062179 1.4318686723709106 740
1744725087655 8.866840362548828 750
