1744722429231 3.6e-06 10
1744722461479 7.600000000000001e-06 20
1744722509411 1.16e-05 30
1744722540021 1.56e-05 40
1744722565601 1.96e-05 50
1744722614505 2.3599999999999998e-05 60
1744722644620 2.7600000000000003e-05 70
1744722689865 2.9997400673093517e-05 80
1744722720733 2.996816859030072e-05 90
1744722746533 2.9906518787408948e-05 100
1744722796193 2.9812584784163258e-05 110
1744722826223 2.968657002069774e-05 120
1744722871524 2.9528747416929467e-05 130
1744722901735 2.9339458781474723e-05 140
1744722927127 2.9119114071367678e-05 150
1744722976495 2.88681905041847e-05 160
1744723006810 2.8587231524497398e-05 170
1744723051366 2.827684562689265e-05 180
1744723081522 2.793770503810886e-05 190
1744723106977 2.757054426114251e-05 200
1744723156585 2.7176158484478222e-05 210
1744723186684 2.6755401859887598e-05 220
1744723231495 2.6309185652526652e-05 230
1744723261566 2.583847626733842e-05 240
1744723287265 2.5344293156035048e-05 250
1744723336166 2.4827706609192376e-05 260
1744723366549 2.42898354382389e-05 270
1744723411406 2.3731844552359342e-05 280
1744723441432 2.315494243556075e-05 290
1744723467076 2.256037852936525e-05 300
1744723516579 2.1949440526797928e-05 310
1744723546760 2.132345158353047e-05 320
1744723591672 2.068376745222062e-05 330
1744723621747 2.0031773546253828e-05 340
1744723647707 1.9368881939246332e-05 350
1744723697163 1.8696528306808167e-05 360
1744723727224 1.8016168817189474e-05 370
1744723772346 1.7329276977544314e-05 380
1744723802539 1.6637340442642322e-05 390
1744723828350 1.5941857792939702e-05 400
1744723877968 1.5244335288987687e-05 410
1744723908254 1.454628360920759e-05 420
1744723952792 1.3849214578097721e-05 430
1744723982942 1.3154637891958195e-05 440
1744724008821 1.246405784922489e-05 450
1744724058217 1.1778970092494051e-05 460
1744724088066 1.110085836929344e-05 470
1744724132531 1.0431191318615581e-05 480
1744724162965 9.771419290172776e-06 490
1744724188476 9.122971203262523e-06 500
1744724237872 8.48725145204658e-06 510
1744724268099 7.865636863945869e-06 520
1744724312967 7.259473717738928e-06 530
1744724342865 6.670074827821819e-06 540
1744724368705 6.09871670094448e-06 550
1744724418076 5.546636771581403e-06 560
1744724447993 5.015030721924054e-06 570
1744724492540 4.505049892299517e-06 580
1744724522362 4.017798787623746e-06 590
1744724548344 3.5543326852898232e-06 600
1744724597850 3.115655349672141e-06 610
1744724628051 2.7027168581962706e-06 620
1744724672557 2.3164115436828238e-06 630
1744724702674 1.957576057421715e-06 640
1744724728476 1.626987557171753e-06 650
1744724777771 1.3253620240100106e-06 660
1744724807985 1.0533527116762298e-06 670
1744724852539 8.115487317706944e-07 680
1744724882720 6.004737778696867e-07 690
1744724908272 4.205849913218074e-07 700
1744724957371 2.722719711816124e-07 710
1744724987273 1.5585593042482138e-07 720
1744725032120 7.158900027253224e-08 730
1744725062179 1.9653684131145655e-08 740
1744725087655 1.624623306184514e-10 750
