1744722429231 3.7275 10
1744722461479 3.7067 20
1744722509411 3.6668 30
1744722540021 3.5994 40
1744722565601 3.4966 50
1744722614505 3.368 60
1744722644620 3.2518 70
1744722689865 3.1215 80
1744722720733 3.0242 90
1744722746533 2.9214 100
1744722796193 2.8153 110
1744722826223 2.7406 120
1744722871524 2.6365 130
1744722901735 2.5541 140
1744722927127 2.491 150
1744722976495 2.4041 160
1744723006810 2.3634 170
1744723051366 2.3038 180
1744723081522 2.2432 190
1744723106977 2.1384 200
1744723156585 2.1256 210
1744723186684 2.09 220
1744723231495 2.0003 230
1744723261566 2.0002 240
1744723287265 1.9449 250
1744723336166 1.9226 260
1744723366549 1.8945 270
1744723411406 1.856 280
1744723441432 1.829 290
1744723467076 1.8248 300
1744723516579 1.7742 310
1744723546760 1.7235 320
1744723591672 1.7542 330
1744723621747 1.7044 340
1744723647707 1.6703 350
1744723697163 1.6513 360
1744723727224 1.6746 370
1744723772346 1.6448 380
1744723802539 1.6408 390
1744723828350 1.5846 400
1744723877968 1.5847 410
1744723908254 1.544 420
1744723952792 1.5583 430
1744723982942 1.5476 440
1744724008821 1.5243 450
1744724058217 1.499 460
1744724088066 1.4919 470
1744724132531 1.4792 480
1744724162965 1.4815 490
1744724188476 1.5179 500
1744724237872 1.4691 510
1744724268099 1.4652 520
1744724312967 1.4599 530
1744724342865 1.4425 540
1744724368705 1.429 550
1744724418076 1.4463 560
1744724447993 1.4192 570
1744724492540 1.4679 580
1744724522362 1.4311 590
1744724548344 1.4454 600
1744724597850 1.4246 610
1744724628051 1.4046 620
1744724672557 1.368 630
1744724702674 1.4189 640
1744724728476 1.3937 650
1744724777771 1.405 660
1744724807985 1.4022 670
1744724852539 1.406 680
1744724882720 1.426 690
1744724908272 1.4288 700
1744724957371 1.3988 710
1744724987273 1.4344 720
1744725032120 1.4077 730
1744725062179 1.4084 740
1744725087655 1.43 750
