1744573788965 0.5263157894736842 10
1744573807386 1.0 19
1744573810921 1.0526315789473684 20
1744573824335 1.5789473684210527 30
1744573840009 2.0 38
1744573844876 2.1052631578947367 40
1744573858011 2.6315789473684212 50
1744573872190 3.0 57
1744573878437 3.1578947368421053 60
1744573891580 3.6842105263157894 70
1744573904208 4.0 76
1744573911795 4.2105263157894735 80
1744573925123 4.7368421052631575 90
1744573936935 5.0 95
1744573945896 5.2631578947368425 100
1744573959408 5.7894736842105265 110
1744573969335 6.0 114
1744573979544 6.315789473684211 120
1744573992663 6.842105263157895 130
1744574001235 7.0 133
1744574012910 7.368421052631579 140
1744574026171 7.894736842105263 150
1744574033685 8.0 152
1744574046626 8.421052631578947 160
1744574059692 8.947368421052632 170
1744574066158 9.0 171
1744574080660 9.473684210526315 180
1744574092633 10.0 190
1744574099002 10.0 190
1744574114728 10.526315789473685 200
1744574132121 11.0 209
1744574135871 11.052631578947368 210
1744574149520 11.578947368421053 220
1744574165129 12.0 228
1744574170275 12.105263157894736 230
1744574183260 12.631578947368421 240
1744574197436 13.0 247
1744574203726 13.157894736842104 250
1744574217634 13.68421052631579 260
1744574232078 14.0 266
1744574240325 14.210526315789474 270
1744574254433 14.736842105263158 280
1744574265948 15.0 285
1744574275019 15.263157894736842 290
1744574288862 15.789473684210526 300
1744574299786 16.0 304
1744574311192 16.31578947368421 310
1744574325770 16.842105263157894 320
1744574334452 17.0 323
1744574346207 17.36842105263158 330
1744574359369 17.894736842105264 340
1744574367498 18.0 342
1744574380417 18.42105263157895 350
1744574393787 18.94736842105263 360
1744574400274 19.0 361
1744574414667 19.473684210526315 370
1744574426464 20.0 380
1744574432690 20.0 380
1744574434355 20.0 380
1744574434850 20.0 0
1744574440935 20.0 380
