1744573788965 0.7897516489028931 10
1744573810921 0.7453127503395081 20
1744573824335 0.8039240837097168 30
1744573844876 1.0070362091064453 40
1744573858011 0.8709249496459961 50
1744573878437 0.8574649095535278 60
1744573891580 0.8847760558128357 70
1744573911795 0.8952707052230835 80
1744573925123 0.9695330858230591 90
1744573945896 0.9510353803634644 100
1744573959408 0.8868552446365356 110
1744573979544 0.8772947192192078 120
1744573992663 0.9483740329742432 130
1744574012910 0.9037091135978699 140
1744574026171 0.9352487921714783 150
1744574046626 1.0113999843597412 160
1744574059692 0.9801448583602905 170
1744574080660 1.0043190717697144 180
1744574092633 1.3121592998504639 190
1744574114728 1.0281985998153687 200
1744574135871 1.0020829439163208 210
1744574149520 1.0679380893707275 220
1744574170275 1.2690906524658203 230
1744574183260 1.0782673358917236 240
1744574203726 1.0254136323928833 250
1744574217634 1.0833202600479126 260
1744574240325 1.227095127105713 270
1744574254433 0.9907872676849365 280
1744574275019 1.090733289718628 290
1744574288862 1.0939797163009644 300
1744574311192 1.0626366138458252 310
1744574325770 1.027510166168213 320
1744574346207 1.1388578414916992 330
1744574359369 1.0612430572509766 340
1744574380417 1.0320459604263306 350
1744574393787 1.0933557748794556 360
1744574414667 1.1131340265274048 370
1744574426464 1.303954839706421 380
