1744573788965 9.763157894736844e-06 10
1744573810921 9.5e-06 20
1744573824335 9.236842105263159e-06 30
1744573844876 8.973684210526317e-06 40
1744573858011 8.710526315789475e-06 50
1744573878437 8.447368421052632e-06 60
1744573891580 8.18421052631579e-06 70
1744573911795 7.921052631578948e-06 80
1744573925123 7.657894736842106e-06 90
1744573945896 7.3947368421052635e-06 100
1744573959408 7.131578947368422e-06 110
1744573979544 6.86842105263158e-06 120
1744573992663 6.605263157894738e-06 130
1744574012910 6.342105263157895e-06 140
1744574026171 6.0789473684210535e-06 150
1744574046626 5.815789473684212e-06 160
1744574059692 5.552631578947368e-06 170
1744574080660 5.289473684210526e-06 180
1744574092633 5.026315789473685e-06 190
1744574114728 4.763157894736842e-06 200
1744574135871 4.5e-06 210
1744574149520 4.236842105263158e-06 220
1744574170275 3.9736842105263165e-06 230
1744574183260 3.710526315789474e-06 240
1744574203726 3.447368421052632e-06 250
1744574217634 3.1842105263157898e-06 260
1744574240325 2.921052631578948e-06 270
1744574254433 2.6578947368421053e-06 280
1744574275019 2.3947368421052635e-06 290
1744574288862 2.1315789473684212e-06 300
1744574311192 1.868421052631579e-06 310
1744574325770 1.605263157894737e-06 320
1744574346207 1.342105263157895e-06 330
1744574359369 1.0789473684210527e-06 340
1744574380417 8.157894736842106e-07 350
1744574393787 5.526315789473684e-07 360
1744574414667 2.894736842105263e-07 370
1744574426464 2.631578947368421e-08 380
