1744573788965 2.689 10
1744573810921 2.6542 20
1744573824335 2.6151 30
1744573844876 2.5723 40
1744573858011 2.5337 50
1744573878437 2.4944 60
1744573891580 2.4494 70
1744573911795 2.4127 80
1744573925123 2.3785 90
1744573945896 2.3381 100
1744573959408 2.3016 110
1744573979544 2.2695 120
1744573992663 2.2458 130
1744574012910 2.2082 140
1744574026171 2.1854 150
1744574046626 2.146 160
1744574059692 2.1177 170
1744574080660 2.1018 180
1744574092633 2.0688 190
1744574114728 2.0247 200
1744574135871 2.0514 210
1744574149520 2.0148 220
1744574170275 1.9873 230
1744574183260 1.9745 240
1744574203726 1.9727 250
1744574217634 1.9552 260
1744574240325 1.9193 270
1744574254433 1.9365 280
1744574275019 1.9063 290
1744574288862 1.8908 300
1744574311192 1.8914 310
1744574325770 1.9008 320
1744574346207 1.8939 330
1744574359369 1.8826 340
1744574380417 1.8786 350
1744574393787 1.8587 360
1744574414667 1.8774 370
1744574426464 1.8543 380
