1744811474246 0.05181347150259067 10
1744811484876 0.10362694300518134 20
1744811495202 0.15544041450777202 30
1744811505728 0.20725388601036268 40
1744811515940 0.25906735751295334 50
1744811526390 0.31088082901554404 60
1744811537086 0.3626943005181347 70
1744811547297 0.41450777202072536 80
1744811557584 0.46632124352331605 90
1744811568014 0.5181347150259067 100
1744811578400 0.5699481865284974 110
1744811589174 0.6217616580310881 120
1744811599612 0.6735751295336787 130
1744811609974 0.7253886010362695 140
1744811620363 0.7772020725388601 150
1744811630803 0.8290155440414507 160
1744811641089 0.8808290155440415 170
1744811651448 0.9326424870466321 180
1744811661805 0.9844559585492227 190
1744811688886 1.0 193
1744811698342 1.0362694300518134 200
1744811708698 1.0880829015544042 210
1744811719069 1.1398963730569949 220
1744811729427 1.1917098445595855 230
1744811739849 1.2435233160621761 240
1744811750157 1.2953367875647668 250
1744811760334 1.3471502590673574 260
1744811770786 1.3989637305699483 270
1744811781118 1.450777202072539 280
1744811791672 1.5025906735751295 290
1744811802053 1.5544041450777202 300
1744811812465 1.6062176165803108 310
1744811822807 1.6580310880829017 320
1744811832950 1.709844559585492 330
1744811843303 1.761658031088083 340
1744811853658 1.8134715025906736 350
1744811863983 1.8652849740932642 360
1744811874315 1.917098445595855 370
1744811884683 1.9689119170984455 380
1744811913798 2.0 386
1744811919940 2.0207253886010363 390
1744811930482 2.0725388601036268 400
1744811940783 2.1243523316062176 410
1744811951108 2.1761658031088085 420
1744811961316 2.227979274611399 430
1744811971702 2.2797927461139897 440
1744811982549 2.33160621761658 450
1744811992829 2.383419689119171 460
1744812003212 2.4352331606217614 470
1744812013686 2.4870466321243523 480
1744812024232 2.538860103626943 490
1744812034758 2.5906735751295336 500
1744812045053 2.6424870466321244 510
1744812055553 2.694300518134715 520
1744812065968 2.7461139896373057 530
1744812076415 2.7979274611398965 540
1744812086758 2.849740932642487 550
1744812097150 2.901554404145078 560
1744812107650 2.9533678756476682 570
1744812139789 3.0 579
1744812143213 3.005181347150259 580
1744812153475 3.05699481865285 590
1744812164179 3.1088082901554404 600
1744812174340 3.160621761658031 610
1744812184635 3.2124352331606216 620
1744812195316 3.2642487046632125 630
1744812205632 3.3160621761658033 640
1744812216016 3.3678756476683938 650
1744812226315 3.4196891191709846 660
1744812236915 3.471502590673575 670
1744812247544 3.523316062176166 680
1744812258119 3.5751295336787567 690
1744812268398 3.626943005181347 700
1744812278812 3.6787564766839376 710
1744812289128 3.7305699481865284 720
1744812299595 3.7823834196891193 730
1744812310035 3.8341968911917097 740
1744812320317 3.8860103626943006 750
1744812330685 3.937823834196891 760
1744812341014 3.989637305699482 770
1744812365659 4.0 772
1744812376393 4.041450777202073 780
1744812387010 4.0932642487046635 790
1744812397330 4.1450777202072535 800
1744812407481 4.196891191709844 810
1744812417791 4.248704663212435 820
1744812428177 4.300518134715026 830
1744812438440 4.352331606217617 840
1744812448701 4.404145077720207 850
1744812459001 4.455958549222798 860
1744812469317 4.507772020725389 870
1744812479493 4.5595854922279795 880
1744812490029 4.61139896373057 890
1744812500525 4.66321243523316 900
1744812510960 4.715025906735751 910
1744812521190 4.766839378238342 920
1744812531539 4.818652849740933 930
1744812542070 4.870466321243523 940
1744812552551 4.922279792746114 950
1744812562837 4.974093264248705 960
1744812590900 5.0 965
1744812598463 5.025906735751295 970
1744812608741 5.077720207253886 980
1744812619022 5.129533678756476 990
1744812629477 5.181347150259067 1000
1744812639716 5.233160621761658 1010
1744812650057 5.284974093264249 1020
1744812660457 5.33678756476684 1030
1744812670653 5.38860103626943 1040
1744812681131 5.4404145077720205 1050
1744812691588 5.492227979274611 1060
1744812702280 5.544041450777202 1070
1744812712893 5.595854922279793 1080
1744812723747 5.647668393782383 1090
1744812734427 5.699481865284974 1100
1744812744790 5.751295336787565 1110
1744812755194 5.803108808290156 1120
1744812765582 5.8549222797927465 1130
1744812776085 5.9067357512953365 1140
1744812786381 5.958549222797927 1150
1744812817576 6.0 1158
1744812822059 6.010362694300518 1160
1744812832270 6.062176165803109 1170
1744812842684 6.1139896373057 1180
1744812852873 6.16580310880829 1190
1744812863233 6.217616580310881 1200
1744812873606 6.269430051813472 1210
1744812884055 6.321243523316062 1220
1744812894416 6.373056994818652 1230
1744812904867 6.424870466321243 1240
1744812915404 6.476683937823834 1250
1744812925638 6.528497409326425 1260
1744812936082 6.580310880829016 1270
1744812946722 6.632124352331607 1280
1744812957064 6.683937823834197 1290
1744812967668 6.7357512953367875 1300
1744812977851 6.787564766839378 1310
1744812988211 6.839378238341969 1320
1744812998546 6.891191709844559 1330
1744813009014 6.94300518134715 1340
1744813019574 6.994818652849741 1350
1744813044000 7.0 1351
1744813055856 7.046632124352332 1360
1744813066025 7.098445595854923 1370
1744813076297 7.150259067357513 1380
1744813086853 7.2020725388601035 1390
1744813097265 7.253886010362694 1400
1744813107770 7.305699481865285 1410
1744813117991 7.357512953367876 1420
1744813128451 7.409326424870466 1430
1744813138761 7.461139896373057 1440
1744813149610 7.512953367875648 1450
1744813159925 7.564766839378239 1460
1744813170824 7.616580310880829 1470
1744813181380 7.668393782383419 1480
1744813191700 7.72020725388601 1490
1744813201964 7.772020725388601 1500
1744813212270 7.823834196891192 1510
1744813223335 7.875647668393782 1520
1744813234199 7.927461139896373 1530
1744813244428 7.979274611398964 1540
1744813271662 8.0 1544
1744813279946 8.031088082901555 1550
1744813290270 8.082901554404145 1560
1744813300441 8.134715025906736 1570
1744813310647 8.186528497409327 1580
1744813320942 8.238341968911918 1590
1744813331353 8.290155440414507 1600
1744813341771 8.341968911917098 1610
1744813352071 8.393782383419689 1620
1744813362526 8.44559585492228 1630
1744813372844 8.49740932642487 1640
1744813383096 8.549222797927461 1650
1744813393656 8.601036269430052 1660
1744813403962 8.652849740932643 1670
1744813414414 8.704663212435234 1680
1744813424605 8.756476683937823 1690
1744813435152 8.808290155440414 1700
1744813445500 8.860103626943005 1710
1744813455887 8.911917098445596 1720
1744813466348 8.963730569948186 1730
1744813496029 9.0 1737
1744813501247 9.015544041450777 1740
1744813511845 9.067357512953368 1750
1744813522557 9.119170984455959 1760
1744813532842 9.17098445595855 1770
1744813543780 9.22279792746114 1780
1744813553997 9.27461139896373 1790
1744813564472 9.32642487046632 1800
1744813574857 9.378238341968911 1810
1744813585155 9.430051813471502 1820
1744813595577 9.481865284974093 1830
1744813606276 9.533678756476684 1840
1744813616974 9.585492227979275 1850
1744813627464 9.637305699481866 1860
1744813637808 9.689119170984457 1870
1744813648451 9.740932642487046 1880
1744813658776 9.792746113989637 1890
1744813669162 9.844559585492227 1900
1744813679367 9.896373056994818 1910
1744813689837 9.94818652849741 1920
1744813699927 10.0 1930
1744813723503 10.0 1930
1744813736471 10.05181347150259 1940
1744813746798 10.103626943005182 1950
1744813757140 10.155440414507773 1960
1744813767363 10.207253886010363 1970
1744813777826 10.259067357512953 1980
1744813788306 10.310880829015543 1990
1744813798639 10.362694300518134 2000
1744813809092 10.414507772020725 2010
1744813819305 10.466321243523316 2020
1744813829903 10.518134715025907 2030
1744813840200 10.569948186528498 2040
1744813851028 10.621761658031089 2050
1744813861959 10.67357512953368 2060
1744813872631 10.72538860103627 2070
1744813883162 10.77720207253886 2080
1744813893398 10.82901554404145 2090
1744813904292 10.880829015544041 2100
1744813915054 10.932642487046632 2110
1744813925563 10.984455958549223 2120
1744813951667 11.0 2123
1744813961162 11.036269430051814 2130
1744813971534 11.088082901554404 2140
1744813982397 11.139896373056995 2150
1744813992736 11.191709844559586 2160
1744814003332 11.243523316062177 2170
1744814013732 11.295336787564766 2180
1744814024039 11.347150259067357 2190
1744814034283 11.398963730569948 2200
1744814044783 11.450777202072539 2210
1744814055167 11.50259067357513 2220
1744814065545 11.55440414507772 2230
1744814075756 11.606217616580311 2240
1744814086071 11.658031088082902 2250
1744814096395 11.709844559585493 2260
1744814106814 11.761658031088082 2270
1744814117316 11.813471502590673 2280
1744814127693 11.865284974093264 2290
1744814138018 11.917098445595855 2300
1744814148587 11.968911917098445 2310
1744814177718 12.0 2316
1744814184190 12.020725388601036 2320
1744814194327 12.072538860103627 2330
1744814204797 12.124352331606218 2340
1744814215113 12.176165803108809 2350
1744814225506 12.2279792746114 2360
1744814235775 12.279792746113989 2370
1744814246282 12.33160621761658 2380
1744814256669 12.38341968911917 2390
1744814266837 12.435233160621761 2400
1744814277121 12.487046632124352 2410
1744814287257 12.538860103626943 2420
1744814297682 12.590673575129534 2430
1744814307997 12.642487046632125 2440
1744814318331 12.694300518134716 2450
1744814328749 12.746113989637305 2460
1744814339154 12.797927461139896 2470
1744814349832 12.849740932642487 2480
1744814360182 12.901554404145077 2490
1744814370364 12.953367875647668 2500
1744814402927 13.0 2509
1744814406073 13.005181347150259 2510
1744814416346 13.05699481865285 2520
1744814426733 13.10880829015544 2530
1744814437402 13.160621761658032 2540
1744814447845 13.212435233160623 2550
1744814458647 13.264248704663212 2560
1744814469441 13.316062176165802 2570
1744814479794 13.367875647668393 2580
1744814490364 13.419689119170984 2590
1744814501049 13.471502590673575 2600
1744814511760 13.523316062176166 2610
1744814522323 13.575129533678757 2620
1744814532546 13.626943005181348 2630
1744814542924 13.678756476683938 2640
1744814553222 13.73056994818653 2650
1744814563642 13.782383419689118 2660
1744814573968 13.83419689119171 2670
1744814584339 13.8860103626943 2680
1744814594829 13.937823834196891 2690
1744814605265 13.989637305699482 2700
1744814630309 14.0 2702
1744814640851 14.041450777202073 2710
1744814651311 14.093264248704664 2720
1744814661496 14.145077720207254 2730
1744814671797 14.196891191709845 2740
1744814682104 14.248704663212436 2750
1744814692343 14.300518134715025 2760
1744814702680 14.352331606217616 2770
1744814712898 14.404145077720207 2780
1744814723222 14.455958549222798 2790
1744814733621 14.507772020725389 2800
1744814744012 14.55958549222798 2810
1744814754387 14.61139896373057 2820
1744814764579 14.663212435233161 2830
1744814774908 14.715025906735752 2840
1744814785326 14.766839378238341 2850
1744814795713 14.818652849740932 2860
1744814806149 14.870466321243523 2870
1744814816633 14.922279792746114 2880
1744814827176 14.974093264248705 2890
1744814855254 15.0 2895
1744814862919 15.025906735751295 2900
1744814873245 15.077720207253886 2910
1744814883804 15.129533678756477 2920
1744814894119 15.181347150259068 2930
1744814904372 15.233160621761659 2940
1744814914776 15.284974093264248 2950
1744814925176 15.336787564766839 2960
1744814936059 15.38860103626943 2970
1744814946492 15.44041450777202 2980
1744814956977 15.492227979274611 2990
1744814967349 15.544041450777202 3000
1744814977711 15.595854922279793 3010
1744814988253 15.647668393782384 3020
1744814998434 15.699481865284975 3030
1744815008726 15.751295336787564 3040
1744815019065 15.803108808290155 3050
1744815029270 15.854922279792746 3060
1744815039743 15.906735751295336 3070
1744815050288 15.958549222797927 3080
1744815081397 16.0 3088
1744815085544 16.010362694300518 3090
1744815095875 16.06217616580311 3100
1744815106072 16.1139896373057 3110
1744815116457 16.16580310880829 3120
1744815126835 16.21761658031088 3130
1744815137106 16.269430051813472 3140
1744815147401 16.321243523316063 3150
1744815157634 16.373056994818654 3160
1744815168146 16.424870466321245 3170
1744815178294 16.476683937823836 3180
1744815188815 16.528497409326423 3190
1744815199125 16.580310880829014 3200
1744815209381 16.632124352331605 3210
1744815219942 16.683937823834196 3220
1744815230209 16.735751295336787 3230
1744815240822 16.787564766839377 3240
1744815251477 16.83937823834197 3250
1744815261829 16.89119170984456 3260
1744815272285 16.94300518134715 3270
1744815282281 16.99481865284974 3280
1744815306763 17.0 3281
1744815318128 17.04663212435233 3290
1744815328449 17.098445595854923 3300
1744815338637 17.150259067357513 3310
1744815349212 17.202072538860104 3320
1744815359476 17.253886010362695 3330
1744815369872 17.305699481865286 3340
1744815380248 17.357512953367877 3350
1744815390520 17.409326424870468 3360
1744815401063 17.46113989637306 3370
1744815411624 17.512953367875646 3380
1744815421983 17.564766839378237 3390
1744815432396 17.616580310880828 3400
1744815442734 17.66839378238342 3410
1744815453307 17.72020725388601 3420
1744815463862 17.7720207253886 3430
1744815474072 17.82383419689119 3440
1744815484643 17.875647668393782 3450
1744815494837 17.927461139896373 3460
1744815505329 17.979274611398964 3470
1744815532099 18.0 3474
1744815540687 18.031088082901555 3480
1744815551121 18.082901554404145 3490
1744815561586 18.134715025906736 3500
1744815572011 18.186528497409327 3510
1744815582301 18.238341968911918 3520
1744815592791 18.29015544041451 3530
1744815603054 18.3419689119171 3540
1744815613654 18.39378238341969 3550
1744815624002 18.44559585492228 3560
1744815634639 18.497409326424872 3570
1744815645020 18.54922279792746 3580
1744815655280 18.60103626943005 3590
1744815665650 18.65284974093264 3600
1744815675858 18.704663212435232 3610
1744815686499 18.756476683937823 3620
1744815697223 18.808290155440414 3630
1744815707616 18.860103626943005 3640
1744815717966 18.911917098445596 3650
1744815728181 18.963730569948186 3660
1744815758711 19.0 3667
1744815764345 19.015544041450777 3670
1744815774863 19.067357512953368 3680
1744815785031 19.11917098445596 3690
1744815795437 19.17098445595855 3700
1744815806002 19.22279792746114 3710
1744815816243 19.27461139896373 3720
1744815826700 19.326424870466322 3730
1744815837047 19.378238341968913 3740
1744815847376 19.430051813471504 3750
1744815857619 19.481865284974095 3760
1744815868146 19.533678756476682 3770
1744815878511 19.585492227979273 3780
1744815888992 19.637305699481864 3790
1744815899382 19.689119170984455 3800
1744815909847 19.740932642487046 3810
1744815920541 19.792746113989637 3820
1744815930941 19.844559585492227 3830
1744815941190 19.89637305699482 3840
1744815951698 19.94818652849741 3850
1744815961263 20.0 3860
1744815984884 20.0 3860
1744815997221 20.05181347150259 3870
1744816007564 20.10362694300518 3880
1744816017790 20.155440414507773 3890
1744816028063 20.207253886010363 3900
1744816038400 20.259067357512954 3910
1744816048797 20.310880829015545 3920
1744816059403 20.362694300518136 3930
1744816069786 20.414507772020727 3940
1744816080188 20.466321243523318 3950
1744816090485 20.518134715025905 3960
1744816100769 20.569948186528496 3970
1744816111127 20.621761658031087 3980
1744816121333 20.673575129533678 3990
1744816131695 20.72538860103627 4000
1744816142057 20.77720207253886 4010
1744816152518 20.82901554404145 4020
1744816162916 20.88082901554404 4030
1744816173106 20.932642487046632 4040
1744816183663 20.984455958549223 4050
1744816209627 21.0 4053
1744816218962 21.036269430051814 4060
1744816229562 21.088082901554404 4070
1744816239924 21.139896373056995 4080
1744816250336 21.191709844559586 4090
1744816260632 21.243523316062177 4100
1744816271098 21.295336787564768 4110
1744816281485 21.34715025906736 4120
1744816292072 21.39896373056995 4130
1744816302911 21.45077720207254 4140
1744816313234 21.502590673575128 4150
1744816323613 21.55440414507772 4160
1744816334225 21.60621761658031 4170
1744816344564 21.6580310880829 4180
1744816354859 21.70984455958549 4190
1744816365201 21.761658031088082 4200
1744816375572 21.813471502590673 4210
1744816386113 21.865284974093264 4220
1744816396822 21.917098445595855 4230
1744816407279 21.968911917098445 4240
1744816436529 22.0 4246
1744816442886 22.020725388601036 4250
1744816453451 22.072538860103627 4260
1744816463940 22.124352331606218 4270
1744816474293 22.17616580310881 4280
1744816484729 22.2279792746114 4290
1744816495143 22.27979274611399 4300
1744816505588 22.33160621761658 4310
1744816516050 22.383419689119172 4320
1744816526443 22.435233160621763 4330
1744816536921 22.487046632124354 4340
1744816547168 22.53886010362694 4350
1744816557602 22.590673575129532 4360
1744816568453 22.642487046632123 4370
1744816578899 22.694300518134714 4380
1744816589182 22.746113989637305 4390
1744816599878 22.797927461139896 4400
1744816610343 22.849740932642487 4410
1744816620776 22.901554404145077 4420
1744816631642 22.95336787564767 4430
1744816663805 23.0 4439
1744816667077 23.00518134715026 4440
1744816677257 23.05699481865285 4450
1744816687595 23.10880829015544 4460
1744816697920 23.16062176165803 4470
1744816708403 23.212435233160623 4480
1744816718952 23.264248704663213 4490
1744816729864 23.316062176165804 4500
1744816740815 23.367875647668395 4510
1744816751101 23.419689119170986 4520
1744816761496 23.471502590673577 4530
1744816771849 23.523316062176164 4540
1744816782046 23.575129533678755 4550
1744816792565 23.626943005181346 4560
1744816803532 23.678756476683937 4570
1744816814176 23.730569948186528 4580
1744816824745 23.78238341968912 4590
1744816835007 23.83419689119171 4600
1744816845785 23.8860103626943 4610
1744816856124 23.93782383419689 4620
1744816866448 23.989637305699482 4630
1744816891645 24.0 4632
1744816902281 24.041450777202073 4640
1744816912749 24.093264248704664 4650
1744816923286 24.145077720207254 4660
1744816933664 24.196891191709845 4670
1744816944102 24.248704663212436 4680
1744816954540 24.300518134715027 4690
1744816964820 24.352331606217618 4700
1744816975281 24.40414507772021 4710
1744816986026 24.4559585492228 4720
1744816996551 24.50777202072539 4730
1744817007292 24.559585492227978 4740
1744817017597 24.61139896373057 4750
1744817028346 24.66321243523316 4760
1744817038792 24.71502590673575 4770
1744817049204 24.76683937823834 4780
1744817059712 24.818652849740932 4790
1744817070059 24.870466321243523 4800
1744817080804 24.922279792746114 4810
1744817091625 24.974093264248705 4820
1744817120013 25.0 4825
1744817127283 25.025906735751295 4830
1744817137806 25.077720207253886 4840
1744817148243 25.129533678756477 4850
1744817158515 25.181347150259068 4860
1744817169105 25.23316062176166 4870
1744817179295 25.28497409326425 4880
1744817189787 25.33678756476684 4890
1744817200508 25.38860103626943 4900
1744817210993 25.440414507772022 4910
1744817221579 25.49222797927461 4920
1744817232043 25.5440414507772 4930
1744817242581 25.59585492227979 4940
1744817252806 25.647668393782382 4950
1744817263168 25.699481865284973 4960
1744817273727 25.751295336787564 4970
1744817284183 25.803108808290155 4980
1744817294736 25.854922279792746 4990
1744817305117 25.906735751295336 5000
1744817315576 25.958549222797927 5010
1744817346777 26.0 5018
1744817351047 26.010362694300518 5020
1744817361416 26.06217616580311 5030
1744817371703 26.1139896373057 5040
1744817382610 26.16580310880829 5050
1744817392959 26.21761658031088 5060
1744817403627 26.269430051813472 5070
1744817413924 26.321243523316063 5080
1744817424761 26.373056994818654 5090
1744817435452 26.424870466321245 5100
1744817446077 26.476683937823836 5110
1744817456602 26.528497409326423 5120
1744817466927 26.580310880829014 5130
1744817477294 26.632124352331605 5140
1744817487607 26.683937823834196 5150
1744817498222 26.735751295336787 5160
1744817508638 26.787564766839377 5170
1744817519063 26.83937823834197 5180
1744817529395 26.89119170984456 5190
1744817539716 26.94300518134715 5200
1744817549951 26.99481865284974 5210
1744817574240 27.0 5211
1744817585688 27.04663212435233 5220
1744817596128 27.098445595854923 5230
1744817606467 27.150259067357513 5240
1744817616814 27.202072538860104 5250
1744817627018 27.253886010362695 5260
1744817637521 27.305699481865286 5270
1744817648040 27.357512953367877 5280
1744817658594 27.409326424870468 5290
1744817669023 27.46113989637306 5300
1744817679228 27.512953367875646 5310
1744817689609 27.564766839378237 5320
1744817700086 27.616580310880828 5330
1744817710706 27.66839378238342 5340
1744817721342 27.72020725388601 5350
1744817731540 27.7720207253886 5360
1744817741922 27.82383419689119 5370
1744817752117 27.875647668393782 5380
1744817762557 27.927461139896373 5390
1744817773170 27.979274611398964 5400
1744817800221 28.0 5404
1744817808703 28.031088082901555 5410
1744817819165 28.082901554404145 5420
1744817829780 28.134715025906736 5430
1744817840229 28.186528497409327 5440
1744817851171 28.238341968911918 5450
1744817861591 28.29015544041451 5460
1744817872164 28.3419689119171 5470
1744817882558 28.39378238341969 5480
1744817892891 28.44559585492228 5490
1744817903422 28.497409326424872 5500
1744817913676 28.54922279792746 5510
1744817924064 28.60103626943005 5520
1744817934599 28.65284974093264 5530
1744817944948 28.704663212435232 5540
1744817955620 28.756476683937823 5550
1744817965928 28.808290155440414 5560
1744817976453 28.860103626943005 5570
1744817986881 28.911917098445596 5580
1744817997265 28.963730569948186 5590
1744818027495 29.0 5597
1744818032739 29.015544041450777 5600
1744818043745 29.067357512953368 5610
1744818054288 29.11917098445596 5620
1744818064851 29.17098445595855 5630
1744818075130 29.22279792746114 5640
1744818085535 29.27461139896373 5650
1744818095878 29.326424870466322 5660
1744818106225 29.378238341968913 5670
1744818116627 29.430051813471504 5680
1744818127399 29.481865284974095 5690
1744818137840 29.533678756476682 5700
1744818148028 29.585492227979273 5710
1744818158534 29.637305699481864 5720
1744818169164 29.689119170984455 5730
1744818179698 29.740932642487046 5740
1744818190186 29.792746113989637 5750
1744818200609 29.844559585492227 5760
1744818211046 29.89637305699482 5770
1744818221596 29.94818652849741 5780
1744818231169 30.0 5790
1744818255034 30.0 5790
1744818257139 30.0 5790
1744818257822 30.0 0
1744818281342 30.0 5790
