1744811474246 4.462350845336914 10
1744811484876 4.151423931121826 20
1744811495202 4.266133785247803 30
1744811505728 4.484625816345215 40
1744811515940 4.402766227722168 50
1744811526390 4.295662879943848 60
1744811537086 4.6058669090271 70
1744811547297 4.398759365081787 80
1744811557584 4.286869525909424 90
1744811568014 4.707071781158447 100
1744811578400 4.323937892913818 110
1744811589174 4.277594566345215 120
1744811599612 4.304829120635986 130
1744811609974 4.028995990753174 140
1744811620363 4.111738204956055 150
1744811630803 4.160252094268799 160
1744811641089 4.234727382659912 170
1744811651448 4.194246768951416 180
1744811661805 3.8676605224609375 190
1744811698342 3.9133903980255127 200
1744811708698 3.767362594604492 210
1744811719069 4.226242542266846 220
1744811729427 3.9290218353271484 230
1744811739849 3.8433773517608643 240
1744811750157 4.104837417602539 250
1744811760334 3.83626127243042 260
1744811770786 4.0036821365356445 270
1744811781118 3.8737289905548096 280
1744811791672 3.577360153198242 290
1744811802053 3.8233730792999268 300
1744811812465 3.6666483879089355 310
1744811822807 3.591181993484497 320
1744811832950 3.4631314277648926 330
1744811843303 3.6988673210144043 340
1744811853658 3.7935173511505127 350
1744811863983 3.950453281402588 360
1744811874315 3.696305513381958 370
1744811884683 3.6292333602905273 380
1744811919940 3.838285446166992 390
1744811930482 3.903189182281494 400
1744811940783 3.622981071472168 410
1744811951108 3.9667751789093018 420
1744811961316 3.738442897796631 430
1744811971702 3.7374536991119385 440
1744811982549 3.666835069656372 450
1744811992829 3.4619064331054688 460
1744812003212 3.9917919635772705 470
1744812013686 3.7481939792633057 480
1744812024232 3.6273183822631836 490
1744812034758 3.9619219303131104 500
1744812045053 3.8478736877441406 510
1744812055553 3.6827659606933594 520
1744812065968 4.223268508911133 530
1744812076415 3.500427722930908 540
1744812086758 3.716111660003662 550
1744812097150 4.193637371063232 560
1744812107650 3.7921671867370605 570
1744812143213 3.8627467155456543 580
1744812153475 4.128928184509277 590
1744812164179 3.924165964126587 600
1744812174340 4.131680965423584 610
1744812184635 3.742826223373413 620
1744812195316 3.749591112136841 630
1744812205632 4.0310821533203125 640
1744812216016 3.942817449569702 650
1744812226315 4.102110862731934 660
1744812236915 3.686353921890259 670
1744812247544 4.182953357696533 680
1744812258119 3.7528765201568604 690
1744812268398 3.8458263874053955 700
1744812278812 3.800846576690674 710
1744812289128 4.199366092681885 720
1744812299595 4.027518272399902 730
1744812310035 4.1066718101501465 740
1744812320317 3.914773941040039 750
1744812330685 4.4117584228515625 760
1744812341014 3.9834866523742676 770
1744812376393 5.520297527313232 780
1744812387010 3.617741823196411 790
1744812397330 3.6445717811584473 800
1744812407481 4.546091556549072 810
1744812417791 4.822380542755127 820
1744812428177 3.760467529296875 830
1744812438440 3.9893927574157715 840
1744812448701 3.8955955505371094 850
1744812459001 4.927964210510254 860
1744812469317 3.938633680343628 870
1744812479493 3.944632053375244 880
1744812490029 4.650771141052246 890
1744812500525 4.253944396972656 900
1744812510960 4.038599491119385 910
1744812521190 4.1561737060546875 920
1744812531539 3.7045907974243164 930
1744812542070 4.657519817352295 940
1744812552551 4.069675922393799 950
1744812562837 3.5430307388305664 960
1744812598463 5.427440643310547 970
1744812608741 3.1280713081359863 980
1744812619022 3.588740110397339 990
1744812629477 4.687058925628662 1000
1744812639716 4.221288204193115 1010
1744812650057 4.44242525100708 1020
1744812660457 4.247639179229736 1030
1744812670653 3.7397806644439697 1040
1744812681131 3.295091390609741 1050
1744812691588 4.324948310852051 1060
1744812702280 4.096957683563232 1070
1744812712893 4.449771404266357 1080
1744812723747 4.046705722808838 1090
1744812734427 4.037975311279297 1100
1744812744790 6.061891555786133 1110
1744812755194 4.136178970336914 1120
1744812765582 4.235774993896484 1130
1744812776085 4.231668472290039 1140
1744812786381 4.2626214027404785 1150
1744812822059 3.457858085632324 1160
1744812832270 4.272646427154541 1170
1744812842684 4.08143949508667 1180
1744812852873 4.2066216468811035 1190
1744812863233 4.234790325164795 1200
1744812873606 3.757570266723633 1210
1744812884055 4.666311740875244 1220
1744812894416 3.7228147983551025 1230
1744812904867 3.861187696456909 1240
1744812915404 3.8463406562805176 1250
1744812925638 5.435193061828613 1260
1744812936082 4.260304927825928 1270
1744812946722 3.8901429176330566 1280
1744812957064 4.326959609985352 1290
1744812967668 4.265552043914795 1300
1744812977851 4.733880996704102 1310
1744812988211 4.115429878234863 1320
1744812998546 3.352276086807251 1330
1744813009014 5.212568759918213 1340
1744813019574 3.7861478328704834 1350
1744813055856 3.3890879154205322 1360
1744813066025 3.3248162269592285 1370
1744813076297 4.34089994430542 1380
1744813086853 6.751317977905273 1390
1744813097265 4.375164985656738 1400
1744813107770 4.898637771606445 1410
1744813117991 4.6105146408081055 1420
1744813128451 4.131589412689209 1430
1744813138761 3.648798942565918 1440
1744813149610 5.105914115905762 1450
1744813159925 3.4079346656799316 1460
1744813170824 3.5132265090942383 1470
1744813181380 4.019154071807861 1480
1744813191700 4.430490016937256 1490
1744813201964 4.32279109954834 1500
1744813212270 3.7346761226654053 1510
1744813223335 4.14882755279541 1520
1744813234199 4.9167609214782715 1530
1744813244428 3.185748338699341 1540
1744813279946 3.4115421772003174 1550
1744813290270 4.109902858734131 1560
1744813300441 3.985398530960083 1570
1744813310647 3.431438446044922 1580
1744813320942 3.5337538719177246 1590
1744813331353 3.923558473587036 1600
1744813341771 4.0009894371032715 1610
1744813352071 4.236255645751953 1620
1744813362526 3.835357427597046 1630
1744813372844 4.566965579986572 1640
1744813383096 4.663548946380615 1650
1744813393656 3.7197718620300293 1660
1744813403962 3.958811044692993 1670
1744813414414 3.8533031940460205 1680
1744813424605 3.9016082286834717 1690
1744813435152 4.138535499572754 1700
1744813445500 3.5178027153015137 1710
1744813455887 3.9268391132354736 1720
1744813466348 4.796936988830566 1730
1744813501247 4.142545223236084 1740
1744813511845 4.195107460021973 1750
1744813522557 4.092713356018066 1760
1744813532842 4.107760906219482 1770
1744813543780 4.585754871368408 1780
1744813553997 3.630993127822876 1790
1744813564472 4.095293045043945 1800
1744813574857 4.157070636749268 1810
1744813585155 5.421525955200195 1820
1744813595577 4.253484725952148 1830
1744813606276 5.1962432861328125 1840
1744813616974 4.304389476776123 1850
1744813627464 3.958369255065918 1860
1744813637808 3.9235267639160156 1870
1744813648451 4.397433757781982 1880
1744813658776 4.303923606872559 1890
1744813669162 4.065404891967773 1900
1744813679367 3.828630208969116 1910
1744813689837 4.2437334060668945 1920
1744813699927 5.981321334838867 1930
1744813736471 4.767230033874512 1940
1744813746798 4.40524435043335 1950
1744813757140 3.470287561416626 1960
1744813767363 4.044744491577148 1970
1744813777826 4.390340328216553 1980
1744813788306 4.122640132904053 1990
1744813798639 5.1217169761657715 2000
1744813809092 4.505711555480957 2010
1744813819305 3.6470115184783936 2020
1744813829903 4.053129196166992 2030
1744813840200 4.347902774810791 2040
1744813851028 4.379672527313232 2050
1744813861959 3.914379596710205 2060
1744813872631 3.8280069828033447 2070
1744813883162 4.334723472595215 2080
1744813893398 4.595895290374756 2090
1744813904292 4.161545276641846 2100
1744813915054 4.5376787185668945 2110
1744813925563 3.6933865547180176 2120
1744813961162 3.4107775688171387 2130
1744813971534 3.9034552574157715 2140
1744813982397 5.521620273590088 2150
1744813992736 5.475888729095459 2160
1744814003332 4.252078056335449 2170
1744814013732 4.125157833099365 2180
1744814024039 6.063126564025879 2190
1744814034283 4.003384590148926 2200
1744814044783 3.778843879699707 2210
1744814055167 4.385388374328613 2220
1744814065545 3.594755172729492 2230
1744814075756 3.1411614418029785 2240
1744814086071 3.6749520301818848 2250
1744814096395 4.295364856719971 2260
1744814106814 3.400118350982666 2270
1744814117316 4.8116631507873535 2280
1744814127693 4.403136253356934 2290
1744814138018 4.66157865524292 2300
1744814148587 4.266286373138428 2310
1744814184190 3.8284804821014404 2320
1744814194327 4.505418300628662 2330
1744814204797 5.4479899406433105 2340
1744814215113 3.720931053161621 2350
1744814225506 3.587669849395752 2360
1744814235775 5.120204925537109 2370
1744814246282 6.977141857147217 2380
1744814256669 4.452275276184082 2390
1744814266837 5.20051383972168 2400
1744814277121 3.8729476928710938 2410
1744814287257 3.9191579818725586 2420
1744814297682 4.514354705810547 2430
1744814307997 4.222860336303711 2440
1744814318331 5.136094093322754 2450
1744814328749 4.302797794342041 2460
1744814339154 4.636746406555176 2470
1744814349832 3.7444937229156494 2480
1744814360182 4.7693610191345215 2490
1744814370364 3.7774484157562256 2500
1744814406073 4.379153728485107 2510
1744814416346 3.9758734703063965 2520
1744814426733 3.27085542678833 2530
1744814437402 3.5510599613189697 2540
1744814447845 4.842397689819336 2550
1744814458647 3.6713151931762695 2560
1744814469441 4.219182968139648 2570
1744814479794 4.569272518157959 2580
1744814490364 3.579326629638672 2590
1744814501049 3.850295305252075 2600
1744814511760 3.5993854999542236 2610
1744814522323 4.331767559051514 2620
1744814532546 3.5684049129486084 2630
1744814542924 4.879641056060791 2640
1744814553222 4.487064838409424 2650
1744814563642 4.566882610321045 2660
1744814573968 5.550284385681152 2670
1744814584339 4.698145866394043 2680
1744814594829 3.652613878250122 2690
1744814605265 4.82609224319458 2700
1744814640851 3.9668354988098145 2710
1744814651311 4.656059741973877 2720
1744814661496 5.032455921173096 2730
1744814671797 3.692774772644043 2740
1744814682104 4.524702072143555 2750
1744814692343 3.6430208683013916 2760
1744814702680 4.478973388671875 2770
1744814712898 3.9613473415374756 2780
1744814723222 3.9200496673583984 2790
1744814733621 5.060770034790039 2800
1744814744012 5.473280906677246 2810
1744814754387 4.585345268249512 2820
1744814764579 5.011744976043701 2830
1744814774908 3.2796268463134766 2840
1744814785326 5.7363200187683105 2850
1744814795713 6.357876300811768 2860
1744814806149 8.780505180358887 2870
1744814816633 4.444282054901123 2880
1744814827176 4.082800388336182 2890
1744814862919 4.7320451736450195 2900
1744814873245 4.2458415031433105 2910
1744814883804 4.117082595825195 2920
1744814894119 5.021083831787109 2930
1744814904372 4.870762348175049 2940
1744814914776 3.5864341259002686 2950
1744814925176 3.9754700660705566 2960
1744814936059 4.80415678024292 2970
1744814946492 6.874993801116943 2980
1744814956977 4.273758411407471 2990
1744814967349 4.148700714111328 3000
1744814977711 4.691953659057617 3010
1744814988253 4.889101505279541 3020
1744814998434 4.3610687255859375 3030
1744815008726 4.484894275665283 3040
1744815019065 3.5572662353515625 3050
1744815029270 4.668137550354004 3060
1744815039743 3.779817581176758 3070
1744815050288 5.0522332191467285 3080
1744815085544 3.936314105987549 3090
1744815095875 5.100123405456543 3100
1744815106072 4.2046661376953125 3110
1744815116457 4.279247283935547 3120
1744815126835 4.094018459320068 3130
1744815137106 3.9548587799072266 3140
1744815147401 4.186677932739258 3150
1744815157634 4.780501842498779 3160
1744815168146 5.5333571434021 3170
1744815178294 4.86835241317749 3180
1744815188815 4.330925464630127 3190
1744815199125 5.621177673339844 3200
1744815209381 4.165931224822998 3210
1744815219942 4.620611667633057 3220
1744815230209 3.7942111492156982 3230
1744815240822 3.631464958190918 3240
1744815251477 5.022157669067383 3250
1744815261829 3.4406185150146484 3260
1744815272285 4.936227798461914 3270
1744815282281 4.066099643707275 3280
1744815318128 3.9439191818237305 3290
1744815328449 4.089447975158691 3300
1744815338637 4.321195602416992 3310
1744815349212 4.042633056640625 3320
1744815359476 4.29782247543335 3330
1744815369872 4.119383811950684 3340
1744815380248 3.8594048023223877 3350
1744815390520 4.327810764312744 3360
1744815401063 4.146526336669922 3370
1744815411624 3.782702922821045 3380
1744815421983 4.727336406707764 3390
1744815432396 4.587414741516113 3400
1744815442734 4.100646018981934 3410
1744815453307 4.251420974731445 3420
1744815463862 4.151213645935059 3430
1744815474072 3.5427958965301514 3440
1744815484643 4.161342620849609 3450
1744815494837 5.423801898956299 3460
1744815505329 4.575491905212402 3470
1744815540687 3.891218662261963 3480
1744815551121 3.8540992736816406 3490
1744815561586 4.335783958435059 3500
1744815572011 4.457373142242432 3510
1744815582301 4.227128028869629 3520
1744815592791 5.843053340911865 3530
1744815603054 4.562473773956299 3540
1744815613654 4.492624282836914 3550
1744815624002 4.321571350097656 3560
1744815634639 4.846454620361328 3570
1744815645020 4.37578010559082 3580
1744815655280 3.1984715461730957 3590
1744815665650 3.913788080215454 3600
1744815675858 4.20955228805542 3610
1744815686499 4.046289443969727 3620
1744815697223 4.261481285095215 3630
1744815707616 3.9491288661956787 3640
1744815717966 3.389313220977783 3650
1744815728181 3.4473724365234375 3660
1744815764345 3.9886865615844727 3670
1744815774863 3.252032518386841 3680
1744815785031 4.3129353523254395 3690
1744815795437 3.3250632286071777 3700
1744815806002 4.835879802703857 3710
1744815816243 3.963517904281616 3720
1744815826700 4.182714462280273 3730
1744815837047 4.6168317794799805 3740
1744815847376 4.719860076904297 3750
1744815857619 3.7811834812164307 3760
1744815868146 4.38348388671875 3770
1744815878511 5.275334358215332 3780
1744815888992 4.035096645355225 3790
1744815899382 4.065489292144775 3800
1744815909847 4.9048991203308105 3810
1744815920541 4.235387802124023 3820
1744815930941 5.870265483856201 3830
1744815941190 4.387404918670654 3840
1744815951698 3.6295180320739746 3850
1744815961263 6.9478230476379395 3860
1744815997221 4.778435707092285 3870
1744816007564 3.186375379562378 3880
1744816017790 3.435173749923706 3890
1744816028063 3.549351930618286 3900
1744816038400 3.794769525527954 3910
1744816048797 4.242400169372559 3920
1744816059403 4.922756195068359 3930
1744816069786 4.933731555938721 3940
1744816080188 4.010657787322998 3950
1744816090485 4.091681480407715 3960
1744816100769 3.712571382522583 3970
1744816111127 4.459987640380859 3980
1744816121333 3.682920217514038 3990
1744816131695 4.179338455200195 4000
1744816142057 4.157397270202637 4010
1744816152518 4.72800874710083 4020
1744816162916 4.002100467681885 4030
1744816173106 3.635160446166992 4040
1744816183663 4.508874893188477 4050
1744816218962 5.185577869415283 4060
1744816229562 3.762218475341797 4070
1744816239924 3.1835451126098633 4080
1744816250336 4.160403728485107 4090
1744816260632 4.164002895355225 4100
1744816271098 4.429604530334473 4110
1744816281485 4.9216628074646 4120
1744816292072 4.801321506500244 4130
1744816302911 4.526545524597168 4140
1744816313234 4.259860038757324 4150
1744816323613 3.5841283798217773 4160
1744816334225 4.316614627838135 4170
1744816344564 4.654576778411865 4180
1744816354859 3.9721150398254395 4190
1744816365201 4.234838485717773 4200
1744816375572 3.561938524246216 4210
1744816386113 4.114120960235596 4220
1744816396822 3.633007764816284 4230
1744816407279 4.092566013336182 4240
1744816442886 4.680665969848633 4250
1744816453451 3.9748146533966064 4260
1744816463940 4.759210586547852 4270
1744816474293 3.6817142963409424 4280
1744816484729 4.594323635101318 4290
1744816495143 3.850163698196411 4300
1744816505588 3.7620434761047363 4310
1744816516050 4.6263227462768555 4320
1744816526443 4.810648441314697 4330
1744816536921 3.806663751602173 4340
1744816547168 4.904714584350586 4350
1744816557602 3.7528905868530273 4360
1744816568453 4.7542853355407715 4370
1744816578899 4.368574142456055 4380
1744816589182 3.45367169380188 4390
1744816599878 3.801170825958252 4400
1744816610343 4.676930904388428 4410
1744816620776 4.851675033569336 4420
1744816631642 5.655004501342773 4430
1744816667077 4.3476881980896 4440
1744816677257 5.546213150024414 4450
1744816687595 4.1735453605651855 4460
1744816697920 3.200192928314209 4470
1744816708403 4.046649932861328 4480
1744816718952 4.259889602661133 4490
1744816729864 4.7084574699401855 4500
1744816740815 3.496399164199829 4510
1744816751101 4.438117980957031 4520
1744816761496 4.056789398193359 4530
1744816771849 5.464700698852539 4540
1744816782046 4.231975555419922 4550
1744816792565 4.06686544418335 4560
1744816803532 4.2622151374816895 4570
1744816814176 5.094353199005127 4580
1744816824745 4.53411865234375 4590
1744816835007 5.113847255706787 4600
1744816845785 3.599531412124634 4610
1744816856124 3.875101327896118 4620
1744816866448 3.9171464443206787 4630
1744816902281 4.31149435043335 4640
1744816912749 4.638601779937744 4650
1744816923286 4.250239849090576 4660
1744816933664 3.7193527221679688 4670
1744816944102 3.650904893875122 4680
1744816954540 4.454343318939209 4690
1744816964820 3.8399674892425537 4700
1744816975281 3.5741918087005615 4710
1744816986026 3.7359416484832764 4720
1744816996551 3.6948137283325195 4730
1744817007292 6.332668781280518 4740
1744817017597 5.456673622131348 4750
1744817028346 4.960247039794922 4760
1744817038792 4.131791114807129 4770
1744817049204 4.467100620269775 4780
1744817059712 3.140495538711548 4790
1744817070059 4.851798057556152 4800
1744817080804 4.253380298614502 4810
1744817091625 4.358331203460693 4820
1744817127283 5.00405740737915 4830
1744817137806 3.733177900314331 4840
1744817148243 3.780165910720825 4850
1744817158515 4.686444282531738 4860
1744817169105 5.191995143890381 4870
1744817179295 3.616849184036255 4880
1744817189787 4.4255690574646 4890
1744817200508 6.272513389587402 4900
1744817210993 4.171586036682129 4910
1744817221579 4.038077354431152 4920
1744817232043 4.258285045623779 4930
1744817242581 5.019589424133301 4940
1744817252806 3.7604222297668457 4950
1744817263168 5.387176990509033 4960
1744817273727 3.3827924728393555 4970
1744817284183 3.5024144649505615 4980
1744817294736 4.939361095428467 4990
1744817305117 3.877967596054077 5000
1744817315576 3.419844388961792 5010
1744817351047 5.037927150726318 5020
1744817361416 3.8873462677001953 5030
1744817371703 5.600673198699951 5040
1744817382610 4.955704212188721 5050
1744817392959 3.841622829437256 5060
1744817403627 4.486678600311279 5070
1744817413924 3.609933614730835 5080
1744817424761 4.268340587615967 5090
1744817435452 5.433203220367432 5100
1744817446077 5.466466903686523 5110
1744817456602 5.509166240692139 5120
1744817466927 3.7569453716278076 5130
1744817477294 4.858704566955566 5140
1744817487607 4.577169895172119 5150
1744817498222 3.9960522651672363 5160
1744817508638 4.880176067352295 5170
1744817519063 3.6297404766082764 5180
1744817529395 3.900912046432495 5190
1744817539716 4.114832401275635 5200
1744817549951 4.0167059898376465 5210
1744817585688 4.236983776092529 5220
1744817596128 5.0002641677856445 5230
1744817606467 4.6804518699646 5240
1744817616814 4.716533660888672 5250
1744817627018 4.395205497741699 5260
1744817637521 4.473820209503174 5270
1744817648040 5.163009166717529 5280
1744817658594 4.47498083114624 5290
1744817669023 4.362940788269043 5300
1744817679228 4.318324089050293 5310
1744817689609 4.948492050170898 5320
1744817700086 3.910827159881592 5330
1744817710706 3.8431503772735596 5340
1744817721342 3.390961170196533 5350
1744817731540 3.7747771739959717 5360
1744817741922 4.269850254058838 5370
1744817752117 3.6495838165283203 5380
1744817762557 4.325613021850586 5390
1744817773170 3.97784686088562 5400
1744817808703 4.201895713806152 5410
1744817819165 4.0283522605896 5420
1744817829780 4.261492729187012 5430
1744817840229 4.56775426864624 5440
1744817851171 4.555117130279541 5450
1744817861591 4.988855361938477 5460
1744817872164 3.100785970687866 5470
1744817882558 3.6047465801239014 5480
1744817892891 3.8887364864349365 5490
1744817903422 4.624332904815674 5500
1744817913676 6.332706451416016 5510
1744817924064 3.5066845417022705 5520
1744817934599 4.8407487869262695 5530
1744817944948 5.295393943786621 5540
1744817955620 5.088014125823975 5550
1744817965928 5.41677713394165 5560
1744817976453 4.351080894470215 5570
1744817986881 5.84226131439209 5580
1744817997265 8.996323585510254 5590
1744818032739 4.193971633911133 5600
1744818043745 4.132553577423096 5610
1744818054288 4.519827842712402 5620
1744818064851 3.6012535095214844 5630
1744818075130 4.309161186218262 5640
1744818085535 4.4458160400390625 5650
1744818095878 4.493460655212402 5660
1744818106225 4.085930824279785 5670
1744818116627 5.738039016723633 5680
1744818127399 4.642609119415283 5690
1744818137840 4.475269317626953 5700
1744818148028 3.5152761936187744 5710
1744818158534 4.682786464691162 5720
1744818169164 4.250539779663086 5730
1744818179698 4.202178955078125 5740
1744818190186 3.7442891597747803 5750
1744818200609 4.668697834014893 5760
1744818211046 4.807714462280273 5770
1744818221596 5.569138526916504 5780
1744818231169 6.764047622680664 5790
