1744811474246 1.5544041450777202e-07 10
1744811484876 3.281519861830743e-07 20
1744811495202 5.008635578583765e-07 30
1744811505728 6.735751295336788e-07 40
1744811515940 8.462867012089811e-07 50
1744811526390 1.0189982728842833e-06 60
1744811537086 1.1917098445595854e-06 70
1744811547297 1.364421416234888e-06 80
1744811557584 1.53713298791019e-06 90
1744811568014 1.7098445595854923e-06 100
1744811578400 1.8825561312607947e-06 110
1744811589174 2.0552677029360967e-06 120
1744811599612 2.227979274611399e-06 130
1744811609974 2.4006908462867014e-06 140
1744811620363 2.5734024179620037e-06 150
1744811630803 2.7461139896373056e-06 160
1744811641089 2.9188255613126083e-06 170
1744811651448 3.0915371329879106e-06 180
1744811661805 3.2642487046632125e-06 190
1744811698342 3.4369602763385152e-06 200
1744811708698 3.609671848013817e-06 210
1744811719069 3.7823834196891194e-06 220
1744811729427 3.955094991364421e-06 230
1744811739849 4.127806563039724e-06 240
1744811750157 4.300518134715026e-06 250
1744811760334 4.473229706390329e-06 260
1744811770786 4.645941278065631e-06 270
1744811781118 4.818652849740933e-06 280
1744811791672 4.991364421416235e-06 290
1744811802053 5.164075993091537e-06 300
1744811812465 5.33678756476684e-06 310
1744811822807 5.5094991364421425e-06 320
1744811832950 5.6822107081174435e-06 330
1744811843303 5.854922279792746e-06 340
1744811853658 6.027633851468049e-06 350
1744811863983 6.200345423143352e-06 360
1744811874315 6.373056994818654e-06 370
1744811884683 6.5457685664939555e-06 380
1744811919940 6.718480138169257e-06 390
1744811930482 6.89119170984456e-06 400
1744811940783 7.063903281519863e-06 410
1744811951108 7.236614853195166e-06 420
1744811961316 7.409326424870467e-06 430
1744811971702 7.582037996545769e-06 440
1744811982549 7.754749568221071e-06 450
1744811992829 7.927461139896375e-06 460
1744812003212 8.100172711571675e-06 470
1744812013686 8.272884283246979e-06 480
1744812024232 8.44559585492228e-06 490
1744812034758 8.618307426597582e-06 500
1744812045053 8.791018998272886e-06 510
1744812055553 8.963730569948186e-06 520
1744812065968 9.13644214162349e-06 530
1744812076415 9.309153713298792e-06 540
1744812086758 9.481865284974095e-06 550
1744812097150 9.654576856649395e-06 560
1744812107650 9.827288428324699e-06 570
1744812143213 1e-05 580
1744812153475 9.999909135070845e-06 590
1744812164179 9.999636543585954e-06 600
1744812174340 9.999182235452926e-06 610
1744812184635 9.998546227184033e-06 620
1744812195316 9.997728541895617e-06 630
1744812205632 9.996729209307242e-06 640
1744812216016 9.995548265740621e-06 650
1744812226315 9.994185754118296e-06 660
1744812236915 9.992641723962076e-06 670
1744812247544 9.990916231391237e-06 680
1744812258119 9.989009339120484e-06 690
1744812268398 9.986921116457669e-06 700
1744812278812 9.984651639301273e-06 710
1744812289128 9.982200990137647e-06 720
1744812299595 9.97956925803802e-06 730
1744812310035 9.97675653865525e-06 740
1744812320317 9.973762934220356e-06 750
1744812330685 9.970588553538802e-06 760
1744812341014 9.967233511986534e-06 770
1744812376393 9.963697931505801e-06 780
1744812387010 9.959981940600709e-06 790
1744812397330 9.95608567433256e-06 800
1744812407481 9.952009274314935e-06 810
1744812417791 9.947752888708556e-06 820
1744812428177 9.94331667221589e-06 830
1744812438440 9.93870078607554e-06 840
1744812448701 9.933905398056371e-06 850
1744812459001 9.928930682451421e-06 860
1744812469317 9.92377682007156e-06 870
1744812479493 9.918443998238925e-06 880
1744812490029 9.912932410780109e-06 890
1744812500525 9.907242258019113e-06 900
1744812510960 9.901373746770066e-06 910
1744812521190 9.895327090329713e-06 920
1744812531539 9.889102508469659e-06 930
1744812542070 9.88270022742838e-06 940
1744812552551 9.876120479902996e-06 950
1744812562837 9.86936350504083e-06 960
1744812598463 9.862429548430696e-06 970
1744812608741 9.855318862093985e-06 980
1744812619022 9.8480317044755e-06 990
1744812629477 9.840568340434069e-06 1000
1744812639716 9.832929041232906e-06 1010
1744812650057 9.825114084529767e-06 1020
1744812660457 9.817123754366842e-06 1030
1744812670653 9.80895834116045e-06 1040
1744812681131 9.800618141690463e-06 1050
1744812691588 9.792103459089539e-06 1060
1744812702280 9.783414602832087e-06 1070
1744812712893 9.774551888723032e-06 1080
1744812723747 9.765515638886331e-06 1090
1744812734427 9.756306181753262e-06 1100
1744812744790 9.746923852050494e-06 1110
1744812755194 9.737368990787917e-06 1120
1744812765582 9.727641945246247e-06 1130
1744812776085 9.717743068964407e-06 1140
1744812786381 9.707672721726671e-06 1150
1744812822059 9.697431269549597e-06 1160
1744812832270 9.687019084668716e-06 1170
1744812842684 9.676436545525001e-06 1180
1744812852873 9.665684036751124e-06 1190
1744812863233 9.654761949157463e-06 1200
1744812873606 9.6436706797179e-06 1210
1744812884055 9.632410631555406e-06 1220
1744812894416 9.62098221392737e-06 1230
1744812904867 9.609385842210735e-06 1240
1744812915404 9.597621937886899e-06 1250
1744812925638 9.585690928526392e-06 1260
1744812936082 9.573593247773348e-06 1270
1744812946722 9.561329335329726e-06 1280
1744812957064 9.548899636939338e-06 1290
1744812967668 9.536304604371653e-06 1300
1744812977851 9.523544695405366e-06 1310
1744812988211 9.510620373811767e-06 1320
1744812998546 9.497532109337882e-06 1330
1744813009014 9.484280377689401e-06 1340
1744813019574 9.470865660513389e-06 1350
1744813055856 9.457288445380773e-06 1360
1744813066025 9.443549225768629e-06 1370
1744813076297 9.429648501042248e-06 1380
1744813086853 9.415586776436973e-06 1390
1744813097265 9.40136456303985e-06 1400
1744813107770 9.386982377771046e-06 1410
1744813117991 9.372440743365054e-06 1420
1744813128451 9.357740188351709e-06 1430
1744813138761 9.342881247036967e-06 1440
1744813149610 9.32786445948349e-06 1450
1744813159925 9.31269037149101e-06 1460
1744813170824 9.297359534576497e-06 1470
1744813181380 9.281872505954121e-06 1480
1744813191700 9.266229848514981e-06 1490
1744813201964 9.250432130806662e-06 1500
1744813212270 9.234479927012565e-06 1510
1744813223335 9.218373816931037e-06 1520
1744813234199 9.202114385954299e-06 1530
1744813244428 9.185702225047167e-06 1540
1744813279946 9.169137930725575e-06 1550
1744813290270 9.1524221050349e-06 1560
1744813300441 9.135555355528063e-06 1570
1744813310647 9.11853829524347e-06 1580
1744813320942 9.101371542682704e-06 1590
1744813331353 9.084055721788072e-06 1600
1744813341771 9.066591461919912e-06 1610
1744813352071 9.048979397833713e-06 1620
1744813362526 9.03122016965706e-06 1630
1744813372844 9.013314422866358e-06 1640
1744813383096 8.995262808263368e-06 1650
1744813393656 8.977065981951567e-06 1660
1744813403962 8.958724605312287e-06 1670
1744813414414 8.940239344980686e-06 1680
1744813424605 8.921610872821508e-06 1690
1744813435152 8.902839865904676e-06 1700
1744813445500 8.883927006480676e-06 1710
1744813455887 8.86487298195576e-06 1720
1744813466348 8.845678484866964e-06 1730
1744813501247 8.826344212856936e-06 1740
1744813511845 8.806870868648576e-06 1750
1744813522557 8.787259160019504e-06 1760
1744813532842 8.767509799776323e-06 1770
1744813543780 8.747623505728723e-06 1780
1744813553997 8.727601000663383e-06 1790
1744813564472 8.707443012317704e-06 1800
1744813574857 8.68715027335336e-06 1810
1744813585155 8.666723521329667e-06 1820
1744813595577 8.646163498676776e-06 1830
1744813606276 8.625470952668685e-06 1840
1744813616974 8.604646635396085e-06 1850
1744813627464 8.583691303739023e-06 1860
1744813637808 8.56260571933939e-06 1870
1744813648451 8.541390648573238e-06 1880
1744813658776 8.520046862522929e-06 1890
1744813669162 8.498575136949104e-06 1900
1744813679367 8.476976252262491e-06 1910
1744813689837 8.455250993495547e-06 1920
1744813699927 8.433400150273907e-06 1930
1744813736471 8.4114245167877e-06 1940
1744813746798 8.389324891762675e-06 1950
1744813757140 8.367102078431182e-06 1960
1744813767363 8.344756884502962e-06 1970
1744813777826 8.322290122135803e-06 1980
1744813788306 8.299702607906009e-06 1990
1744813798639 8.276995162778736e-06 2000
1744813809092 8.254168612078138e-06 2010
1744813819305 8.23122378545738e-06 2020
1744813829903 8.208161516868485e-06 2030
1744813840200 8.184982644532008e-06 2040
1744813851028 8.161688010906588e-06 2050
1744813861959 8.138278462658318e-06 2060
1744813872631 8.114754850629977e-06 2070
1744813883162 8.091118029810102e-06 2080
1744813893398 8.067368859301909e-06 2090
1744813904292 8.043508202292078e-06 2100
1744813915054 8.019536926019373e-06 2110
1744813925563 7.995455901743124e-06 2120
1744813961162 7.971266004711553e-06 2130
1744813971534 7.946968114129974e-06 2140
1744813982397 7.922563113128829e-06 2150
1744813992736 7.898051888731592e-06 2160
1744814003332 7.873435331822534e-06 2170
1744814013732 7.848714337114332e-06 2180
1744814024039 7.823889803115559e-06 2190
1744814034283 7.798962632098024e-06 2200
1744814044783 7.773933730063981e-06 2210
1744814055167 7.74880400671319e-06 2220
1744814065545 7.723574375409866e-06 2230
1744814075756 7.698245753149476e-06 2240
1744814086071 7.672819060525402e-06 2250
1744814096395 7.647295221695497e-06 2260
1744814106814 7.621675164348481e-06 2270
1744814117316 7.595959819670236e-06 2280
1744814127693 7.570150122309947e-06 2290
1744814138018 7.544247010346147e-06 2300
1744814148587 7.518251425252607e-06 2310
1744814184190 7.492164311864125e-06 2320
1744814194327 7.465986618342189e-06 2330
1744814204797 7.4397192961405005e-06 2340
1744814215113 7.4133632999704135e-06 2350
1744814225506 7.386919587766211e-06 2360
1744814235775 7.360389120650316e-06 2370
1744814246282 7.333772862898328e-06 2380
1744814256669 7.3070717819039975e-06 2390
1744814266837 7.28028684814406e-06 2400
1744814277121 7.25341903514296e-06 2410
1744814287257 7.226469319437463e-06 2420
1744814297682 7.199438680541178e-06 2430
1744814307997 7.172328100908935e-06 2440
1744814318331 7.145138565901096e-06 2450
1744814328749 7.11787106374773e-06 2460
1744814339154 7.090526585512696e-06 2470
1744814349832 7.0631061250576265e-06 2480
1744814360182 7.0356106790057974e-06 2490
1744814370364 7.008041246705917e-06 2500
1744814406073 6.980398830195785e-06 2510
1744814416346 6.95268443416589e-06 2520
1744814426733 6.924899065922888e-06 2530
1744814437402 6.897043735352982e-06 2540
1744814447845 6.8691194548852295e-06 2550
1744814458647 6.841127239454737e-06 2560
1744814469441 6.813068106465771e-06 2570
1744814479794 6.7849430757547865e-06 2580
1744814490364 6.7567531695533515e-06 2590
1744814501049 6.728499412450999e-06 2600
1744814511760 6.700182831357984e-06 2610
1744814522323 6.6718044554679586e-06 2620
1744814532546 6.643365316220571e-06 2630
1744814542924 6.6148664472639676e-06 2640
1744814553222 6.586308884417236e-06 2650
1744814563642 6.557693665632743e-06 2660
1744814573968 6.52902183095842e-06 2670
1744814584339 6.500294422499958e-06 2680
1744814594829 6.471512484382932e-06 2690
1744814605265 6.442677062714847e-06 2700
1744814640851 6.413789205547123e-06 2710
1744814651311 6.384849962836997e-06 2720
1744814661496 6.355860386409367e-06 2730
1744814671797 6.3268215299185545e-06 2740
1744814682104 6.297734448810014e-06 2750
1744814692343 6.268600200281972e-06 2760
1744814702680 6.239419843247e-06 2770
1744814712898 6.210194438293526e-06 2780
1744814723222 6.180925047647294e-06 2790
1744814733621 6.151612735132745e-06 2800
1744814744012 6.122258566134359e-06 2810
1744814754387 6.092863607557929e-06 2820
1744814764579 6.06342892779179e-06 2830
1744814774908 6.0339555966679766e-06 2840
1744814785326 6.004444685423345e-06 2850
1744814795713 5.974897266660643e-06 2860
1744814806149 5.9453144143095105e-06 2870
1744814816633 5.915697203587467e-06 2880
1744814827176 5.886046710960808e-06 2890
1744814862919 5.856364014105503e-06 2900
1744814873245 5.826650191868009e-06 2910
1744814883804 5.796906324226064e-06 2920
1744814894119 5.767133492249444e-06 2930
1744814904372 5.737332778060653e-06 2940
1744814914776 5.707505264795603e-06 2950
1744814925176 5.677652036564249e-06 2960
1744814936059 5.647774178411178e-06 2970
1744814946492 5.6178727762761755e-06 2980
1744814956977 5.587948916954754e-06 2990
1744814967349 5.5580036880586585e-06 3000
1744814977711 5.52803817797633e-06 3010
1744814988253 5.498053475833347e-06 3020
1744814998434 5.4680506714528455e-06 3030
1744815008726 5.438030855315904e-06 3040
1744815019065 5.407995118521907e-06 3050
1744815029270 5.377944552748895e-06 3060
1744815039743 5.347880250213877e-06 3070
1744815050288 5.317803303633144e-06 3080
1744815085544 5.287714806182543e-06 3090
1744815095875 5.257615851457749e-06 3100
1744815106072 5.227507533434519e-06 3110
1744815116457 5.197390946428925e-06 3120
1744815126835 5.167267185057588e-06 3130
1744815137106 5.13713734419788e-06 3140
1744815147401 5.107002518948148e-06 3150
1744815157634 5.0768638045878926e-06 3160
1744815168146 5.046722296537975e-06 3170
1744815178294 5.01657909032079e-06 3180
1744815188815 4.98643528152046e-06 3190
1744815199125 4.956291965743003e-06 3200
1744815209381 4.92615023857652e-06 3210
1744815219942 4.896011195551374e-06 3220
1744815230209 4.865875932100367e-06 3230
1744815240822 4.8357455435189295e-06 3240
1744815251477 4.805621124925315e-06 3250
1744815261829 4.775503771220785e-06 3260
1744815272285 4.745394577049825e-06 3270
1744815282281 4.715294636760352e-06 3280
1744815318128 4.685205044363942e-06 3290
1744815328449 4.6551268934960705e-06 3300
1744815338637 4.625061277376355e-06 3310
1744815349212 4.595009288768827e-06 3320
1744815359476 4.564972019942214e-06 3330
1744815369872 4.534950562630233e-06 3340
1744815380248 4.504946007991927e-06 3350
1744815390520 4.474959446571986e-06 3360
1744815401063 4.444991968261121e-06 3370
1744815411624 4.41504466225645e-06 3380
1744815421983 4.385118617021906e-06 3390
1744815432396 4.355214920248686e-06 3400
1744815442734 4.325334658815702e-06 3410
1744815453307 4.29547891875009e-06 3420
1744815463862 4.2656487851877335e-06 3430
1744815474072 4.235845342333818e-06 3440
1744815484643 4.206069673423438e-06 3450
1744815494837 4.176322860682209e-06 3460
1744815505329 4.146605985286945e-06 3470
1744815540687 4.116920127326356e-06 3480
1744815551121 4.087266365761794e-06 3490
1744815561586 4.057645778388038e-06 3500
1744815572011 4.0280594417941164e-06 3510
1744815582301 3.99850843132418e-06 3520
1744815592791 3.96899382103842e-06 3530
1744815603054 3.939516683674022e-06 3540
1744815613654 3.91007809060619e-06 3550
1744815624002 3.8806791118091885e-06 3560
1744815634639 3.851320815817472e-06 3570
1744815645020 3.822004269686832e-06 3580
1744815655280 3.792730538955624e-06 3590
1744815665650 3.7635006876060352e-06 3600
1744815675858 3.7343157780254163e-06 3610
1744815686499 3.7051768709676626e-06 3620
1744815697223 3.676085025514664e-06 3630
1744815707616 3.6470412990378094e-06 3640
1744815717966 3.6180467471595626e-06 3650
1744815728181 3.589102423715082e-06 3660
1744815764345 3.5602093807139263e-06 3670
1744815774863 3.5313686683018195e-06 3680
1744815785031 3.5025813347224746e-06 3690
1744815795437 3.473848426279507e-06 3700
1744815806002 3.445170987298389e-06 3710
1744815816243 3.416550060088507e-06 3720
1744815826700 3.3879866849052694e-06 3730
1744815837047 3.3594818999122992e-06 3740
1744815847376 3.331036741143708e-06 3750
1744815857619 3.302652242466429e-06 3760
1744815868146 3.2743294355426465e-06 3770
1744815878511 3.2460693497922975e-06 3780
1744815888992 3.217873012355657e-06 3790
1744815899382 3.1897414480560085e-06 3800
1744815909847 3.1616756793623913e-06 3810
1744815920541 3.133676726352438e-06 3820
1744815930941 3.105745606675301e-06 3830
1744815941190 3.0778833355146653e-06 3840
1744815951698 3.0500909255518464e-06 3850
1744815961263 3.022369386928993e-06 3860
1744815997221 2.99471972721236e-06 3870
1744816007564 2.967142951355697e-06 3880
1744816017790 2.9396400616637165e-06 3890
1744816028063 2.912212057755669e-06 3900
1744816038400 2.8848599365290077e-06 3910
1744816048797 2.8575846921231555e-06 3920
1744816059403 2.830387315883372e-06 3930
1744816069786 2.8032687963247226e-06 3940
1744816080188 2.77623011909615e-06 3950
1744816090485 2.7492722669446536e-06 3960
1744816100769 2.7223962196795626e-06 3970
1744816111127 2.695602954136929e-06 3980
1744816121333 2.668893444144023e-06 3990
1744816131695 2.6422686604839352e-06 4000
1744816142057 2.6157295708603027e-06 4010
1744816152518 2.589277139862123e-06 4020
1744816162916 2.5629123289287033e-06 4030
1744816173106 2.5366360963147147e-06 4040
1744816183663 2.5104493970553613e-06 4050
1744816218962 2.4843531829316758e-06 4060
1744816229562 2.4583484024359156e-06 4070
1744816239924 2.432436000737096e-06 4080
1744816250336 2.4066169196466326e-06 4090
1744816260632 2.380892097584119e-06 4100
1744816271098 2.3552624695432067e-06 4110
1744816281485 2.3297289670576305e-06 4120
1744816292072 2.304292518167346e-06 4130
1744816302911 2.2789540473848083e-06 4140
1744816313234 2.2537144756613555e-06 4150
1744816323613 2.2285747203537467e-06 4160
1744816334225 2.203535695190814e-06 4170
1744816344564 2.17859831024026e-06 4180
1744816354859 2.1537634718755697e-06 4190
1744816365201 2.129032082743073e-06 4200
1744816375572 2.1044050417291417e-06 4210
1744816386113 2.0798832439275096e-06 4220
1744816396822 2.055467580606743e-06 4230
1744816407279 2.0311589391778515e-06 4240
1744816442886 2.006958203162023e-06 4250
1744816453451 1.982866252158529e-06 4260
1744816463940 1.9588839618127355e-06 4270
1744816474293 1.935012203784287e-06 4280
1744816484729 1.9112518457154243e-06 4290
1744816495143 1.8876037511994478e-06 4300
1744816505588 1.8640687797493328e-06 4310
1744816516050 1.8406477867664847e-06 4320
1744816526443 1.8173416235096492e-06 4330
1744816536921 1.7941511370639764e-06 4340
1744816547168 1.771077170310227e-06 4350
1744816557602 1.7481205618941472e-06 4360
1744816568453 1.725282146195974e-06 4370
1744816578899 1.7025627533001166e-06 4380
1744816589182 1.6799632089649854e-06 4390
1744816599878 1.6574843345929776e-06 4400
1744816610343 1.6351269472006266e-06 4410
1744816620776 1.6128918593888994e-06 4420
1744816631642 1.5907798793136676e-06 4430
1744816667077 1.5687918106563326e-06 4440
1744816677257 1.5469284525946138e-06 4450
1744816687595 1.5251905997735055e-06 4460
1744816697920 1.5035790422763897e-06 4470
1744816708403 1.4820945655963227e-06 4480
1744816718952 1.4607379506074843e-06 4490
1744816729864 1.4395099735367974e-06 4500
1744816740815 1.418411405935717e-06 4510
1744816751101 1.3974430146521823e-06 4520
1744816761496 1.3766055618027486e-06 4530
1744816771849 1.3558998047448869e-06 4540
1744816782046 1.3353264960494544e-06 4550
1744816792565 1.3148863834733495e-06 4560
1744816803532 1.294580209932323e-06 4570
1744816814176 1.2744087134739825e-06 4580
1744816824745 1.2543726272509677e-06 4590
1744816835007 1.234472679494298e-06 4600
1744816845785 1.2147095934869147e-06 4610
1744816856124 1.1950840875373793e-06 4620
1744816866448 1.1755968749537755e-06 4630
1744816902281 1.15624866401778e-06 4640
1744816912749 1.1370401579589169e-06 4650
1744816923286 1.1179720549290062e-06 4660
1744816933664 1.0990450479767796e-06 4670
1744816944102 1.0802598250226942e-06 4680
1744816954540 1.0616170688339323e-06 4690
1744816964820 1.04311745699958e-06 4700
1744816975281 1.0247616619060075e-06 4710
1744816986026 1.006550350712422e-06 4720
1744816996551 9.884841853266236e-07 4730
1744817007292 9.705638223809488e-07 4740
1744817017597 9.527899132083984e-07 4750
1744817028346 9.351631038189751e-07 4760
1744817038792 9.176840348761918e-07 4770
1744817049204 9.003533416737937e-07 4780
1744817059712 8.831716541126634e-07 4790
1744817070059 8.661395966779318e-07 4800
1744817080804 8.492577884162728e-07 4810
1744817091625 8.325268429134147e-07 4820
1744817127283 8.159473682718278e-07 4830
1744817137806 7.995199670886262e-07 4840
1744817148243 7.832452364336674e-07 4850
1744817158515 7.671237678278531e-07 4860
1744817169105 7.511561472216234e-07 4870
1744817179295 7.353429549736635e-07 4880
1744817189787 7.196847658298101e-07 4890
1744817200508 7.041821489021639e-07 4900
1744817210993 6.888356676484004e-07 4910
1744817221579 6.736458798512918e-07 4920
1744817232043 6.586133375984333e-07 4930
1744817242581 6.437385872621826e-07 4940
1744817252806 6.290221694797922e-07 4950
1744817263168 6.144646191337661e-07 4960
1744817273727 6.000664653324156e-07 4970
1744817284183 5.858282313906333e-07 4980
1744817294736 5.717504348108649e-07 4990
1744817305117 5.578335872643059e-07 5000
1744817315576 5.440781945723017e-07 5010
1744817351047 5.304847566879678e-07 5020
1744817361416 5.170537676780119e-07 5030
1744817371703 5.037857157047782e-07 5040
1744817382610 4.906810830085096e-07 5050
1744817392959 4.777403458898123e-07 5060
1744817403627 4.64963974692354e-07 5070
1744817413924 4.523524337857582e-07 5080
1744817424761 4.399061815487343e-07 5090
1744817435452 4.2762567035241233e-07 5100
1744817446077 4.155113465439042e-07 5110
1744817456602 4.0356365043008103e-07 5120
1744817466927 3.9178301626156654e-07 5130
1744817477294 3.8016987221695664e-07 5140
1744817487607 3.687246403872552e-07 5150
1744817498222 3.5744773676053337e-07 5160
1744817508638 3.4633957120681294e-07 5170
1744817519063 3.354005474631622e-07 5180
1744817529395 3.246310631190297e-07 5190
1744817539716 3.140315096017871e-07 5200
1744817549951 3.0360227216250595e-07 5210
1744817585688 2.933437298619557e-07 5220
1744817596128 2.8325625555682414e-07 5230
1744817606467 2.733402158861659e-07 5240
1744817616814 2.6359597125807765e-07 5250
1744817627018 2.540238758365987e-07 5260
1744817637521 2.446242775288382e-07 5270
1744817648040 2.3539751797233056e-07 5280
1744817658594 2.2634393252261633e-07 5290
1744817669023 2.174638502410553e-07 5300
1744817679228 2.0875759388286676e-07 5310
1744817689609 2.0022547988539864e-07 5320
1744817700086 1.9186781835662304e-07 5330
1744817710706 1.8368491306387014e-07 5340
1744817721342 1.7567706142278318e-07 5350
1744817731540 1.6784455448651037e-07 5360
1744817741922 1.601876769351285e-07 5370
1744817752117 1.52706707065291e-07 5380
1744817762557 1.4540191678011685e-07 5390
1744817773170 1.382735715793071e-07 5400
1744817808703 1.3132193054949394e-07 5410
1744817819165 1.2454724635482584e-07 5420
1744817829780 1.1794976522778168e-07 5430
1744817840229 1.1152972696022447e-07 5440
1744817851171 1.0528736489468283e-07 5450
1744817861591 9.922290591587114e-08 5460
1744817872164 9.333657044244438e-08 5470
1744817882558 8.762857241898403e-08 5480
1744817892891 8.20991193082249e-08 5490
1744817903422 7.674841208351269e-08 5500
1744817913676 7.157664522150109e-08 5510
1744817924064 6.65840066950818e-08 5520
1744817934599 6.177067796655334e-08 5530
1744817944948 5.713683398102465e-08 5540
1744817955620 5.268264316005855e-08 5550
1744817965928 4.840826739554771e-08 5560
1744817976453 4.431386204383326e-08 5570
1744817986881 4.039957592005595e-08 5580
1744817997265 3.666555129274829e-08 5590
1744818032739 3.3111923878663134e-08 5600
1744818043745 2.973882283784202e-08 5610
1744818054288 2.6546370768920638e-08 5620
1744818064851 2.3534683704670158e-08 5630
1744818075130 2.070387110778338e-08 5640
1744818085535 1.8054035866895693e-08 5650
1744818095878 1.5585274292842512e-08 5660
1744818106225 1.3297676115163194e-08 5670
1744818116627 1.1191324478835863e-08 5680
1744818127399 9.266295941256498e-09 5690
1744818137840 7.522660469458932e-09 5700
1744818148028 5.9604814375685546e-09 5710
1744818158534 4.579815624499162e-09 5720
1744818169164 3.3807132118923726e-09 5730
1744818179698 2.363217782290206e-09 5740
1744818190186 1.5273663175524588e-09 5750
1744818200609 8.731891975127804e-10 5760
1744818211046 4.007101988745543e-10 5770
1744818221596 1.0994649434603599e-10 5780
1744818231169 9.086520164069967e-13 5790
