1744811474246 3.8572 10
1744811484876 3.8539 20
1744811495202 3.8664 30
1744811505728 3.8493 40
1744811515940 3.8507 50
1744811526390 3.8107 60
1744811537086 3.7938 70
1744811547297 3.7943 80
1744811557584 3.755 90
1744811568014 3.685 100
1744811578400 3.6712 110
1744811589174 3.6478 120
1744811599612 3.6375 130
1744811609974 3.5798 140
1744811620363 3.5207 150
1744811630803 3.481 160
1744811641089 3.4574 170
1744811651448 3.4546 180
1744811661805 3.3816 190
1744811698342 3.3426 200
1744811708698 3.2506 210
1744811719069 3.1768 220
1744811729427 3.152 230
1744811739849 3.183 240
1744811750157 3.0854 250
1744811760334 3.0844 260
1744811770786 3.025 270
1744811781118 2.9329 280
1744811791672 3.0187 290
1744811802053 2.9396 300
1744811812465 2.8335 310
1744811822807 2.8203 320
1744811832950 2.7931 330
1744811843303 2.7646 340
1744811853658 2.6939 350
1744811863983 2.6437 360
1744811874315 2.6006 370
1744811884683 2.6405 380
1744811919940 2.5627 390
1744811930482 2.484 400
1744811940783 2.47 410
1744811951108 2.45 420
1744811961316 2.4507 430
1744811971702 2.3588 440
1744811982549 2.381 450
1744811992829 2.352 460
1744812003212 2.3523 470
1744812013686 2.3237 480
1744812024232 2.2139 490
1744812034758 2.2181 500
1744812045053 2.226 510
1744812055553 2.1985 520
1744812065968 2.1407 530
1744812076415 2.1788 540
1744812086758 2.0417 550
1744812097150 2.1481 560
1744812107650 2.0789 570
1744812143213 2.0048 580
1744812153475 1.9382 590
1744812164179 1.9829 600
1744812174340 1.9701 610
1744812184635 1.9296 620
1744812195316 1.9298 630
1744812205632 1.96 640
1744812216016 1.8805 650
1744812226315 1.9483 660
1744812236915 1.9046 670
1744812247544 1.8678 680
1744812258119 1.8791 690
1744812268398 1.8609 700
1744812278812 1.8391 710
1744812289128 1.8638 720
1744812299595 1.8512 730
1744812310035 1.8001 740
1744812320317 1.8045 750
1744812330685 1.8062 760
1744812341014 1.817 770
1744812376393 1.7073 780
1744812387010 1.7464 790
1744812397330 1.6624 800
1744812407481 1.757 810
1744812417791 1.7779 820
1744812428177 1.742 830
1744812438440 1.7554 840
1744812448701 1.7283 850
1744812459001 1.7343 860
1744812469317 1.7695 870
1744812479493 1.6918 880
1744812490029 1.6978 890
1744812500525 1.7295 900
1744812510960 1.7169 910
1744812521190 1.6515 920
1744812531539 1.717 930
1744812542070 1.756 940
1744812552551 1.6597 950
1744812562837 1.588 960
1744812598463 1.6105 970
1744812608741 1.6717 980
1744812619022 1.5831 990
1744812629477 1.6429 1000
1744812639716 1.6443 1010
1744812650057 1.5675 1020
1744812660457 1.5811 1030
1744812670653 1.6048 1040
1744812681131 1.6325 1050
1744812691588 1.5852 1060
1744812702280 1.5899 1070
1744812712893 1.6096 1080
1744812723747 1.602 1090
1744812734427 1.5606 1100
1744812744790 1.5538 1110
1744812755194 1.6969 1120
1744812765582 1.6307 1130
1744812776085 1.6339 1140
1744812786381 1.6238 1150
1744812822059 1.5272 1160
1744812832270 1.585 1170
1744812842684 1.5117 1180
1744812852873 1.5183 1190
1744812863233 1.5655 1200
1744812873606 1.5061 1210
1744812884055 1.5305 1220
1744812894416 1.5732 1230
1744812904867 1.5792 1240
1744812915404 1.5172 1250
1744812925638 1.5818 1260
1744812936082 1.5411 1270
1744812946722 1.5262 1280
1744812957064 1.5511 1290
1744812967668 1.5532 1300
1744812977851 1.531 1310
1744812988211 1.5475 1320
1744812998546 1.5452 1330
1744813009014 1.5193 1340
1744813019574 1.508 1350
1744813055856 1.5275 1360
1744813066025 1.4991 1370
1744813076297 1.4843 1380
1744813086853 1.5116 1390
1744813097265 1.5065 1400
1744813107770 1.4539 1410
1744813117991 1.5054 1420
1744813128451 1.5331 1430
1744813138761 1.5555 1440
1744813149610 1.5635 1450
1744813159925 1.5258 1460
1744813170824 1.5159 1470
1744813181380 1.5011 1480
1744813191700 1.4598 1490
1744813201964 1.4732 1500
1744813212270 1.5176 1510
1744813223335 1.4435 1520
1744813234199 1.4734 1530
1744813244428 1.5599 1540
1744813279946 1.4365 1550
1744813290270 1.5153 1560
1744813300441 1.4754 1570
1744813310647 1.4749 1580
1744813320942 1.5235 1590
1744813331353 1.4789 1600
1744813341771 1.4743 1610
1744813352071 1.4734 1620
1744813362526 1.4774 1630
1744813372844 1.5758 1640
1744813383096 1.4456 1650
1744813393656 1.4648 1660
1744813403962 1.5049 1670
1744813414414 1.4278 1680
1744813424605 1.4469 1690
1744813435152 1.4734 1700
1744813445500 1.4278 1710
1744813455887 1.4192 1720
1744813466348 1.454 1730
1744813501247 1.4279 1740
1744813511845 1.4985 1750
1744813522557 1.4424 1760
1744813532842 1.3692 1770
1744813543780 1.4212 1780
1744813553997 1.4436 1790
1744813564472 1.4863 1800
1744813574857 1.4565 1810
1744813585155 1.4567 1820
1744813595577 1.4176 1830
1744813606276 1.4001 1840
1744813616974 1.4306 1850
1744813627464 1.4499 1860
1744813637808 1.4701 1870
1744813648451 1.4431 1880
1744813658776 1.4102 1890
1744813669162 1.4071 1900
1744813679367 1.4247 1910
1744813689837 1.3457 1920
1744813699927 1.4639 1930
1744813736471 1.3912 1940
1744813746798 1.3579 1950
1744813757140 1.3802 1960
1744813767363 1.3944 1970
1744813777826 1.418 1980
1744813788306 1.4356 1990
1744813798639 1.4131 2000
1744813809092 1.408 2010
1744813819305 1.4555 2020
1744813829903 1.4296 2030
1744813840200 1.3829 2040
1744813851028 1.4201 2050
1744813861959 1.3911 2060
1744813872631 1.3471 2070
1744813883162 1.4327 2080
1744813893398 1.4358 2090
1744813904292 1.3303 2100
1744813915054 1.4704 2110
1744813925563 1.3937 2120
1744813961162 1.389 2130
1744813971534 1.3329 2140
1744813982397 1.3574 2150
1744813992736 1.4565 2160
1744814003332 1.4181 2170
1744814013732 1.315 2180
1744814024039 1.434 2190
1744814034283 1.335 2200
1744814044783 1.3731 2210
1744814055167 1.4316 2220
1744814065545 1.4291 2230
1744814075756 1.3651 2240
1744814086071 1.3559 2250
1744814096395 1.3653 2260
1744814106814 1.333 2270
1744814117316 1.3777 2280
1744814127693 1.3997 2290
1744814138018 1.384 2300
1744814148587 1.3408 2310
1744814184190 1.355 2320
1744814194327 1.3819 2330
1744814204797 1.4322 2340
1744814215113 1.3145 2350
1744814225506 1.3831 2360
1744814235775 1.3235 2370
1744814246282 1.3668 2380
1744814256669 1.2959 2390
1744814266837 1.3771 2400
1744814277121 1.3012 2410
1744814287257 1.3182 2420
1744814297682 1.3629 2430
1744814307997 1.3411 2440
1744814318331 1.3484 2450
1744814328749 1.3587 2460
1744814339154 1.3797 2470
1744814349832 1.3693 2480
1744814360182 1.3839 2490
1744814370364 1.3807 2500
1744814406073 1.3748 2510
1744814416346 1.3644 2520
1744814426733 1.3731 2530
1744814437402 1.3639 2540
1744814447845 1.2889 2550
1744814458647 1.3265 2560
1744814469441 1.3757 2570
1744814479794 1.3523 2580
1744814490364 1.3033 2590
1744814501049 1.3279 2600
1744814511760 1.3584 2610
1744814522323 1.2945 2620
1744814532546 1.3846 2630
1744814542924 1.3035 2640
1744814553222 1.3706 2650
1744814563642 1.36 2660
1744814573968 1.3629 2670
1744814584339 1.3383 2680
1744814594829 1.3428 2690
1744814605265 1.38 2700
1744814640851 1.3142 2710
1744814651311 1.3653 2720
1744814661496 1.2788 2730
1744814671797 1.3126 2740
1744814682104 1.3298 2750
1744814692343 1.3174 2760
1744814702680 1.3197 2770
1744814712898 1.3222 2780
1744814723222 1.3091 2790
1744814733621 1.3717 2800
1744814744012 1.3252 2810
1744814754387 1.3475 2820
1744814764579 1.3634 2830
1744814774908 1.3373 2840
1744814785326 1.3729 2850
1744814795713 1.3397 2860
1744814806149 1.3163 2870
1744814816633 1.2668 2880
1744814827176 1.2959 2890
1744814862919 1.2968 2900
1744814873245 1.3212 2910
1744814883804 1.3381 2920
1744814894119 1.3531 2930
1744814904372 1.3272 2940
1744814914776 1.3931 2950
1744814925176 1.3838 2960
1744814936059 1.334 2970
1744814946492 1.3116 2980
1744814956977 1.3416 2990
1744814967349 1.284 3000
1744814977711 1.2953 3010
1744814988253 1.3536 3020
1744814998434 1.317 3030
1744815008726 1.3123 3040
1744815019065 1.3201 3050
1744815029270 1.3041 3060
1744815039743 1.288 3070
1744815050288 1.3241 3080
1744815085544 1.2465 3090
1744815095875 1.3475 3100
1744815106072 1.2849 3110
1744815116457 1.3742 3120
1744815126835 1.3168 3130
1744815137106 1.2705 3140
1744815147401 1.262 3150
1744815157634 1.345 3160
1744815168146 1.3033 3170
1744815178294 1.2874 3180
1744815188815 1.2403 3190
1744815199125 1.2973 3200
1744815209381 1.2577 3210
1744815219942 1.2866 3220
1744815230209 1.2428 3230
1744815240822 1.3235 3240
1744815251477 1.2802 3250
1744815261829 1.3506 3260
1744815272285 1.258 3270
1744815282281 1.3605 3280
1744815318128 1.2846 3290
1744815328449 1.2562 3300
1744815338637 1.231 3310
1744815349212 1.2661 3320
1744815359476 1.291 3330
1744815369872 1.256 3340
1744815380248 1.327 3350
1744815390520 1.3585 3360
1744815401063 1.3146 3370
1744815411624 1.3037 3380
1744815421983 1.3437 3390
1744815432396 1.2802 3400
1744815442734 1.2997 3410
1744815453307 1.3081 3420
1744815463862 1.2742 3430
1744815474072 1.2922 3440
1744815484643 1.2385 3450
1744815494837 1.3417 3460
1744815505329 1.3101 3470
1744815540687 1.2779 3480
1744815551121 1.2735 3490
1744815561586 1.2075 3500
1744815572011 1.2565 3510
1744815582301 1.2775 3520
1744815592791 1.327 3530
1744815603054 1.2481 3540
1744815613654 1.3225 3550
1744815624002 1.2556 3560
1744815634639 1.2676 3570
1744815645020 1.261 3580
1744815655280 1.3082 3590
1744815665650 1.3085 3600
1744815675858 1.2503 3610
1744815686499 1.2442 3620
1744815697223 1.2963 3630
1744815707616 1.3063 3640
1744815717966 1.2847 3650
1744815728181 1.2938 3660
1744815764345 1.245 3670
1744815774863 1.295 3680
1744815785031 1.3197 3690
1744815795437 1.2564 3700
1744815806002 1.3171 3710
1744815816243 1.2909 3720
1744815826700 1.2876 3730
1744815837047 1.2365 3740
1744815847376 1.2284 3750
1744815857619 1.2964 3760
1744815868146 1.2485 3770
1744815878511 1.2485 3780
1744815888992 1.2887 3790
1744815899382 1.2786 3800
1744815909847 1.261 3810
1744815920541 1.2659 3820
1744815930941 1.2852 3830
1744815941190 1.2579 3840
1744815951698 1.2687 3850
1744815961263 1.3308 3860
1744815997221 1.229 3870
1744816007564 1.3114 3880
1744816017790 1.2996 3890
1744816028063 1.2855 3900
1744816038400 1.2861 3910
1744816048797 1.1999 3920
1744816059403 1.2213 3930
1744816069786 1.2745 3940
1744816080188 1.2499 3950
1744816090485 1.2713 3960
1744816100769 1.2834 3970
1744816111127 1.2083 3980
1744816121333 1.2525 3990
1744816131695 1.2471 4000
1744816142057 1.228 4010
1744816152518 1.2751 4020
1744816162916 1.2702 4030
1744816173106 1.1906 4040
1744816183663 1.3112 4050
1744816218962 1.2838 4060
1744816229562 1.2116 4070
1744816239924 1.2886 4080
1744816250336 1.2143 4090
1744816260632 1.2749 4100
1744816271098 1.2434 4110
1744816281485 1.2641 4120
1744816292072 1.2857 4130
1744816302911 1.2226 4140
1744816313234 1.2015 4150
1744816323613 1.2983 4160
1744816334225 1.2165 4170
1744816344564 1.2402 4180
1744816354859 1.2053 4190
1744816365201 1.1744 4200
1744816375572 1.2578 4210
1744816386113 1.2777 4220
1744816396822 1.2693 4230
1744816407279 1.2588 4240
1744816442886 1.2456 4250
1744816453451 1.2627 4260
1744816463940 1.2839 4270
1744816474293 1.2155 4280
1744816484729 1.2654 4290
1744816495143 1.2564 4300
1744816505588 1.2928 4310
1744816516050 1.2843 4320
1744816526443 1.2615 4330
1744816536921 1.2655 4340
1744816547168 1.2333 4350
1744816557602 1.2102 4360
1744816568453 1.2545 4370
1744816578899 1.2793 4380
1744816589182 1.1821 4390
1744816599878 1.2611 4400
1744816610343 1.2371 4410
1744816620776 1.2427 4420
1744816631642 1.2226 4430
1744816667077 1.3003 4440
1744816677257 1.2247 4450
1744816687595 1.2366 4460
1744816697920 1.2309 4470
1744816708403 1.2505 4480
1744816718952 1.2161 4490
1744816729864 1.2703 4500
1744816740815 1.2396 4510
1744816751101 1.1948 4520
1744816761496 1.2472 4530
1744816771849 1.188 4540
1744816782046 1.2996 4550
1744816792565 1.2615 4560
1744816803532 1.1906 4570
1744816814176 1.2901 4580
1744816824745 1.2862 4590
1744816835007 1.2014 4600
1744816845785 1.2987 4610
1744816856124 1.2285 4620
1744816866448 1.2363 4630
1744816902281 1.2007 4640
1744816912749 1.2424 4650
1744816923286 1.1744 4660
1744816933664 1.2564 4670
1744816944102 1.2541 4680
1744816954540 1.237 4690
1744816964820 1.2421 4700
1744816975281 1.256 4710
1744816986026 1.2053 4720
1744816996551 1.2528 4730
1744817007292 1.2397 4740
1744817017597 1.2657 4750
1744817028346 1.2223 4760
1744817038792 1.3013 4770
1744817049204 1.211 4780
1744817059712 1.158 4790
1744817070059 1.2164 4800
1744817080804 1.2739 4810
1744817091625 1.2305 4820
1744817127283 1.1789 4830
1744817137806 1.2202 4840
1744817148243 1.2286 4850
1744817158515 1.219 4860
1744817169105 1.3061 4870
1744817179295 1.2187 4880
1744817189787 1.1831 4890
1744817200508 1.2486 4900
1744817210993 1.2639 4910
1744817221579 1.2245 4920
1744817232043 1.1774 4930
1744817242581 1.2348 4940
1744817252806 1.2321 4950
1744817263168 1.2011 4960
1744817273727 1.2548 4970
1744817284183 1.2535 4980
1744817294736 1.2306 4990
1744817305117 1.216 5000
1744817315576 1.2347 5010
1744817351047 1.2358 5020
1744817361416 1.2153 5030
1744817371703 1.2577 5040
1744817382610 1.2213 5050
1744817392959 1.2284 5060
1744817403627 1.2354 5070
1744817413924 1.2524 5080
1744817424761 1.1843 5090
1744817435452 1.3007 5100
1744817446077 1.1751 5110
1744817456602 1.216 5120
1744817466927 1.2505 5130
1744817477294 1.2126 5140
1744817487607 1.2164 5150
1744817498222 1.2732 5160
1744817508638 1.2149 5170
1744817519063 1.2086 5180
1744817529395 1.268 5190
1744817539716 1.2574 5200
1744817549951 1.2512 5210
1744817585688 1.2304 5220
1744817596128 1.251 5230
1744817606467 1.2101 5240
1744817616814 1.2072 5250
1744817627018 1.2543 5260
1744817637521 1.2832 5270
1744817648040 1.1949 5280
1744817658594 1.2368 5290
1744817669023 1.2654 5300
1744817679228 1.1929 5310
1744817689609 1.21 5320
1744817700086 1.2136 5330
1744817710706 1.2328 5340
1744817721342 1.2518 5350
1744817731540 1.2879 5360
1744817741922 1.2728 5370
1744817752117 1.2959 5380
1744817762557 1.2488 5390
1744817773170 1.2874 5400
1744817808703 1.2448 5410
1744817819165 1.2703 5420
1744817829780 1.2073 5430
1744817840229 1.2957 5440
1744817851171 1.257 5450
1744817861591 1.2337 5460
1744817872164 1.2122 5470
1744817882558 1.227 5480
1744817892891 1.2165 5490
1744817903422 1.2713 5500
1744817913676 1.2833 5510
1744817924064 1.2502 5520
1744817934599 1.273 5530
1744817944948 1.2468 5540
1744817955620 1.2715 5550
1744817965928 1.237 5560
1744817976453 1.2289 5570
1744817986881 1.2268 5580
1744817997265 1.2486 5590
1744818032739 1.2077 5600
1744818043745 1.2307 5610
1744818054288 1.2107 5620
1744818064851 1.1249 5630
1744818075130 1.2357 5640
1744818085535 1.2714 5650
1744818095878 1.2462 5660
1744818106225 1.2474 5670
1744818116627 1.2457 5680
1744818127399 1.26 5690
1744818137840 1.2294 5700
1744818148028 1.2131 5710
1744818158534 1.1917 5720
1744818169164 1.2027 5730
1744818179698 1.2734 5740
1744818190186 1.2744 5750
1744818200609 1.2787 5760
1744818211046 1.2107 5770
1744818221596 1.303 5780
1744818231169 1.2928 5790
