1744580134309 0.2631578947368421 10
1744580143390 0.5263157894736842 20
1744580152329 0.7894736842105263 30
1744580168295 1.0 38
1744580171870 1.0526315789473684 40
1744580180334 1.3157894736842106 50
1744580188843 1.5789473684210527 60
1744580197100 1.8421052631578947 70
1744580208257 2.0 76
1744580213450 2.1052631578947367 80
1744580222244 2.3684210526315788 90
1744580230963 2.6315789473684212 100
1744580239520 2.8947368421052633 110
1744580249891 3.0 114
1744580256936 3.1578947368421053 120
1744580265463 3.4210526315789473 130
1744580273787 3.6842105263157894 140
1744580282235 3.9473684210526314 150
1744580290068 4.0 152
1744580298962 4.2105263157894735 160
1744580307380 4.473684210526316 170
1744580315652 4.7368421052631575 180
1744580323328 5.0 190
1744580330462 5.0 190
1744580341099 5.2631578947368425 200
1744580349881 5.526315789473684 210
1744580358132 5.7894736842105265 220
1744580371324 6.0 228
1744580375161 6.052631578947368 230
1744580383633 6.315789473684211 240
1744580391842 6.578947368421053 250
1744580400195 6.842105263157895 260
1744580411280 7.0 266
1744580416683 7.105263157894737 270
1744580425013 7.368421052631579 280
1744580433431 7.631578947368421 290
1744580441943 7.894736842105263 300
1744580451405 8.0 304
1744580458492 8.157894736842104 310
1744580466767 8.421052631578947 320
1744580474825 8.68421052631579 330
1744580483182 8.947368421052632 340
1744580491086 9.0 342
1744580500095 9.210526315789474 350
1744580508200 9.473684210526315 360
1744580516619 9.736842105263158 370
1744580524291 10.0 380
1744580531096 10.0 380
1744580541578 10.263157894736842 390
1744580549950 10.526315789473685 400
1744580558841 10.789473684210526 410
1744580571865 11.0 418
1744580575547 11.052631578947368 420
1744580584199 11.31578947368421 430
1744580593080 11.578947368421053 440
1744580601571 11.842105263157894 450
1744580612555 12.0 456
1744580617952 12.105263157894736 460
1744580626145 12.368421052631579 470
1744580634604 12.631578947368421 480
1744580643007 12.894736842105264 490
1744580652219 13.0 494
1744580659478 13.157894736842104 500
1744580667968 13.421052631578947 510
1744580676681 13.68421052631579 520
1744580685614 13.947368421052632 530
1744580693539 14.0 532
1744580702444 14.210526315789474 540
1744580710571 14.473684210526315 550
1744580718957 14.736842105263158 560
1744580726237 15.0 570
1744580733298 15.0 570
1744580735047 15.0 570
1744580735631 15.0 0
1744580742400 15.0 570
