1744580134309 0.9868723154067993 10
1744580143390 1.0476711988449097 20
1744580152329 0.9948067665100098 30
1744580171870 1.2829610109329224 40
1744580180334 1.1454451084136963 50
1744580188843 1.1680946350097656 60
1744580197100 1.2204627990722656 70
1744580213450 1.1679697036743164 80
1744580222244 1.199562430381775 90
1744580230963 1.256635069847107 100
1744580239520 1.248982548713684 110
1744580256936 1.40043044090271 120
1744580265463 1.272361397743225 130
1744580273787 1.4056462049484253 140
1744580282235 1.3676813840866089 150
1744580298962 1.3349051475524902 160
1744580307380 1.4311317205429077 170
1744580315652 1.249444603919983 180
1744580323328 4.556922435760498 190
1744580341099 1.3356664180755615 200
1744580349881 1.5397716760635376 210
1744580358132 1.4505606889724731 220
1744580375161 1.4955897331237793 230
1744580383633 1.8874748945236206 240
1744580391842 2.020897626876831 250
1744580400195 2.0344932079315186 260
1744580416683 1.9001243114471436 270
1744580425013 1.5593899488449097 280
1744580433431 1.6579744815826416 290
1744580441943 1.5631047487258911 300
1744580458492 1.5581492185592651 310
1744580466767 1.4276821613311768 320
1744580474825 1.686912178993225 330
1744580483182 1.994161605834961 340
1744580500095 1.6209100484848022 350
1744580508200 1.4349815845489502 360
1744580516619 1.8544414043426514 370
1744580524291 3.892810106277466 380
1744580541578 1.9141547679901123 390
1744580549950 1.6977760791778564 400
1744580558841 1.696448802947998 410
1744580575547 1.8340034484863281 420
1744580584199 1.7249585390090942 430
1744580593080 1.9887311458587646 440
1744580601571 1.9243730306625366 450
1744580617952 1.9159733057022095 460
1744580626145 1.638451337814331 470
1744580634604 1.6972496509552002 480
1744580643007 1.5127633810043335 490
1744580659478 1.6050007343292236 500
1744580667968 1.9472333192825317 510
1744580676681 1.7676528692245483 520
1744580685614 1.6764034032821655 530
1744580702444 1.943608045578003 540
1744580710571 1.9480669498443604 550
1744580718957 1.9186469316482544 560
1744580726237 6.818876266479492 570
