1744580134309 1.968421052631579e-05 10
1744580143390 1.9333333333333333e-05 20
1744580152329 1.898245614035088e-05 30
1744580171870 1.8631578947368424e-05 40
1744580180334 1.8280701754385966e-05 50
1744580188843 1.792982456140351e-05 60
1744580197100 1.7578947368421054e-05 70
1744580213450 1.72280701754386e-05 80
1744580222244 1.687719298245614e-05 90
1744580230963 1.6526315789473686e-05 100
1744580239520 1.6175438596491228e-05 110
1744580256936 1.5824561403508774e-05 120
1744580265463 1.5473684210526316e-05 130
1744580273787 1.5122807017543861e-05 140
1744580282235 1.4771929824561405e-05 150
1744580298962 1.4421052631578948e-05 160
1744580307380 1.4070175438596492e-05 170
1744580315652 1.3719298245614037e-05 180
1744580323328 1.336842105263158e-05 190
1744580341099 1.3017543859649125e-05 200
1744580349881 1.2666666666666667e-05 210
1744580358132 1.2315789473684212e-05 220
1744580375161 1.1964912280701754e-05 230
1744580383633 1.16140350877193e-05 240
1744580391842 1.1263157894736843e-05 250
1744580400195 1.0912280701754387e-05 260
1744580416683 1.056140350877193e-05 270
1744580425013 1.0210526315789476e-05 280
1744580433431 9.859649122807018e-06 290
1744580441943 9.508771929824562e-06 300
1744580458492 9.157894736842105e-06 310
1744580466767 8.807017543859649e-06 320
1744580474825 8.456140350877193e-06 330
1744580483182 8.105263157894736e-06 340
1744580500095 7.754385964912282e-06 350
1744580508200 7.4035087719298246e-06 360
1744580516619 7.052631578947369e-06 370
1744580524291 6.701754385964913e-06 380
1744580541578 6.3508771929824565e-06 390
1744580549950 6e-06 400
1744580558841 5.649122807017544e-06 410
1744580575547 5.298245614035088e-06 420
1744580584199 4.947368421052632e-06 430
1744580593080 4.596491228070176e-06 440
1744580601571 4.245614035087719e-06 450
1744580617952 3.894736842105263e-06 460
1744580626145 3.543859649122807e-06 470
1744580634604 3.192982456140351e-06 480
1744580643007 2.842105263157895e-06 490
1744580659478 2.4912280701754387e-06 500
1744580667968 2.1403508771929828e-06 510
1744580676681 1.7894736842105265e-06 520
1744580685614 1.4385964912280704e-06 530
1744580702444 1.0877192982456142e-06 540
1744580710571 7.368421052631579e-07 550
1744580718957 3.859649122807018e-07 560
1744580726237 3.508771929824562e-08 570
