1744580134309 2.6806 10
1744580143390 2.6187 20
1744580152329 2.5576 30
1744580171870 2.5249 40
1744580180334 2.4386 50
1744580188843 2.3722 60
1744580197100 2.3172 70
1744580213450 2.2539 80
1744580222244 2.2037 90
1744580230963 2.1356 100
1744580239520 2.1105 110
1744580256936 1.9972 120
1744580265463 1.983 130
1744580273787 1.9558 140
1744580282235 1.93 150
1744580298962 1.857 160
1744580307380 1.8324 170
1744580315652 1.8046 180
1744580323328 1.7647 190
1744580341099 1.7165 200
1744580349881 1.6885 210
1744580358132 1.6702 220
1744580375161 1.6268 230
1744580383633 1.6108 240
1744580391842 1.5853 250
1744580400195 1.5613 260
1744580416683 1.5025 270
1744580425013 1.5164 280
1744580433431 1.4793 290
1744580441943 1.515 300
1744580458492 1.4909 310
1744580466767 1.4296 320
1744580474825 1.3762 330
1744580483182 1.4241 340
1744580500095 1.3834 350
1744580508200 1.376 360
1744580516619 1.3585 370
1744580524291 1.3574 380
1744580541578 1.2708 390
1744580549950 1.3079 400
1744580558841 1.345 410
1744580575547 1.3168 420
1744580584199 1.3211 430
1744580593080 1.2911 440
1744580601571 1.2488 450
1744580617952 1.2957 460
1744580626145 1.2671 470
1744580634604 1.2577 480
1744580643007 1.2623 490
1744580659478 1.2954 500
1744580667968 1.2399 510
1744580676681 1.2577 520
1744580685614 1.2377 530
1744580702444 1.2149 540
1744580710571 1.2339 550
1744580718957 1.2532 560
1744580726237 1.296 570
