1744721105964 0.2631578947368421 10
1744721114565 0.5263157894736842 20
1744721122692 0.7894736842105263 30
1744721138339 1.0 38
1744721141960 1.0526315789473684 40
1744721150421 1.3157894736842106 50
1744721158862 1.5789473684210527 60
1744721167019 1.8421052631578947 70
1744721178176 2.0 76
1744721183393 2.1052631578947367 80
1744721191742 2.3684210526315788 90
1744721200199 2.6315789473684212 100
1744721208366 2.8947368421052633 110
1744721218579 3.0 114
1744721220194 3.0 114
1744721220814 3.0 0
1744721227665 3.0 114
