1744825054228 0.05181347150259067 10
1744825065005 0.10362694300518134 20
1744825075420 0.15544041450777202 30
1744825086010 0.20725388601036268 40
1744825096318 0.25906735751295334 50
1744825106827 0.31088082901554404 60
1744825117253 0.3626943005181347 70
1744825127776 0.41450777202072536 80
1744825138409 0.46632124352331605 90
1744825148685 0.5181347150259067 100
1744825159093 0.5699481865284974 110
1744825169496 0.6217616580310881 120
1744825179978 0.6735751295336787 130
1744825190267 0.7253886010362695 140
1744825200916 0.7772020725388601 150
1744825211216 0.8290155440414507 160
1744825221460 0.8808290155440415 170
1744825232069 0.9326424870466321 180
1744825242538 0.9844559585492227 190
1744825269496 1.0 193
1744825278937 1.0362694300518134 200
1744825289186 1.0880829015544042 210
1744825299557 1.1398963730569949 220
1744825309700 1.1917098445595855 230
1744825320146 1.2435233160621761 240
1744825330513 1.2953367875647668 250
1744825340783 1.3471502590673574 260
1744825351404 1.3989637305699483 270
1744825361491 1.450777202072539 280
1744825372048 1.5025906735751295 290
1744825382319 1.5544041450777202 300
1744825393224 1.6062176165803108 310
1744825403833 1.6580310880829017 320
1744825413982 1.709844559585492 330
1744825424248 1.761658031088083 340
1744825434418 1.8134715025906736 350
1744825444736 1.8652849740932642 360
1744825455168 1.917098445595855 370
1744825465411 1.9689119170984455 380
1744825494049 2.0 386
1744825500384 2.0207253886010363 390
1744825510622 2.0725388601036268 400
1744825520947 2.1243523316062176 410
1744825531285 2.1761658031088085 420
1744825541441 2.227979274611399 430
1744825551703 2.2797927461139897 440
1744825562095 2.33160621761658 450
1744825572222 2.383419689119171 460
1744825582452 2.4352331606217614 470
1744825592713 2.4870466321243523 480
1744825603024 2.538860103626943 490
1744825613358 2.5906735751295336 500
1744825623640 2.6424870466321244 510
1744825633966 2.694300518134715 520
1744825644167 2.7461139896373057 530
1744825654609 2.7979274611398965 540
1744825664977 2.849740932642487 550
1744825675474 2.901554404145078 560
1744825685775 2.9533678756476682 570
1744825717074 3.0 579
1744825720282 3.005181347150259 580
1744825730400 3.05699481865285 590
1744825740586 3.1088082901554404 600
1744825750680 3.160621761658031 610
1744825761151 3.2124352331606216 620
1744825771267 3.2642487046632125 630
1744825781438 3.3160621761658033 640
1744825791676 3.3678756476683938 650
1744825801745 3.4196891191709846 660
1744825812165 3.471502590673575 670
1744825822267 3.523316062176166 680
1744825832530 3.5751295336787567 690
1744825843094 3.626943005181347 700
1744825853425 3.6787564766839376 710
1744825864001 3.7305699481865284 720
1744825874166 3.7823834196891193 730
1744825884495 3.8341968911917097 740
1744825894997 3.8860103626943006 750
1744825905466 3.937823834196891 760
1744825915656 3.989637305699482 770
1744825939771 4.0 772
1744825950250 4.041450777202073 780
1744825960436 4.0932642487046635 790
1744825970727 4.1450777202072535 800
1744825980819 4.196891191709844 810
1744825991332 4.248704663212435 820
1744826001755 4.300518134715026 830
1744826011890 4.352331606217617 840
1744826022197 4.404145077720207 850
1744826032336 4.455958549222798 860
1744826042560 4.507772020725389 870
1744826053027 4.5595854922279795 880
1744826063448 4.61139896373057 890
1744826073940 4.66321243523316 900
1744826084603 4.715025906735751 910
1744826095268 4.766839378238342 920
1744826105497 4.818652849740933 930
1744826115735 4.870466321243523 940
1744826126344 4.922279792746114 950
1744826136622 4.974093264248705 960
1744826164675 5.0 965
1744826172213 5.025906735751295 970
1744826182590 5.077720207253886 980
1744826193003 5.129533678756476 990
1744826203445 5.181347150259067 1000
1744826213579 5.233160621761658 1010
1744826224128 5.284974093264249 1020
1744826234538 5.33678756476684 1030
1744826244790 5.38860103626943 1040
1744826255162 5.4404145077720205 1050
1744826265317 5.492227979274611 1060
1744826275540 5.544041450777202 1070
1744826286042 5.595854922279793 1080
1744826296579 5.647668393782383 1090
1744826307078 5.699481865284974 1100
1744826317160 5.751295336787565 1110
1744826327660 5.803108808290156 1120
1744826337795 5.8549222797927465 1130
1744826348146 5.9067357512953365 1140
1744826358447 5.958549222797927 1150
1744826389546 6.0 1158
1744826394104 6.010362694300518 1160
1744826404371 6.062176165803109 1170
1744826414605 6.1139896373057 1180
1744826424800 6.16580310880829 1190
1744826434982 6.217616580310881 1200
1744826445192 6.269430051813472 1210
1744826455393 6.321243523316062 1220
1744826465683 6.373056994818652 1230
1744826475774 6.424870466321243 1240
1744826486407 6.476683937823834 1250
1744826496796 6.528497409326425 1260
1744826507151 6.580310880829016 1270
1744826517369 6.632124352331607 1280
1744826527607 6.683937823834197 1290
1744826537880 6.7357512953367875 1300
1744826548108 6.787564766839378 1310
1744826558555 6.839378238341969 1320
1744826568801 6.891191709844559 1330
1744826579059 6.94300518134715 1340
1744826589457 6.994818652849741 1350
1744826612847 7.0 1351
1744826624612 7.046632124352332 1360
1744826634805 7.098445595854923 1370
1744826645032 7.150259067357513 1380
1744826655125 7.2020725388601035 1390
1744826665633 7.253886010362694 1400
1744826676112 7.305699481865285 1410
1744826686370 7.357512953367876 1420
1744826696681 7.409326424870466 1430
1744826706833 7.461139896373057 1440
1744826717069 7.512953367875648 1450
1744826727416 7.564766839378239 1460
1744826737636 7.616580310880829 1470
1744826747900 7.668393782383419 1480
1744826758399 7.72020725388601 1490
1744826768827 7.772020725388601 1500
1744826779139 7.823834196891192 1510
1744826789425 7.875647668393782 1520
1744826799791 7.927461139896373 1530
1744826809896 7.979274611398964 1540
1744826836211 8.0 1544
1744826844569 8.031088082901555 1550
1744826855024 8.082901554404145 1560
1744826865107 8.134715025906736 1570
1744826875246 8.186528497409327 1580
1744826885502 8.238341968911918 1590
1744826896097 8.290155440414507 1600
1744826906499 8.341968911917098 1610
1744826917053 8.393782383419689 1620
1744826927353 8.44559585492228 1630
1744826937859 8.49740932642487 1640
1744826948113 8.549222797927461 1650
1744826958336 8.601036269430052 1660
1744826968739 8.652849740932643 1670
1744826979436 8.704663212435234 1680
1744826989717 8.756476683937823 1690
1744827000204 8.808290155440414 1700
1744827010455 8.860103626943005 1710
1744827020690 8.911917098445596 1720
1744827031128 8.963730569948186 1730
1744827060394 9.0 1737
1744827065627 9.015544041450777 1740
1744827075906 9.067357512953368 1750
1744827086400 9.119170984455959 1760
1744827096681 9.17098445595855 1770
1744827107215 9.22279792746114 1780
1744827117493 9.27461139896373 1790
1744827127675 9.32642487046632 1800
1744827138338 9.378238341968911 1810
1744827148959 9.430051813471502 1820
1744827159433 9.481865284974093 1830
1744827169521 9.533678756476684 1840
1744827180408 9.585492227979275 1850
1744827191119 9.637305699481866 1860
1744827201540 9.689119170984457 1870
1744827211980 9.740932642487046 1880
1744827222069 9.792746113989637 1890
1744827232247 9.844559585492227 1900
1744827242314 9.896373056994818 1910
1744827252856 9.94818652849741 1920
1744827262466 10.0 1930
1744827285388 10.0 1930
1744827298132 10.05181347150259 1940
1744827308213 10.103626943005182 1950
1744827318827 10.155440414507773 1960
1744827328955 10.207253886010363 1970
1744827339492 10.259067357512953 1980
1744827349779 10.310880829015543 1990
1744827359837 10.362694300518134 2000
1744827370721 10.414507772020725 2010
1744827380835 10.466321243523316 2020
1744827391572 10.518134715025907 2030
1744827401836 10.569948186528498 2040
1744827412292 10.621761658031089 2050
1744827422933 10.67357512953368 2060
1744827433177 10.72538860103627 2070
1744827443789 10.77720207253886 2080
1744827453932 10.82901554404145 2090
1744827464126 10.880829015544041 2100
1744827474350 10.932642487046632 2110
1744827484428 10.984455958549223 2120
1744827509903 11.0 2123
1744827519429 11.036269430051814 2130
1744827529850 11.088082901554404 2140
1744827539933 11.139896373056995 2150
1744827550026 11.191709844559586 2160
1744827560191 11.243523316062177 2170
1744827570427 11.295336787564766 2180
1744827580741 11.347150259067357 2190
1744827590851 11.398963730569948 2200
1744827601075 11.450777202072539 2210
1744827611162 11.50259067357513 2220
1744827621554 11.55440414507772 2230
1744827631920 11.606217616580311 2240
1744827642180 11.658031088082902 2250
1744827652690 11.709844559585493 2260
1744827662877 11.761658031088082 2270
1744827673159 11.813471502590673 2280
1744827683821 11.865284974093264 2290
1744827694267 11.917098445595855 2300
1744827704496 11.968911917098445 2310
1744827733076 12.0 2316
1744827739480 12.020725388601036 2320
1744827749602 12.072538860103627 2330
1744827760152 12.124352331606218 2340
1744827770538 12.176165803108809 2350
1744827780899 12.2279792746114 2360
1744827791319 12.279792746113989 2370
1744827801537 12.33160621761658 2380
1744827811988 12.38341968911917 2390
1744827822142 12.435233160621761 2400
1744827832460 12.487046632124352 2410
1744827842760 12.538860103626943 2420
1744827852854 12.590673575129534 2430
1744827863294 12.642487046632125 2440
1744827873868 12.694300518134716 2450
1744827884290 12.746113989637305 2460
1744827894788 12.797927461139896 2470
1744827905203 12.849740932642487 2480
1744827915515 12.901554404145077 2490
1744827925931 12.953367875647668 2500
1744827957699 13.0 2509
1744827960955 13.005181347150259 2510
1744827971254 13.05699481865285 2520
1744827981376 13.10880829015544 2530
1744827991917 13.160621761658032 2540
1744828002141 13.212435233160623 2550
1744828012645 13.264248704663212 2560
1744828023183 13.316062176165802 2570
1744828033333 13.367875647668393 2580
1744828043571 13.419689119170984 2590
1744828053758 13.471502590673575 2600
1744828064171 13.523316062176166 2610
1744828074497 13.575129533678757 2620
1744828084924 13.626943005181348 2630
1744828095417 13.678756476683938 2640
1744828106087 13.73056994818653 2650
1744828116589 13.782383419689118 2660
1744828126732 13.83419689119171 2670
1744828136970 13.8860103626943 2680
1744828147252 13.937823834196891 2690
1744828157330 13.989637305699482 2700
1744828182035 14.0 2702
1744828192484 14.041450777202073 2710
1744828202796 14.093264248704664 2720
1744828212977 14.145077720207254 2730
1744828223276 14.196891191709845 2740
1744828233590 14.248704663212436 2750
1744828244337 14.300518134715025 2760
1744828254699 14.352331606217616 2770
1744828265041 14.404145077720207 2780
1744828275647 14.455958549222798 2790
1744828285950 14.507772020725389 2800
1744828296385 14.55958549222798 2810
1744828306918 14.61139896373057 2820
1744828317091 14.663212435233161 2830
1744828327525 14.715025906735752 2840
1744828337609 14.766839378238341 2850
1744828348195 14.818652849740932 2860
1744828358516 14.870466321243523 2870
1744828368863 14.922279792746114 2880
1744828379129 14.974093264248705 2890
1744828406452 15.0 2895
1744828413984 15.025906735751295 2900
1744828424166 15.077720207253886 2910
1744828434669 15.129533678756477 2920
1744828445079 15.181347150259068 2930
1744828455558 15.233160621761659 2940
1744828465841 15.284974093264248 2950
1744828475989 15.336787564766839 2960
1744828486607 15.38860103626943 2970
1744828496692 15.44041450777202 2980
1744828507005 15.492227979274611 2990
1744828517773 15.544041450777202 3000
1744828528362 15.595854922279793 3010
1744828538988 15.647668393782384 3020
1744828549355 15.699481865284975 3030
1744828559927 15.751295336787564 3040
1744828570213 15.803108808290155 3050
1744828580454 15.854922279792746 3060
1744828591037 15.906735751295336 3070
1744828601534 15.958549222797927 3080
1744828632505 16.0 3088
1744828636723 16.010362694300518 3090
1744828647260 16.06217616580311 3100
1744828657368 16.1139896373057 3110
1744828667598 16.16580310880829 3120
1744828677836 16.21761658031088 3130
1744828688011 16.269430051813472 3140
1744828698206 16.321243523316063 3150
1744828708279 16.373056994818654 3160
1744828718566 16.424870466321245 3170
1744828728729 16.476683937823836 3180
1744828738913 16.528497409326423 3190
1744828749309 16.580310880829014 3200
1744828759697 16.632124352331605 3210
1744828769976 16.683937823834196 3220
1744828780395 16.735751295336787 3230
1744828790765 16.787564766839377 3240
1744828801299 16.83937823834197 3250
1744828811963 16.89119170984456 3260
1744828822243 16.94300518134715 3270
1744828832383 16.99481865284974 3280
1744828856108 17.0 3281
1744828867477 17.04663212435233 3290
1744828877727 17.098445595854923 3300
1744828887906 17.150259067357513 3310
1744828898500 17.202072538860104 3320
1744828909184 17.253886010362695 3330
1744828919297 17.305699481865286 3340
1744828929940 17.357512953367877 3350
1744828940117 17.409326424870468 3360
1744828950424 17.46113989637306 3370
1744828960709 17.512953367875646 3380
1744828971214 17.564766839378237 3390
1744828981523 17.616580310880828 3400
1744828991819 17.66839378238342 3410
1744829002435 17.72020725388601 3420
1744829012711 17.7720207253886 3430
1744829023179 17.82383419689119 3440
1744829033410 17.875647668393782 3450
1744829043550 17.927461139896373 3460
1744829054052 17.979274611398964 3470
1744829080538 18.0 3474
1744829089113 18.031088082901555 3480
1744829099293 18.082901554404145 3490
1744829109487 18.134715025906736 3500
1744829119721 18.186528497409327 3510
1744829129894 18.238341968911918 3520
1744829140095 18.29015544041451 3530
1744829150255 18.3419689119171 3540
1744829160500 18.39378238341969 3550
1744829170577 18.44559585492228 3560
1744829180778 18.497409326424872 3570
1744829190900 18.54922279792746 3580
1744829201127 18.60103626943005 3590
1744829211680 18.65284974093264 3600
1744829221997 18.704663212435232 3610
1744829232563 18.756476683937823 3620
1744829242811 18.808290155440414 3630
1744829253355 18.860103626943005 3640
1744829263724 18.911917098445596 3650
1744829273931 18.963730569948186 3660
1744829303120 19.0 3667
1744829308287 19.015544041450777 3670
1744829318513 19.067357512953368 3680
1744829328567 19.11917098445596 3690
1744829338758 19.17098445595855 3700
1744829349006 19.22279792746114 3710
1744829359310 19.27461139896373 3720
1744829369468 19.326424870466322 3730
1744829379652 19.378238341968913 3740
1744829389876 19.430051813471504 3750
1744829400039 19.481865284974095 3760
1744829410323 19.533678756476682 3770
1744829420584 19.585492227979273 3780
1744829430798 19.637305699481864 3790
1744829441339 19.689119170984455 3800
1744829451840 19.740932642487046 3810
1744829462240 19.792746113989637 3820
1744829472736 19.844559585492227 3830
1744829482944 19.89637305699482 3840
1744829493339 19.94818652849741 3850
1744829502985 20.0 3860
1744829526197 20.0 3860
1744829538702 20.05181347150259 3870
1744829549192 20.10362694300518 3880
1744829559516 20.155440414507773 3890
1744829569558 20.207253886010363 3900
1744829579749 20.259067357512954 3910
1744829589990 20.310880829015545 3920
1744829600293 20.362694300518136 3930
1744829610593 20.414507772020727 3940
1744829620911 20.466321243523318 3950
1744829631356 20.518134715025905 3960
1744829641800 20.569948186528496 3970
1744829652002 20.621761658031087 3980
1744829662107 20.673575129533678 3990
1744829672438 20.72538860103627 4000
1744829682542 20.77720207253886 4010
1744829692767 20.82901554404145 4020
1744829703101 20.88082901554404 4030
1744829713562 20.932642487046632 4040
1744829724366 20.984455958549223 4050
1744829749737 21.0 4053
1744829759544 21.036269430051814 4060
1744829769717 21.088082901554404 4070
1744829779955 21.139896373056995 4080
1744829790261 21.191709844559586 4090
1744829800334 21.243523316062177 4100
1744829810553 21.295336787564768 4110
1744829820986 21.34715025906736 4120
1744829831182 21.39896373056995 4130
1744829841671 21.45077720207254 4140
1744829851939 21.502590673575128 4150
1744829862323 21.55440414507772 4160
1744829872701 21.60621761658031 4170
1744829882985 21.6580310880829 4180
1744829893104 21.70984455958549 4190
1744829903694 21.761658031088082 4200
1744829914261 21.813471502590673 4210
1744829924690 21.865284974093264 4220
1744829935451 21.917098445595855 4230
1744829945792 21.968911917098445 4240
1744829974243 22.0 4246
1744829980483 22.020725388601036 4250
1744829990851 22.072538860103627 4260
1744830000997 22.124352331606218 4270
1744830011293 22.17616580310881 4280
1744830021538 22.2279792746114 4290
1744830032014 22.27979274611399 4300
1744830042204 22.33160621761658 4310
1744830052246 22.383419689119172 4320
1744830062578 22.435233160621763 4330
1744830072778 22.487046632124354 4340
1744830082952 22.53886010362694 4350
1744830093283 22.590673575129532 4360
1744830103454 22.642487046632123 4370
1744830113722 22.694300518134714 4380
1744830123825 22.746113989637305 4390
1744830134024 22.797927461139896 4400
1744830144224 22.849740932642487 4410
1744830154459 22.901554404145077 4420
1744830164939 22.95336787564767 4430
1744830196368 23.0 4439
1744830199723 23.00518134715026 4440
1744830209914 23.05699481865285 4450
1744830220256 23.10880829015544 4460
1744830230476 23.16062176165803 4470
1744830240785 23.212435233160623 4480
1744830251250 23.264248704663213 4490
1744830261595 23.316062176165804 4500
1744830271896 23.367875647668395 4510
1744830282157 23.419689119170986 4520
1744830292615 23.471502590673577 4530
1744830302817 23.523316062176164 4540
1744830313091 23.575129533678755 4550
1744830323444 23.626943005181346 4560
1744830333798 23.678756476683937 4570
1744830344190 23.730569948186528 4580
1744830354427 23.78238341968912 4590
1744830364528 23.83419689119171 4600
1744830374954 23.8860103626943 4610
1744830385451 23.93782383419689 4620
1744830395700 23.989637305699482 4630
1744830419974 24.0 4632
1744830430361 24.041450777202073 4640
1744830441118 24.093264248704664 4650
1744830452059 24.145077720207254 4660
1744830462424 24.196891191709845 4670
1744830472779 24.248704663212436 4680
1744830483210 24.300518134715027 4690
1744830493321 24.352331606217618 4700
1744830503696 24.40414507772021 4710
1744830513759 24.4559585492228 4720
1744830524135 24.50777202072539 4730
1744830534378 24.559585492227978 4740
1744830544535 24.61139896373057 4750
1744830555034 24.66321243523316 4760
1744830565441 24.71502590673575 4770
1744830575742 24.76683937823834 4780
1744830586320 24.818652849740932 4790
1744830596752 24.870466321243523 4800
1744830607120 24.922279792746114 4810
1744830617252 24.974093264248705 4820
1744830644721 25.0 4825
1744830652039 25.025906735751295 4830
1744830662565 25.077720207253886 4840
1744830672745 25.129533678756477 4850
1744830682845 25.181347150259068 4860
1744830693078 25.23316062176166 4870
1744830703350 25.28497409326425 4880
1744830714285 25.33678756476684 4890
1744830724830 25.38860103626943 4900
1744830735182 25.440414507772022 4910
1744830745472 25.49222797927461 4920
1744830755729 25.5440414507772 4930
1744830766186 25.59585492227979 4940
1744830776463 25.647668393782382 4950
1744830786814 25.699481865284973 4960
1744830797197 25.751295336787564 4970
1744830807485 25.803108808290155 4980
1744830817791 25.854922279792746 4990
1744830827972 25.906735751295336 5000
1744830838230 25.958549222797927 5010
1744830868622 26.0 5018
1744830872899 26.010362694300518 5020
1744830883086 26.06217616580311 5030
1744830893273 26.1139896373057 5040
1744830903718 26.16580310880829 5050
1744830913982 26.21761658031088 5060
1744830924282 26.269430051813472 5070
1744830934339 26.321243523316063 5080
1744830944613 26.373056994818654 5090
1744830954782 26.424870466321245 5100
1744830965044 26.476683937823836 5110
1744830975238 26.528497409326423 5120
1744830985307 26.580310880829014 5130
1744830995504 26.632124352331605 5140
1744831005856 26.683937823834196 5150
1744831016453 26.735751295336787 5160
1744831026942 26.787564766839377 5170
1744831037487 26.83937823834197 5180
1744831047864 26.89119170984456 5190
1744831058249 26.94300518134715 5200
1744831068269 26.99481865284974 5210
1744831091889 27.0 5211
1744831103697 27.04663212435233 5220
1744831114035 27.098445595854923 5230
1744831124559 27.150259067357513 5240
1744831135032 27.202072538860104 5250
1744831145460 27.253886010362695 5260
1744831155781 27.305699481865286 5270
1744831166059 27.357512953367877 5280
1744831176343 27.409326424870468 5290
1744831186574 27.46113989637306 5300
1744831196872 27.512953367875646 5310
1744831207256 27.564766839378237 5320
1744831217352 27.616580310880828 5330
1744831228088 27.66839378238342 5340
1744831238800 27.72020725388601 5350
1744831249192 27.7720207253886 5360
1744831259389 27.82383419689119 5370
1744831269811 27.875647668393782 5380
1744831280256 27.927461139896373 5390
1744831290321 27.979274611398964 5400
1744831316898 28.0 5404
1744831325352 28.031088082901555 5410
1744831335694 28.082901554404145 5420
1744831345932 28.134715025906736 5430
1744831355999 28.186528497409327 5440
1744831366465 28.238341968911918 5450
1744831376658 28.29015544041451 5460
1744831386984 28.3419689119171 5470
1744831397209 28.39378238341969 5480
1744831407259 28.44559585492228 5490
1744831417504 28.497409326424872 5500
1744831427915 28.54922279792746 5510
1744831438214 28.60103626943005 5520
1744831448361 28.65284974093264 5530
1744831458657 28.704663212435232 5540
1744831469009 28.756476683937823 5550
1744831479246 28.808290155440414 5560
1744831489755 28.860103626943005 5570
1744831500010 28.911917098445596 5580
1744831510222 28.963730569948186 5590
1744831540004 29.0 5597
1744831545243 29.015544041450777 5600
1744831555898 29.067357512953368 5610
1744831566579 29.11917098445596 5620
1744831577480 29.17098445595855 5630
1744831587831 29.22279792746114 5640
1744831598280 29.27461139896373 5650
1744831608377 29.326424870466322 5660
1744831618864 29.378238341968913 5670
1744831629339 29.430051813471504 5680
1744831639468 29.481865284974095 5690
1744831649665 29.533678756476682 5700
1744831659757 29.585492227979273 5710
1744831670300 29.637305699481864 5720
1744831680652 29.689119170984455 5730
1744831690962 29.740932642487046 5740
1744831701567 29.792746113989637 5750
1744831711838 29.844559585492227 5760
1744831722131 29.89637305699482 5770
1744831732704 29.94818652849741 5780
1744831742571 30.0 5790
1744831765665 30.0 5790
1744831767570 30.0 5790
1744831768193 30.0 0
1744831791481 30.0 5790
