1744825054228 4.315286159515381 10
1744825065005 4.0804762840271 20
1744825075420 4.153212547302246 30
1744825086010 4.503870964050293 40
1744825096318 4.20453405380249 50
1744825106827 3.868511438369751 60
1744825117253 4.118377208709717 70
1744825127776 3.8083813190460205 80
1744825138409 3.7228622436523438 90
1744825148685 4.099087715148926 100
1744825159093 3.633047103881836 110
1744825169496 3.850496292114258 120
1744825179978 3.461400032043457 130
1744825190267 3.951040029525757 140
1744825200916 3.729778289794922 150
1744825211216 3.9437503814697266 160
1744825221460 3.4943177700042725 170
1744825232069 3.3467612266540527 180
1744825242538 3.5433731079101562 190
1744825278937 3.5844292640686035 200
1744825289186 4.1282830238342285 210
1744825299557 5.007554531097412 220
1744825309700 4.328939914703369 230
1744825320146 3.289440870285034 240
1744825330513 3.5356075763702393 250
1744825340783 4.0802788734436035 260
1744825351404 3.9158072471618652 270
1744825361491 3.6789934635162354 280
1744825372048 3.69791316986084 290
1744825382319 3.781834125518799 300
1744825393224 4.588512897491455 310
1744825403833 3.644350528717041 320
1744825413982 3.1507956981658936 330
1744825424248 4.262577533721924 340
1744825434418 3.670525312423706 350
1744825444736 4.067938804626465 360
1744825455168 3.83440899848938 370
1744825465411 3.2816929817199707 380
1744825500384 3.7525558471679688 390
1744825510622 3.6799535751342773 400
1744825520947 3.114149808883667 410
1744825531285 3.58842134475708 420
1744825541441 2.9360511302948 430
1744825551703 5.730282783508301 440
1744825562095 3.9862167835235596 450
1744825572222 3.5868172645568848 460
1744825582452 3.023324966430664 470
1744825592713 4.467705726623535 480
1744825603024 3.648603916168213 490
1744825613358 4.062986373901367 500
1744825623640 3.551011085510254 510
1744825633966 4.343512058258057 520
1744825644167 3.93349552154541 530
1744825654609 3.7684555053710938 540
1744825664977 3.080052375793457 550
1744825675474 3.822962760925293 560
1744825685775 3.704501152038574 570
1744825720282 4.53293514251709 580
1744825730400 3.9115593433380127 590
1744825740586 2.751189708709717 600
1744825750680 3.190912961959839 610
1744825761151 3.311744213104248 620
1744825771267 2.8610928058624268 630
1744825781438 3.1072425842285156 640
1744825791676 3.542297124862671 650
1744825801745 3.693600654602051 660
1744825812165 3.2239084243774414 670
1744825822267 4.007428169250488 680
1744825832530 3.364978551864624 690
1744825843094 3.9065022468566895 700
1744825853425 3.1311163902282715 710
1744825864001 4.60758113861084 720
1744825874166 3.7967565059661865 730
1744825884495 3.7382194995880127 740
1744825894997 3.5767316818237305 750
1744825905466 3.383070945739746 760
1744825915656 3.3947041034698486 770
1744825950250 3.4346253871917725 780
1744825960436 2.6985535621643066 790
1744825970727 2.851269245147705 800
1744825980819 3.4426681995391846 810
1744825991332 3.3821308612823486 820
1744826001755 2.9358713626861572 830
1744826011890 2.6474883556365967 840
1744826022197 4.2511677742004395 850
1744826032336 4.250259876251221 860
1744826042560 3.1237668991088867 870
1744826053027 3.0072293281555176 880
1744826063448 4.319289207458496 890
1744826073940 3.0330333709716797 900
1744826084603 3.4628100395202637 910
1744826095268 3.195369005203247 920
1744826105497 3.019728422164917 930
1744826115735 3.622591257095337 940
1744826126344 3.1360223293304443 950
1744826136622 2.5597307682037354 960
1744826172213 2.7205264568328857 970
1744826182590 2.8584325313568115 980
1744826193003 2.1882572174072266 990
1744826203445 3.8834874629974365 1000
1744826213579 3.231250762939453 1010
1744826224128 2.8814592361450195 1020
1744826234538 2.7230827808380127 1030
1744826244790 2.8496673107147217 1040
1744826255162 2.5370450019836426 1050
1744826265317 3.023158311843872 1060
1744826275540 3.246731996536255 1070
1744826286042 3.4439809322357178 1080
1744826296579 2.821913957595825 1090
1744826307078 3.20849871635437 1100
1744826317160 2.9014217853546143 1110
1744826327660 3.0458266735076904 1120
1744826337795 3.273420810699463 1130
1744826348146 3.3981876373291016 1140
1744826358447 2.898099660873413 1150
1744826394104 2.996293306350708 1160
1744826404371 3.517446279525757 1170
1744826414605 2.394697904586792 1180
1744826424800 3.262288808822632 1190
1744826434982 3.7336366176605225 1200
1744826445192 2.8165571689605713 1210
1744826455393 3.5501344203948975 1220
1744826465683 2.763784408569336 1230
1744826475774 3.0211143493652344 1240
1744826486407 2.7506844997406006 1250
1744826496796 3.1698896884918213 1260
1744826507151 2.7735486030578613 1270
1744826517369 2.897907018661499 1280
1744826527607 3.182528257369995 1290
1744826537880 3.2215640544891357 1300
1744826548108 3.508983612060547 1310
1744826558555 3.4229960441589355 1320
1744826568801 3.049267530441284 1330
1744826579059 3.469022274017334 1340
1744826589457 2.5810341835021973 1350
1744826624612 2.658473253250122 1360
1744826634805 3.335158109664917 1370
1744826645032 2.559091091156006 1380
1744826655125 3.632827043533325 1390
1744826665633 2.563478946685791 1400
1744826676112 2.654954671859741 1410
1744826686370 2.901106119155884 1420
1744826696681 3.472679615020752 1430
1744826706833 2.1451730728149414 1440
1744826717069 3.005366086959839 1450
1744826727416 3.100912094116211 1460
1744826737636 2.742131471633911 1470
1744826747900 2.6745412349700928 1480
1744826758399 2.722999095916748 1490
1744826768827 3.4099209308624268 1500
1744826779139 2.689375877380371 1510
1744826789425 2.8422887325286865 1520
1744826799791 3.1851768493652344 1530
1744826809896 3.1525368690490723 1540
1744826844569 2.093493700027466 1550
1744826855024 2.8589422702789307 1560
1744826865107 2.493352174758911 1570
1744826875246 2.411877393722534 1580
1744826885502 2.290788173675537 1590
1744826896097 3.0928635597229004 1600
1744826906499 3.183014154434204 1610
1744826917053 2.517335891723633 1620
1744826927353 2.7335472106933594 1630
1744826937859 2.2921009063720703 1640
1744826948113 4.093107223510742 1650
1744826958336 3.005272150039673 1660
1744826968739 2.5030930042266846 1670
1744826979436 2.565140962600708 1680
1744826989717 3.210710048675537 1690
1744827000204 4.082828998565674 1700
1744827010455 2.5520238876342773 1710
1744827020690 2.7654266357421875 1720
1744827031128 3.184377908706665 1730
1744827065627 2.712374448776245 1740
1744827075906 4.707273483276367 1750
1744827086400 1.9779036045074463 1760
1744827096681 3.03899884223938 1770
1744827107215 4.355111598968506 1780
1744827117493 2.064039707183838 1790
1744827127675 2.7593700885772705 1800
1744827138338 2.7520976066589355 1810
1744827148959 3.048896074295044 1820
1744827159433 2.4603753089904785 1830
1744827169521 2.2355711460113525 1840
1744827180408 3.4439218044281006 1850
1744827191119 2.5616674423217773 1860
1744827201540 3.132061004638672 1870
1744827211980 2.762716054916382 1880
1744827222069 3.0623481273651123 1890
1744827232247 2.9978320598602295 1900
1744827242314 2.340423345565796 1910
1744827252856 2.482825517654419 1920
1744827262466 3.599876642227173 1930
1744827298132 2.869013547897339 1940
1744827308213 2.5176596641540527 1950
1744827318827 2.290680408477783 1960
1744827328955 2.6865999698638916 1970
1744827339492 2.6597414016723633 1980
1744827349779 2.891953945159912 1990
1744827359837 2.64874005317688 2000
1744827370721 2.7917582988739014 2010
1744827380835 2.351043939590454 2020
1744827391572 3.029461622238159 2030
1744827401836 2.3848953247070312 2040
1744827412292 2.331115484237671 2050
1744827422933 2.881234645843506 2060
1744827433177 2.473902463912964 2070
1744827443789 3.087693691253662 2080
1744827453932 2.258087396621704 2090
1744827464126 2.2492668628692627 2100
1744827474350 3.3934450149536133 2110
1744827484428 2.308320999145508 2120
1744827519429 2.032228946685791 2130
1744827529850 3.256380081176758 2140
1744827539933 2.9084465503692627 2150
1744827550026 2.998675584793091 2160
1744827560191 3.294696092605591 2170
1744827570427 2.5595762729644775 2180
1744827580741 2.982503890991211 2190
1744827590851 2.5862276554107666 2200
1744827601075 2.3010332584381104 2210
1744827611162 3.2128517627716064 2220
1744827621554 2.796280860900879 2230
1744827631920 1.9921938180923462 2240
1744827642180 2.8912131786346436 2250
1744827652690 2.6310133934020996 2260
1744827662877 1.9809162616729736 2270
1744827673159 2.693070650100708 2280
1744827683821 2.815906524658203 2290
1744827694267 2.8999900817871094 2300
1744827704496 3.3318140506744385 2310
1744827739480 1.9055309295654297 2320
1744827749602 2.5191900730133057 2330
1744827760152 2.649152994155884 2340
1744827770538 1.8368337154388428 2350
1744827780899 2.6994285583496094 2360
1744827791319 3.0560498237609863 2370
1744827801537 3.806976556777954 2380
1744827811988 2.8912622928619385 2390
1744827822142 3.090275287628174 2400
1744827832460 2.462963819503784 2410
1744827842760 2.4626476764678955 2420
1744827852854 2.6266143321990967 2430
1744827863294 2.724824905395508 2440
1744827873868 2.8139803409576416 2450
1744827884290 2.907440662384033 2460
1744827894788 3.1017398834228516 2470
1744827905203 2.7554540634155273 2480
1744827915515 3.565838098526001 2490
1744827925931 2.575868606567383 2500
1744827960955 2.239767551422119 2510
1744827971254 2.451768636703491 2520
1744827981376 2.324699640274048 2530
1744827991917 2.695376396179199 2540
1744828002141 3.2090306282043457 2550
1744828012645 1.966719627380371 2560
1744828023183 2.86649751663208 2570
1744828033333 3.0182716846466064 2580
1744828043571 2.0767858028411865 2590
1744828053758 2.246958017349243 2600
1744828064171 1.8117763996124268 2610
1744828074497 2.569711446762085 2620
1744828084924 2.3172972202301025 2630
1744828095417 3.3725311756134033 2640
1744828106087 2.0608792304992676 2650
1744828116589 3.68770170211792 2660
1744828126732 4.508544921875 2670
1744828136970 3.391085624694824 2680
1744828147252 2.1575851440429688 2690
1744828157330 2.68434739112854 2700
1744828192484 2.361467123031616 2710
1744828202796 3.2435476779937744 2720
1744828212977 2.1243348121643066 2730
1744828223276 2.27250599861145 2740
1744828233590 2.6500322818756104 2750
1744828244337 2.1387884616851807 2760
1744828254699 2.796995162963867 2770
1744828265041 2.887377977371216 2780
1744828275647 2.551245927810669 2790
1744828285950 3.1739323139190674 2800
1744828296385 2.875332832336426 2810
1744828306918 2.8408262729644775 2820
1744828317091 2.9010565280914307 2830
1744828327525 1.6855952739715576 2840
1744828337609 2.666271686553955 2850
1744828348195 2.474374294281006 2860
1744828358516 2.143073797225952 2870
1744828368863 1.7941906452178955 2880
1744828379129 1.8528430461883545 2890
1744828413984 2.2231802940368652 2900
1744828424166 2.4004106521606445 2910
1744828434669 3.7789063453674316 2920
1744828445079 3.0665059089660645 2930
1744828455558 1.4445031881332397 2940
1744828465841 2.4323694705963135 2950
1744828475989 2.576058864593506 2960
1744828486607 2.802884817123413 2970
1744828496692 2.623983383178711 2980
1744828507005 3.142963409423828 2990
1744828517773 2.9443862438201904 3000
1744828528362 1.9722868204116821 3010
1744828538988 2.4645206928253174 3020
1744828549355 2.0995330810546875 3030
1744828559927 3.407688617706299 3040
1744828570213 3.0798730850219727 3050
1744828580454 2.261160135269165 3060
1744828591037 2.952738046646118 3070
1744828601534 2.527038335800171 3080
1744828636723 2.2061612606048584 3090
1744828647260 2.346724510192871 3100
1744828657368 1.7060942649841309 3110
1744828667598 3.520711898803711 3120
1744828677836 2.6641249656677246 3130
1744828688011 1.901410460472107 3140
1744828698206 2.254877805709839 3150
1744828708279 2.687978982925415 3160
1744828718566 1.790932536125183 3170
1744828728729 2.9232165813446045 3180
1744828738913 2.3443522453308105 3190
1744828749309 2.853224515914917 3200
1744828759697 2.1507444381713867 3210
1744828769976 2.2137465476989746 3220
1744828780395 3.428694009780884 3230
1744828790765 2.7138404846191406 3240
1744828801299 2.3797216415405273 3250
1744828811963 1.9874986410140991 3260
1744828822243 1.7832815647125244 3270
1744828832383 2.1615474224090576 3280
1744828867477 1.9647377729415894 3290
1744828877727 2.4540908336639404 3300
1744828887906 2.258188486099243 3310
1744828898500 1.9877465963363647 3320
1744828909184 1.648930311203003 3330
1744828919297 2.690413236618042 3340
1744828929940 2.570293664932251 3350
1744828940117 2.4740817546844482 3360
1744828950424 3.0569984912872314 3370
1744828960709 2.874267339706421 3380
1744828971214 2.9836924076080322 3390
1744828981523 1.9646073579788208 3400
1744828991819 2.065225124359131 3410
1744829002435 2.4926388263702393 3420
1744829012711 1.901667594909668 3430
1744829023179 1.5820587873458862 3440
1744829033410 3.477396249771118 3450
1744829043550 2.6985061168670654 3460
1744829054052 2.9769225120544434 3470
1744829089113 2.415719747543335 3480
1744829099293 1.4629663228988647 3490
1744829109487 2.555260419845581 3500
1744829119721 1.971864104270935 3510
1744829129894 2.1717844009399414 3520
1744829140095 3.103583812713623 3530
1744829150255 2.769538402557373 3540
1744829160500 2.579127550125122 3550
1744829170577 2.559492826461792 3560
1744829180778 3.008382558822632 3570
1744829190900 2.9178152084350586 3580
1744829201127 1.7108889818191528 3590
1744829211680 2.3924686908721924 3600
1744829221997 2.075472831726074 3610
1744829232563 1.6530810594558716 3620
1744829242811 3.507014036178589 3630
1744829253355 2.775665283203125 3640
1744829263724 1.8515721559524536 3650
1744829273931 1.8657258749008179 3660
1744829308287 1.9824823141098022 3670
1744829318513 1.7446645498275757 3680
1744829328567 2.065474033355713 3690
1744829338758 2.3613154888153076 3700
1744829349006 3.1316375732421875 3710
1744829359310 2.8828225135803223 3720
1744829369468 2.163160562515259 3730
1744829379652 1.5921404361724854 3740
1744829389876 2.7017154693603516 3750
1744829400039 1.91781485080719 3760
1744829410323 2.348609209060669 3770
1744829420584 2.185184955596924 3780
1744829430798 2.7752127647399902 3790
1744829441339 1.8739135265350342 3800
1744829451840 1.9807991981506348 3810
1744829462240 2.3768513202667236 3820
1744829472736 2.322528123855591 3830
1744829482944 2.2508044242858887 3840
1744829493339 2.9273486137390137 3850
1744829502985 2.4665040969848633 3860
1744829538702 1.5286635160446167 3870
1744829549192 2.2898762226104736 3880
1744829559516 2.2709944248199463 3890
1744829569558 2.1836254596710205 3900
1744829579749 2.475184679031372 3910
1744829589990 2.163015365600586 3920
1744829600293 2.3443286418914795 3930
1744829610593 2.290809392929077 3940
1744829620911 2.3359696865081787 3950
1744829631356 1.74580979347229 3960
1744829641800 1.450358510017395 3970
1744829652002 2.5198519229888916 3980
1744829662107 2.4538302421569824 3990
1744829672438 1.6336088180541992 4000
1744829682542 2.67449688911438 4010
1744829692767 2.9322874546051025 4020
1744829703101 2.591099262237549 4030
1744829713562 1.877733826637268 4040
1744829724366 2.181455373764038 4050
1744829759544 2.2521896362304688 4060
1744829769717 1.8949905633926392 4070
1744829779955 1.6344244480133057 4080
1744829790261 2.122715950012207 4090
1744829800334 2.281224489212036 4100
1744829810553 1.8938682079315186 4110
1744829820986 2.2040817737579346 4120
1744829831182 1.7596702575683594 4130
1744829841671 2.541530132293701 4140
1744829851939 2.6106674671173096 4150
1744829862323 2.0501651763916016 4160
1744829872701 2.024813175201416 4170
1744829882985 1.9480364322662354 4180
1744829893104 2.823248863220215 4190
1744829903694 2.197573184967041 4200
1744829914261 1.7345716953277588 4210
1744829924690 2.094292640686035 4220
1744829935451 1.9826096296310425 4230
1744829945792 1.8637396097183228 4240
1744829980483 2.493431806564331 4250
1744829990851 2.4014337062835693 4260
1744830000997 2.304152250289917 4270
1744830011293 2.05191707611084 4280
1744830021538 1.9328429698944092 4290
1744830032014 2.2533645629882812 4300
1744830042204 2.709005832672119 4310
1744830052246 2.382582426071167 4320
1744830062578 1.8204307556152344 4330
1744830072778 2.226752758026123 4340
1744830082952 2.186103582382202 4350
1744830093283 2.319343090057373 4360
1744830103454 2.0178744792938232 4370
1744830113722 2.645751476287842 4380
1744830123825 1.6882820129394531 4390
1744830134024 1.6948357820510864 4400
1744830144224 2.0845775604248047 4410
1744830154459 2.1558120250701904 4420
1744830164939 2.2646725177764893 4430
1744830199723 2.5719430446624756 4440
1744830209914 1.3349992036819458 4450
1744830220256 2.4450926780700684 4460
1744830230476 1.9353617429733276 4470
1744830240785 2.1488888263702393 4480
1744830251250 1.726941704750061 4490
1744830261595 2.7420365810394287 4500
1744830271896 2.152413845062256 4510
1744830282157 2.543205499649048 4520
1744830292615 1.8079733848571777 4530
1744830302817 2.3925728797912598 4540
1744830313091 2.2939226627349854 4550
1744830323444 1.9056615829467773 4560
1744830333798 2.206932544708252 4570
1744830344190 2.844980001449585 4580
1744830354427 2.3096375465393066 4590
1744830364528 2.763000011444092 4600
1744830374954 2.473050117492676 4610
1744830385451 2.541560411453247 4620
1744830395700 2.4927501678466797 4630
1744830430361 1.7806906700134277 4640
1744830441118 2.3639180660247803 4650
1744830452059 2.1768503189086914 4660
1744830462424 2.235617160797119 4670
1744830472779 2.0908453464508057 4680
1744830483210 2.2812464237213135 4690
1744830493321 1.5064805746078491 4700
1744830503696 1.9703247547149658 4710
1744830513759 2.412538528442383 4720
1744830524135 2.389528274536133 4730
1744830534378 4.392491817474365 4740
1744830544535 1.5529251098632812 4750
1744830555034 2.688214063644409 4760
1744830565441 1.6968008279800415 4770
1744830575742 2.174527883529663 4780
1744830586320 2.0918893814086914 4790
1744830596752 1.4498926401138306 4800
1744830607120 2.6608476638793945 4810
1744830617252 1.6967366933822632 4820
1744830652039 2.760880470275879 4830
1744830662565 2.038569211959839 4840
1744830672745 1.4324944019317627 4850
1744830682845 1.9914228916168213 4860
1744830693078 3.2380564212799072 4870
1744830703350 1.7790882587432861 4880
1744830714285 2.314166784286499 4890
1744830724830 2.464503049850464 4900
1744830735182 2.3378548622131348 4910
1744830745472 2.4326329231262207 4920
1744830755729 2.292529821395874 4930
1744830766186 1.957209587097168 4940
1744830776463 1.775344729423523 4950
1744830786814 1.9892921447753906 4960
1744830797197 1.699581503868103 4970
1744830807485 2.024883508682251 4980
1744830817791 2.4963340759277344 4990
1744830827972 2.5322952270507812 5000
1744830838230 1.8843954801559448 5010
1744830872899 2.281383514404297 5020
1744830883086 2.228630542755127 5030
1744830893273 2.899461269378662 5040
1744830903718 1.7195732593536377 5050
1744830913982 1.6880592107772827 5060
1744830924282 1.8466737270355225 5070
1744830934339 2.1151459217071533 5080
1744830944613 1.9627597332000732 5090
1744830954782 2.1983296871185303 5100
1744830965044 1.8058973550796509 5110
1744830975238 2.5114293098449707 5120
1744830985307 2.007448434829712 5130
1744830995504 1.6279860734939575 5140
1744831005856 2.2813639640808105 5150
1744831016453 2.0956146717071533 5160
1744831026942 2.2245802879333496 5170
1744831037487 2.3530242443084717 5180
1744831047864 1.60794198513031 5190
1744831058249 1.5934693813323975 5200
1744831068269 2.332331418991089 5210
1744831103697 1.7454091310501099 5220
1744831114035 2.067908525466919 5230
1744831124559 2.1861038208007812 5240
1744831135032 1.7230299711227417 5250
1744831145460 2.1671879291534424 5260
1744831155781 2.479962110519409 5270
1744831166059 2.0441014766693115 5280
1744831176343 2.7014098167419434 5290
1744831186574 2.1258256435394287 5300
1744831196872 1.5994113683700562 5310
1744831207256 1.674125075340271 5320
1744831217352 3.0492725372314453 5330
1744831228088 2.0130248069763184 5340
1744831238800 2.0001659393310547 5350
1744831249192 1.8863250017166138 5360
1744831259389 1.9271568059921265 5370
1744831269811 1.6490970849990845 5380
1744831280256 2.3030166625976562 5390
1744831290321 1.8226683139801025 5400
1744831325352 2.820875644683838 5410
1744831335694 2.1109585762023926 5420
1744831345932 1.6338976621627808 5430
1744831355999 2.5001471042633057 5440
1744831366465 1.8863627910614014 5450
1744831376658 1.8703336715698242 5460
1744831386984 1.6612216234207153 5470
1744831397209 2.48356294631958 5480
1744831407259 2.1842899322509766 5490
1744831417504 2.244990348815918 5500
1744831427915 2.0999152660369873 5510
1744831438214 1.6864855289459229 5520
1744831448361 1.8912510871887207 5530
1744831458657 2.484661102294922 5540
1744831469009 2.526139736175537 5550
1744831479246 2.4567208290100098 5560
1744831489755 1.7512003183364868 5570
1744831500010 2.5929107666015625 5580
1744831510222 2.582077741622925 5590
1744831545243 2.0803818702697754 5600
1744831555898 1.7154076099395752 5610
1744831566579 1.796718716621399 5620
1744831577480 1.8561595678329468 5630
1744831587831 2.259317636489868 5640
1744831598280 1.97299325466156 5650
1744831608377 2.4084348678588867 5660
1744831618864 1.8371244668960571 5670
1744831629339 2.5705881118774414 5680
1744831639468 1.5076144933700562 5690
1744831649665 1.934557318687439 5700
1744831659757 1.883012294769287 5710
1744831670300 1.9968464374542236 5720
1744831680652 2.3810434341430664 5730
1744831690962 1.9165620803833008 5740
1744831701567 1.9087135791778564 5750
1744831711838 2.153228998184204 5760
1744831722131 2.3402657508850098 5770
1744831732704 2.2293927669525146 5780
1744831742571 2.480804920196533 5790
