1744825054228 1.5544041450777204e-06 10
1744825065005 3.281519861830743e-06 20
1744825075420 5.008635578583766e-06 30
1744825086010 6.735751295336788e-06 40
1744825096318 8.462867012089811e-06 50
1744825106827 1.0189982728842833e-05 60
1744825117253 1.1917098445595855e-05 70
1744825127776 1.3644214162348878e-05 80
1744825138409 1.53713298791019e-05 90
1744825148685 1.7098445595854924e-05 100
1744825159093 1.8825561312607946e-05 110
1744825169496 2.055267702936097e-05 120
1744825179978 2.227979274611399e-05 130
1744825190267 2.4006908462867013e-05 140
1744825200916 2.5734024179620035e-05 150
1744825211216 2.7461139896373057e-05 160
1744825221460 2.918825561312608e-05 170
1744825232069 3.091537132987911e-05 180
1744825242538 3.264248704663213e-05 190
1744825278937 3.436960276338515e-05 200
1744825289186 3.609671848013817e-05 210
1744825299557 3.78238341968912e-05 220
1744825309700 3.9550949913644216e-05 230
1744825320146 4.127806563039724e-05 240
1744825330513 4.300518134715026e-05 250
1744825340783 4.4732297063903286e-05 260
1744825351404 4.6459412780656305e-05 270
1744825361491 4.818652849740933e-05 280
1744825372048 4.991364421416235e-05 290
1744825382319 5.1640759930915375e-05 300
1744825393224 5.3367875647668394e-05 310
1744825403833 5.509499136442142e-05 320
1744825413982 5.682210708117444e-05 330
1744825424248 5.8549222797927464e-05 340
1744825434418 6.027633851468048e-05 350
1744825444736 6.200345423143351e-05 360
1744825455168 6.373056994818653e-05 370
1744825465411 6.545768566493955e-05 380
1744825500384 6.718480138169257e-05 390
1744825510622 6.89119170984456e-05 400
1744825520947 7.063903281519862e-05 410
1744825531285 7.236614853195165e-05 420
1744825541441 7.409326424870466e-05 430
1744825551703 7.582037996545769e-05 440
1744825562095 7.754749568221071e-05 450
1744825572222 7.927461139896374e-05 460
1744825582452 8.100172711571675e-05 470
1744825592713 8.272884283246978e-05 480
1744825603024 8.44559585492228e-05 490
1744825613358 8.618307426597583e-05 500
1744825623640 8.791018998272885e-05 510
1744825633966 8.963730569948186e-05 520
1744825644167 9.136442141623489e-05 530
1744825654609 9.309153713298792e-05 540
1744825664977 9.481865284974094e-05 550
1744825675474 9.654576856649395e-05 560
1744825685775 9.827288428324698e-05 570
1744825720282 0.0001 580
1744825730400 9.999909135070845e-05 590
1744825740586 9.999636543585953e-05 600
1744825750680 9.999182235452925e-05 610
1744825761151 9.998546227184034e-05 620
1744825771267 9.997728541895616e-05 630
1744825781438 9.996729209307241e-05 640
1744825791676 9.99554826574062e-05 650
1744825801745 9.994185754118294e-05 660
1744825812165 9.992641723962075e-05 670
1744825822267 9.990916231391236e-05 680
1744825832530 9.989009339120482e-05 690
1744825843094 9.986921116457668e-05 700
1744825853425 9.984651639301272e-05 710
1744825864001 9.982200990137647e-05 720
1744825874166 9.97956925803802e-05 730
1744825884495 9.97675653865525e-05 740
1744825894997 9.973762934220357e-05 750
1744825905466 9.970588553538801e-05 760
1744825915656 9.967233511986533e-05 770
1744825950250 9.9636979315058e-05 780
1744825960436 9.959981940600708e-05 790
1744825970727 9.956085674332559e-05 800
1744825980819 9.952009274314935e-05 810
1744825991332 9.947752888708554e-05 820
1744826001755 9.94331667221589e-05 830
1744826011890 9.93870078607554e-05 840
1744826022197 9.933905398056372e-05 850
1744826032336 9.92893068245142e-05 860
1744826042560 9.92377682007156e-05 870
1744826053027 9.918443998238926e-05 880
1744826063448 9.91293241078011e-05 890
1744826073940 9.907242258019113e-05 900
1744826084603 9.901373746770066e-05 910
1744826095268 9.895327090329714e-05 920
1744826105497 9.889102508469658e-05 930
1744826115735 9.882700227428378e-05 940
1744826126344 9.876120479902995e-05 950
1744826136622 9.86936350504083e-05 960
1744826172213 9.862429548430695e-05 970
1744826182590 9.855318862093985e-05 980
1744826193003 9.848031704475501e-05 990
1744826203445 9.840568340434069e-05 1000
1744826213579 9.832929041232907e-05 1010
1744826224128 9.825114084529766e-05 1020
1744826234538 9.817123754366843e-05 1030
1744826244790 9.80895834116045e-05 1040
1744826255162 9.800618141690463e-05 1050
1744826265317 9.792103459089539e-05 1060
1744826275540 9.783414602832086e-05 1070
1744826286042 9.774551888723031e-05 1080
1744826296579 9.76551563888633e-05 1090
1744826307078 9.756306181753261e-05 1100
1744826317160 9.746923852050494e-05 1110
1744826327660 9.737368990787916e-05 1120
1744826337795 9.727641945246246e-05 1130
1744826348146 9.717743068964407e-05 1140
1744826358447 9.70767272172667e-05 1150
1744826394104 9.697431269549597e-05 1160
1744826404371 9.687019084668715e-05 1170
1744826414605 9.676436545525002e-05 1180
1744826424800 9.665684036751123e-05 1190
1744826434982 9.654761949157462e-05 1200
1744826445192 9.643670679717901e-05 1210
1744826455393 9.632410631555407e-05 1220
1744826465683 9.620982213927369e-05 1230
1744826475774 9.609385842210734e-05 1240
1744826486407 9.597621937886898e-05 1250
1744826496796 9.585690928526392e-05 1260
1744826507151 9.573593247773347e-05 1270
1744826517369 9.561329335329725e-05 1280
1744826527607 9.548899636939338e-05 1290
1744826537880 9.536304604371653e-05 1300
1744826548108 9.523544695405365e-05 1310
1744826558555 9.510620373811767e-05 1320
1744826568801 9.49753210933788e-05 1330
1744826579059 9.484280377689401e-05 1340
1744826589457 9.470865660513389e-05 1350
1744826624612 9.457288445380772e-05 1360
1744826634805 9.443549225768629e-05 1370
1744826645032 9.429648501042247e-05 1380
1744826655125 9.415586776436973e-05 1390
1744826665633 9.40136456303985e-05 1400
1744826676112 9.386982377771045e-05 1410
1744826686370 9.372440743365054e-05 1420
1744826696681 9.35774018835171e-05 1430
1744826706833 9.342881247036967e-05 1440
1744826717069 9.327864459483489e-05 1450
1744826727416 9.312690371491009e-05 1460
1744826737636 9.297359534576497e-05 1470
1744826747900 9.28187250595412e-05 1480
1744826758399 9.26622984851498e-05 1490
1744826768827 9.250432130806663e-05 1500
1744826779139 9.234479927012565e-05 1510
1744826789425 9.218373816931038e-05 1520
1744826799791 9.202114385954298e-05 1530
1744826809896 9.185702225047166e-05 1540
1744826844569 9.169137930725576e-05 1550
1744826855024 9.152422105034899e-05 1560
1744826865107 9.135555355528063e-05 1570
1744826875246 9.118538295243468e-05 1580
1744826885502 9.101371542682704e-05 1590
1744826896097 9.084055721788073e-05 1600
1744826906499 9.066591461919912e-05 1610
1744826917053 9.048979397833713e-05 1620
1744826927353 9.03122016965706e-05 1630
1744826937859 9.013314422866357e-05 1640
1744826948113 8.995262808263368e-05 1650
1744826958336 8.977065981951566e-05 1660
1744826968739 8.958724605312287e-05 1670
1744826979436 8.940239344980686e-05 1680
1744826989717 8.921610872821506e-05 1690
1744827000204 8.902839865904675e-05 1700
1744827010455 8.883927006480676e-05 1710
1744827020690 8.864872981955761e-05 1720
1744827031128 8.845678484866964e-05 1730
1744827065627 8.826344212856936e-05 1740
1744827075906 8.806870868648575e-05 1750
1744827086400 8.787259160019504e-05 1760
1744827096681 8.767509799776323e-05 1770
1744827107215 8.747623505728722e-05 1780
1744827117493 8.727601000663382e-05 1790
1744827127675 8.707443012317704e-05 1800
1744827138338 8.687150273353361e-05 1810
1744827148959 8.666723521329668e-05 1820
1744827159433 8.646163498676775e-05 1830
1744827169521 8.625470952668684e-05 1840
1744827180408 8.604646635396086e-05 1850
1744827191119 8.583691303739024e-05 1860
1744827201540 8.56260571933939e-05 1870
1744827211980 8.541390648573237e-05 1880
1744827222069 8.520046862522928e-05 1890
1744827232247 8.498575136949103e-05 1900
1744827242314 8.476976252262492e-05 1910
1744827252856 8.455250993495547e-05 1920
1744827262466 8.433400150273906e-05 1930
1744827298132 8.411424516787698e-05 1940
1744827308213 8.389324891762675e-05 1950
1744827318827 8.367102078431182e-05 1960
1744827328955 8.344756884502962e-05 1970
1744827339492 8.322290122135804e-05 1980
1744827349779 8.299702607906009e-05 1990
1744827359837 8.276995162778736e-05 2000
1744827370721 8.254168612078137e-05 2010
1744827380835 8.23122378545738e-05 2020
1744827391572 8.208161516868485e-05 2030
1744827401836 8.184982644532007e-05 2040
1744827412292 8.161688010906588e-05 2050
1744827422933 8.138278462658318e-05 2060
1744827433177 8.114754850629977e-05 2070
1744827443789 8.0911180298101e-05 2080
1744827453932 8.067368859301908e-05 2090
1744827464126 8.043508202292079e-05 2100
1744827474350 8.019536926019373e-05 2110
1744827484428 7.995455901743124e-05 2120
1744827519429 7.971266004711553e-05 2130
1744827529850 7.946968114129973e-05 2140
1744827539933 7.922563113128829e-05 2150
1744827550026 7.898051888731592e-05 2160
1744827560191 7.873435331822534e-05 2170
1744827570427 7.848714337114331e-05 2180
1744827580741 7.823889803115559e-05 2190
1744827590851 7.798962632098024e-05 2200
1744827601075 7.773933730063981e-05 2210
1744827611162 7.748804006713189e-05 2220
1744827621554 7.723574375409866e-05 2230
1744827631920 7.698245753149475e-05 2240
1744827642180 7.672819060525401e-05 2250
1744827652690 7.647295221695497e-05 2260
1744827662877 7.62167516434848e-05 2270
1744827673159 7.595959819670235e-05 2280
1744827683821 7.570150122309947e-05 2290
1744827694267 7.544247010346148e-05 2300
1744827704496 7.518251425252607e-05 2310
1744827739480 7.492164311864125e-05 2320
1744827749602 7.46598661834219e-05 2330
1744827760152 7.4397192961405e-05 2340
1744827770538 7.413363299970413e-05 2350
1744827780899 7.38691958776621e-05 2360
1744827791319 7.360389120650315e-05 2370
1744827801537 7.333772862898327e-05 2380
1744827811988 7.307071781903997e-05 2390
1744827822142 7.28028684814406e-05 2400
1744827832460 7.25341903514296e-05 2410
1744827842760 7.226469319437463e-05 2420
1744827852854 7.199438680541177e-05 2430
1744827863294 7.172328100908935e-05 2440
1744827873868 7.145138565901096e-05 2450
1744827884290 7.117871063747729e-05 2460
1744827894788 7.090526585512696e-05 2470
1744827905203 7.063106125057626e-05 2480
1744827915515 7.035610679005797e-05 2490
1744827925931 7.008041246705916e-05 2500
1744827960955 6.980398830195785e-05 2510
1744827971254 6.95268443416589e-05 2520
1744827981376 6.924899065922887e-05 2530
1744827991917 6.897043735352981e-05 2540
1744828002141 6.869119454885229e-05 2550
1744828012645 6.841127239454737e-05 2560
1744828023183 6.813068106465771e-05 2570
1744828033333 6.784943075754786e-05 2580
1744828043571 6.756753169553352e-05 2590
1744828053758 6.728499412451e-05 2600
1744828064171 6.700182831357984e-05 2610
1744828074497 6.671804455467959e-05 2620
1744828084924 6.643365316220571e-05 2630
1744828095417 6.614866447263968e-05 2640
1744828106087 6.586308884417236e-05 2650
1744828116589 6.557693665632742e-05 2660
1744828126732 6.529021830958419e-05 2670
1744828136970 6.500294422499958e-05 2680
1744828147252 6.471512484382932e-05 2690
1744828157330 6.442677062714848e-05 2700
1744828192484 6.413789205547122e-05 2710
1744828202796 6.384849962836997e-05 2720
1744828212977 6.355860386409367e-05 2730
1744828223276 6.326821529918553e-05 2740
1744828233590 6.297734448810013e-05 2750
1744828244337 6.26860020028197e-05 2760
1744828254699 6.239419843247e-05 2770
1744828265041 6.210194438293526e-05 2780
1744828275647 6.180925047647294e-05 2790
1744828285950 6.151612735132744e-05 2800
1744828296385 6.122258566134359e-05 2810
1744828306918 6.0928636075579296e-05 2820
1744828317091 6.06342892779179e-05 2830
1744828327525 6.0339555966679764e-05 2840
1744828337609 6.004444685423345e-05 2850
1744828348195 5.974897266660643e-05 2860
1744828358516 5.9453144143095105e-05 2870
1744828368863 5.915697203587467e-05 2880
1744828379129 5.886046710960809e-05 2890
1744828413984 5.856364014105502e-05 2900
1744828424166 5.826650191868008e-05 2910
1744828434669 5.796906324226064e-05 2920
1744828445079 5.767133492249443e-05 2930
1744828455558 5.7373327780606525e-05 2940
1744828465841 5.707505264795603e-05 2950
1744828475989 5.6776520365642496e-05 2960
1744828486607 5.6477741784111784e-05 2970
1744828496692 5.617872776276175e-05 2980
1744828507005 5.587948916954754e-05 2990
1744828517773 5.5580036880586584e-05 3000
1744828528362 5.52803817797633e-05 3010
1744828538988 5.4980534758333466e-05 3020
1744828549355 5.4680506714528455e-05 3030
1744828559927 5.438030855315904e-05 3040
1744828570213 5.407995118521907e-05 3050
1744828580454 5.3779445527488947e-05 3060
1744828591037 5.347880250213877e-05 3070
1744828601534 5.317803303633144e-05 3080
1744828636723 5.287714806182543e-05 3090
1744828647260 5.257615851457749e-05 3100
1744828657368 5.227507533434519e-05 3110
1744828667598 5.197390946428925e-05 3120
1744828677836 5.1672671850575874e-05 3130
1744828688011 5.13713734419788e-05 3140
1744828698206 5.107002518948147e-05 3150
1744828708279 5.076863804587893e-05 3160
1744828718566 5.0467222965379744e-05 3170
1744828728729 5.01657909032079e-05 3180
1744828738913 4.98643528152046e-05 3190
1744828749309 4.956291965743002e-05 3200
1744828759697 4.92615023857652e-05 3210
1744828769976 4.896011195551374e-05 3220
1744828780395 4.865875932100367e-05 3230
1744828790765 4.835745543518929e-05 3240
1744828801299 4.8056211249253146e-05 3250
1744828811963 4.775503771220785e-05 3260
1744828822243 4.745394577049824e-05 3270
1744828832383 4.715294636760352e-05 3280
1744828867477 4.6852050443639417e-05 3290
1744828877727 4.65512689349607e-05 3300
1744828887906 4.6250612773763554e-05 3310
1744828898500 4.5950092887688276e-05 3320
1744828909184 4.5649720199422136e-05 3330
1744828919297 4.534950562630233e-05 3340
1744828929940 4.504946007991927e-05 3350
1744828940117 4.4749594465719856e-05 3360
1744828950424 4.444991968261121e-05 3370
1744828960709 4.4150446622564496e-05 3380
1744828971214 4.3851186170219056e-05 3390
1744828981523 4.355214920248685e-05 3400
1744828991819 4.325334658815702e-05 3410
1744829002435 4.29547891875009e-05 3420
1744829012711 4.265648785187734e-05 3430
1744829023179 4.235845342333818e-05 3440
1744829033410 4.206069673423438e-05 3450
1744829043550 4.176322860682209e-05 3460
1744829054052 4.146605985286945e-05 3470
1744829089113 4.116920127326356e-05 3480
1744829099293 4.087266365761794e-05 3490
1744829109487 4.0576457783880376e-05 3500
1744829119721 4.0280594417941166e-05 3510
1744829129894 3.99850843132418e-05 3520
1744829140095 3.96899382103842e-05 3530
1744829150255 3.939516683674022e-05 3540
1744829160500 3.9100780906061896e-05 3550
1744829170577 3.880679111809188e-05 3560
1744829180778 3.851320815817472e-05 3570
1744829190900 3.822004269686832e-05 3580
1744829201127 3.792730538955624e-05 3590
1744829211680 3.763500687606035e-05 3600
1744829221997 3.7343157780254165e-05 3610
1744829232563 3.705176870967662e-05 3620
1744829242811 3.676085025514664e-05 3630
1744829253355 3.6470412990378097e-05 3640
1744829263724 3.618046747159562e-05 3650
1744829273931 3.589102423715082e-05 3660
1744829308287 3.5602093807139264e-05 3670
1744829318513 3.531368668301819e-05 3680
1744829328567 3.5025813347224746e-05 3690
1744829338758 3.473848426279507e-05 3700
1744829349006 3.445170987298389e-05 3710
1744829359310 3.416550060088507e-05 3720
1744829369468 3.3879866849052695e-05 3730
1744829379652 3.359481899912299e-05 3740
1744829389876 3.331036741143708e-05 3750
1744829400039 3.302652242466429e-05 3760
1744829410323 3.274329435542646e-05 3770
1744829420584 3.246069349792297e-05 3780
1744829430798 3.217873012355657e-05 3790
1744829441339 3.1897414480560086e-05 3800
1744829451840 3.161675679362391e-05 3810
1744829462240 3.133676726352438e-05 3820
1744829472736 3.105745606675301e-05 3830
1744829482944 3.077883335514665e-05 3840
1744829493339 3.0500909255518462e-05 3850
1744829502985 3.0223693869289925e-05 3860
1744829538702 2.99471972721236e-05 3870
1744829549192 2.9671429513556968e-05 3880
1744829559516 2.9396400616637165e-05 3890
1744829569558 2.9122120577556688e-05 3900
1744829579749 2.8848599365290074e-05 3910
1744829589990 2.8575846921231554e-05 3920
1744829600293 2.8303873158833715e-05 3930
1744829610593 2.8032687963247224e-05 3940
1744829620911 2.7762301190961497e-05 3950
1744829631356 2.7492722669446536e-05 3960
1744829641800 2.722396219679563e-05 3970
1744829652002 2.6956029541369287e-05 3980
1744829662107 2.6688934441440227e-05 3990
1744829672438 2.642268660483935e-05 4000
1744829682542 2.6157295708603024e-05 4010
1744829692767 2.5892771398621228e-05 4020
1744829703101 2.562912328928703e-05 4030
1744829713562 2.5366360963147146e-05 4040
1744829724366 2.510449397055361e-05 4050
1744829759544 2.4843531829316757e-05 4060
1744829769717 2.4583484024359155e-05 4070
1744829779955 2.432436000737096e-05 4080
1744829790261 2.4066169196466326e-05 4090
1744829800334 2.3808920975841186e-05 4100
1744829810553 2.355262469543207e-05 4110
1744829820986 2.3297289670576304e-05 4120
1744829831182 2.3042925181673457e-05 4130
1744829841671 2.278954047384808e-05 4140
1744829851939 2.2537144756613554e-05 4150
1744829862323 2.2285747203537465e-05 4160
1744829872701 2.2035356951908137e-05 4170
1744829882985 2.1785983102402595e-05 4180
1744829893104 2.1537634718755694e-05 4190
1744829903694 2.129032082743073e-05 4200
1744829914261 2.1044050417291416e-05 4210
1744829924690 2.0798832439275097e-05 4220
1744829935451 2.0554675806067432e-05 4230
1744829945792 2.0311589391778512e-05 4240
1744829980483 2.0069582031620234e-05 4250
1744829990851 1.982866252158529e-05 4260
1744830000997 1.9588839618127353e-05 4270
1744830011293 1.9350122037842867e-05 4280
1744830021538 1.9112518457154242e-05 4290
1744830032014 1.8876037511994477e-05 4300
1744830042204 1.8640687797493328e-05 4310
1744830052246 1.8406477867664845e-05 4320
1744830062578 1.817341623509649e-05 4330
1744830072778 1.7941511370639762e-05 4340
1744830082952 1.771077170310227e-05 4350
1744830093283 1.748120561894147e-05 4360
1744830103454 1.725282146195974e-05 4370
1744830113722 1.7025627533001166e-05 4380
1744830123825 1.6799632089649854e-05 4390
1744830134024 1.6574843345929774e-05 4400
1744830144224 1.6351269472006263e-05 4410
1744830154459 1.6128918593888992e-05 4420
1744830164939 1.5907798793136676e-05 4430
1744830199723 1.5687918106563326e-05 4440
1744830209914 1.5469284525946136e-05 4450
1744830220256 1.5251905997735056e-05 4460
1744830230476 1.5035790422763895e-05 4470
1744830240785 1.4820945655963225e-05 4480
1744830251250 1.4607379506074841e-05 4490
1744830261595 1.4395099735367973e-05 4500
1744830271896 1.4184114059357167e-05 4510
1744830282157 1.3974430146521823e-05 4520
1744830292615 1.3766055618027485e-05 4530
1744830302817 1.3558998047448868e-05 4540
1744830313091 1.3353264960494543e-05 4550
1744830323444 1.3148863834733494e-05 4560
1744830333798 1.2945802099323229e-05 4570
1744830344190 1.2744087134739825e-05 4580
1744830354427 1.2543726272509675e-05 4590
1744830364528 1.2344726794942979e-05 4600
1744830374954 1.2147095934869146e-05 4610
1744830385451 1.1950840875373792e-05 4620
1744830395700 1.1755968749537754e-05 4630
1744830430361 1.15624866401778e-05 4640
1744830441118 1.1370401579589169e-05 4650
1744830452059 1.1179720549290062e-05 4660
1744830462424 1.0990450479767794e-05 4670
1744830472779 1.0802598250226941e-05 4680
1744830483210 1.0616170688339322e-05 4690
1744830493321 1.04311745699958e-05 4700
1744830503696 1.0247616619060074e-05 4710
1744830513759 1.0065503507124218e-05 4720
1744830524135 9.884841853266235e-06 4730
1744830534378 9.705638223809488e-06 4740
1744830544535 9.527899132083985e-06 4750
1744830555034 9.351631038189751e-06 4760
1744830565441 9.176840348761917e-06 4770
1744830575742 9.003533416737936e-06 4780
1744830586320 8.831716541126633e-06 4790
1744830596752 8.661395966779318e-06 4800
1744830607120 8.492577884162727e-06 4810
1744830617252 8.325268429134147e-06 4820
1744830652039 8.159473682718278e-06 4830
1744830662565 7.99519967088626e-06 4840
1744830672745 7.832452364336674e-06 4850
1744830682845 7.67123767827853e-06 4860
1744830693078 7.511561472216233e-06 4870
1744830703350 7.353429549736634e-06 4880
1744830714285 7.196847658298101e-06 4890
1744830724830 7.041821489021639e-06 4900
1744830735182 6.888356676484004e-06 4910
1744830745472 6.736458798512918e-06 4920
1744830755729 6.586133375984333e-06 4930
1744830766186 6.437385872621826e-06 4940
1744830776463 6.290221694797921e-06 4950
1744830786814 6.14464619133766e-06 4960
1744830797197 6.0006646533241565e-06 4970
1744830807485 5.858282313906333e-06 4980
1744830817791 5.717504348108649e-06 4990
1744830827972 5.578335872643059e-06 5000
1744830838230 5.440781945723017e-06 5010
1744830872899 5.304847566879678e-06 5020
1744830883086 5.170537676780118e-06 5030
1744830893273 5.037857157047782e-06 5040
1744830903718 4.906810830085095e-06 5050
1744830913982 4.777403458898122e-06 5060
1744830924282 4.64963974692354e-06 5070
1744830934339 4.523524337857582e-06 5080
1744830944613 4.399061815487343e-06 5090
1744830954782 4.276256703524123e-06 5100
1744830965044 4.155113465439042e-06 5110
1744830975238 4.0356365043008104e-06 5120
1744830985307 3.917830162615666e-06 5130
1744830995504 3.8016987221695664e-06 5140
1744831005856 3.687246403872552e-06 5150
1744831016453 3.5744773676053334e-06 5160
1744831026942 3.4633957120681293e-06 5170
1744831037487 3.354005474631622e-06 5180
1744831047864 3.246310631190297e-06 5190
1744831058249 3.1403150960178706e-06 5200
1744831068269 3.036022721625059e-06 5210
1744831103697 2.933437298619557e-06 5220
1744831114035 2.832562555568241e-06 5230
1744831124559 2.7334021588616586e-06 5240
1744831135032 2.635959712580777e-06 5250
1744831145460 2.540238758365987e-06 5260
1744831155781 2.446242775288382e-06 5270
1744831166059 2.3539751797233057e-06 5280
1744831176343 2.2634393252261633e-06 5290
1744831186574 2.174638502410553e-06 5300
1744831196872 2.0875759388286675e-06 5310
1744831207256 2.0022547988539863e-06 5320
1744831217352 1.9186781835662306e-06 5330
1744831228088 1.8368491306387014e-06 5340
1744831238800 1.7567706142278317e-06 5350
1744831249192 1.6784455448651037e-06 5360
1744831259389 1.6018767693512849e-06 5370
1744831269811 1.52706707065291e-06 5380
1744831280256 1.4540191678011684e-06 5390
1744831290321 1.382735715793071e-06 5400
1744831325352 1.3132193054949394e-06 5410
1744831335694 1.2454724635482585e-06 5420
1744831345932 1.1794976522778167e-06 5430
1744831355999 1.1152972696022445e-06 5440
1744831366465 1.0528736489468283e-06 5450
1744831376658 9.922290591587114e-07 5460
1744831386984 9.333657044244437e-07 5470
1744831397209 8.762857241898404e-07 5480
1744831407259 8.209911930822489e-07 5490
1744831417504 7.674841208351269e-07 5500
1744831427915 7.157664522150109e-07 5510
1744831438214 6.65840066950818e-07 5520
1744831448361 6.177067796655333e-07 5530
1744831458657 5.713683398102465e-07 5540
1744831469009 5.268264316005856e-07 5550
1744831479246 4.840826739554771e-07 5560
1744831489755 4.431386204383325e-07 5570
1744831500010 4.0399575920055944e-07 5580
1744831510222 3.666555129274829e-07 5590
1744831545243 3.311192387866313e-07 5600
1744831555898 2.973882283784202e-07 5610
1744831566579 2.6546370768920635e-07 5620
1744831577480 2.3534683704670157e-07 5630
1744831587831 2.070387110778338e-07 5640
1744831598280 1.805403586689569e-07 5650
1744831608377 1.5585274292842511e-07 5660
1744831618864 1.3297676115163194e-07 5670
1744831629339 1.1191324478835863e-07 5680
1744831639468 9.266295941256497e-08 5690
1744831649665 7.522660469458931e-08 5700
1744831659757 5.960481437568555e-08 5710
1744831670300 4.579815624499162e-08 5720
1744831680652 3.3807132118923726e-08 5730
1744831690962 2.3632177822902057e-08 5740
1744831701567 1.527366317552459e-08 5750
1744831711838 8.731891975127804e-09 5760
1744831722131 4.007101988745543e-09 5770
1744831732704 1.0994649434603599e-09 5780
1744831742571 9.086520164069968e-12 5790
