1744825054228 3.8536 10
1744825065005 3.822 20
1744825075420 3.7782 30
1744825086010 3.676 40
1744825096318 3.5559 50
1744825106827 3.4415 60
1744825117253 3.3101 70
1744825127776 3.1692 80
1744825138409 3.0428 90
1744825148685 2.8436 100
1744825159093 2.8595 110
1744825169496 2.6335 120
1744825179978 2.6228 130
1744825190267 2.4903 140
1744825200916 2.3976 150
1744825211216 2.3348 160
1744825221460 2.2953 170
1744825232069 2.1425 180
1744825242538 2.1076 190
1744825278937 2.0164 200
1744825289186 1.9262 210
1744825299557 1.8737 220
1744825309700 1.8293 230
1744825320146 1.894 240
1744825330513 1.7793 250
1744825340783 1.8173 260
1744825351404 1.7642 270
1744825361491 1.6323 280
1744825372048 1.8526 290
1744825382319 1.7313 300
1744825393224 1.6726 310
1744825403833 1.6506 320
1744825413982 1.6829 330
1744825424248 1.6435 340
1744825434418 1.7416 350
1744825444736 1.6401 360
1744825455168 1.627 370
1744825465411 1.711 380
1744825500384 1.651 390
1744825510622 1.6082 400
1744825520947 1.6158 410
1744825531285 1.622 420
1744825541441 1.5414 430
1744825551703 1.5718 440
1744825562095 1.56 450
1744825572222 1.5877 460
1744825582452 1.6201 470
1744825592713 1.6139 480
1744825603024 1.5 490
1744825613358 1.5574 500
1744825623640 1.5415 510
1744825633966 1.571 520
1744825644167 1.6098 530
1744825654609 1.6281 540
1744825664977 1.5069 550
1744825675474 1.5906 560
1744825685775 1.5961 570
1744825720282 1.5004 580
1744825730400 1.4049 590
1744825740586 1.5105 600
1744825750680 1.5111 610
1744825761151 1.4514 620
1744825771267 1.5044 630
1744825781438 1.5623 640
1744825791676 1.4795 650
1744825801745 1.5116 660
1744825812165 1.507 670
1744825822267 1.5247 680
1744825832530 1.4794 690
1744825843094 1.5063 700
1744825853425 1.4732 710
1744825864001 1.5052 720
1744825874166 1.5273 730
1744825884495 1.4614 740
1744825894997 1.4812 750
1744825905466 1.4641 760
1744825915656 1.5034 770
1744825950250 1.378 780
1744825960436 1.4091 790
1744825970727 1.3609 800
1744825980819 1.4414 810
1744825991332 1.4018 820
1744826001755 1.4504 830
1744826011890 1.47 840
1744826022197 1.4394 850
1744826032336 1.3676 860
1744826042560 1.4136 870
1744826053027 1.4243 880
1744826063448 1.4091 890
1744826073940 1.4661 900
1744826084603 1.3719 910
1744826095268 1.4091 920
1744826105497 1.4216 930
1744826115735 1.4991 940
1744826126344 1.3845 950
1744826136622 1.3488 960
1744826172213 1.3103 970
1744826182590 1.3536 980
1744826193003 1.2827 990
1744826203445 1.3675 1000
1744826213579 1.3307 1010
1744826224128 1.3141 1020
1744826234538 1.3009 1030
1744826244790 1.3469 1040
1744826255162 1.372 1050
1744826265317 1.2736 1060
1744826275540 1.3562 1070
1744826286042 1.3425 1080
1744826296579 1.2982 1090
1744826307078 1.3009 1100
1744826317160 1.3139 1110
1744826327660 1.4292 1120
1744826337795 1.3355 1130
1744826348146 1.3673 1140
1744826358447 1.3482 1150
1744826394104 1.3223 1160
1744826404371 1.3173 1170
1744826414605 1.2501 1180
1744826424800 1.2622 1190
1744826434982 1.3066 1200
1744826445192 1.2482 1210
1744826455393 1.2817 1220
1744826465683 1.2729 1230
1744826475774 1.2853 1240
1744826486407 1.2653 1250
1744826496796 1.3305 1260
1744826507151 1.2926 1270
1744826517369 1.2569 1280
1744826527607 1.3316 1290
1744826537880 1.2748 1300
1744826548108 1.3368 1310
1744826558555 1.2421 1320
1744826568801 1.313 1330
1744826579059 1.2974 1340
1744826589457 1.2665 1350
1744826624612 1.2761 1360
1744826634805 1.2222 1370
1744826645032 1.2126 1380
1744826655125 1.2343 1390
1744826665633 1.2458 1400
1744826676112 1.1909 1410
1744826686370 1.2465 1420
1744826696681 1.2471 1430
1744826706833 1.2974 1440
1744826717069 1.2721 1450
1744826727416 1.2375 1460
1744826737636 1.28 1470
1744826747900 1.2158 1480
1744826758399 1.2091 1490
1744826768827 1.2499 1500
1744826779139 1.2359 1510
1744826789425 1.1799 1520
1744826799791 1.1824 1530
1744826809896 1.3216 1540
1744826844569 1.1759 1550
1744826855024 1.1935 1560
1744826865107 1.2228 1570
1744826875246 1.1999 1580
1744826885502 1.1974 1590
1744826896097 1.2224 1600
1744826906499 1.2012 1610
1744826917053 1.2108 1620
1744826927353 1.2343 1630
1744826937859 1.3017 1640
1744826948113 1.2089 1650
1744826958336 1.2574 1660
1744826968739 1.218 1670
1744826979436 1.1785 1680
1744826989717 1.2082 1690
1744827000204 1.2286 1700
1744827010455 1.1467 1710
1744827020690 1.1801 1720
1744827031128 1.1755 1730
1744827065627 1.215 1740
1744827075906 1.2105 1750
1744827086400 1.1561 1760
1744827096681 1.0698 1770
1744827107215 1.1341 1780
1744827117493 1.1503 1790
1744827127675 1.1692 1800
1744827138338 1.1775 1810
1744827148959 1.179 1820
1744827159433 1.1708 1830
1744827169521 1.1436 1840
1744827180408 1.1584 1850
1744827191119 1.1884 1860
1744827201540 1.1857 1870
1744827211980 1.1522 1880
1744827222069 1.1313 1890
1744827232247 1.1415 1900
1744827242314 1.1817 1910
1744827252856 1.1387 1920
1744827262466 1.2132 1930
1744827298132 1.12 1940
1744827308213 1.0788 1950
1744827318827 1.1108 1960
1744827328955 1.1028 1970
1744827339492 1.1174 1980
1744827349779 1.1446 1990
1744827359837 1.1532 2000
1744827370721 1.1083 2010
1744827380835 1.1646 2020
1744827391572 1.149 2030
1744827401836 1.1166 2040
1744827412292 1.1287 2050
1744827422933 1.102 2060
1744827433177 1.107 2070
1744827443789 1.1604 2080
1744827453932 1.1208 2090
1744827464126 1.0752 2100
1744827474350 1.1402 2110
1744827484428 1.1024 2120
1744827519429 1.0833 2130
1744827529850 1.0665 2140
1744827539933 1.0361 2150
1744827550026 1.1544 2160
1744827560191 1.1257 2170
1744827570427 1.0747 2180
1744827580741 1.0898 2190
1744827590851 1.0555 2200
1744827601075 1.0547 2210
1744827611162 1.1241 2220
1744827621554 1.1577 2230
1744827631920 1.088 2240
1744827642180 1.118 2250
1744827652690 1.0959 2260
1744827662877 1.0763 2270
1744827673159 1.1086 2280
1744827683821 1.1085 2290
1744827694267 1.1052 2300
1744827704496 1.067 2310
1744827739480 1.053 2320
1744827749602 1.0923 2330
1744827760152 1.0913 2340
1744827770538 1.0092 2350
1744827780899 1.0763 2360
1744827791319 1.0297 2370
1744827801537 1.0511 2380
1744827811988 1.018 2390
1744827822142 1.0763 2400
1744827832460 1.0216 2410
1744827842760 1.0302 2420
1744827852854 1.1126 2430
1744827863294 1.0595 2440
1744827873868 1.0666 2450
1744827884290 1.0602 2460
1744827894788 1.0944 2470
1744827905203 1.0752 2480
1744827915515 1.0779 2490
1744827925931 1.1104 2500
1744827960955 1.0447 2510
1744827971254 1.0684 2520
1744827981376 1.0385 2530
1744827991917 1.0232 2540
1744828002141 0.9868 2550
1744828012645 1.0075 2560
1744828023183 1.0684 2570
1744828033333 1.0676 2580
1744828043571 1.0033 2590
1744828053758 1.0407 2600
1744828064171 1.1029 2610
1744828074497 1.0007 2620
1744828084924 1.0562 2630
1744828095417 1.0204 2640
1744828106087 1.0641 2650
1744828116589 1.1053 2660
1744828126732 1.0707 2670
1744828136970 1.0468 2680
1744828147252 1.0179 2690
1744828157330 1.0803 2700
1744828192484 1.022 2710
1744828202796 1.0562 2720
1744828212977 0.9853 2730
1744828223276 0.9893 2740
1744828233590 1.028 2750
1744828244337 0.9841 2760
1744828254699 0.9999 2770
1744828265041 1.052 2780
1744828275647 1.0176 2790
1744828285950 1.0537 2800
1744828296385 1.0129 2810
1744828306918 1.0379 2820
1744828317091 1.0428 2830
1744828327525 1.0286 2840
1744828337609 1.0403 2850
1744828348195 1.053 2860
1744828358516 1.0511 2870
1744828368863 0.9548 2880
1744828379129 0.9671 2890
1744828413984 0.9703 2900
1744828424166 1.0121 2910
1744828434669 1.0572 2920
1744828445079 1.0365 2930
1744828455558 0.9899 2940
1744828465841 1.0572 2950
1744828475989 1.0161 2960
1744828486607 0.983 2970
1744828496692 0.9885 2980
1744828507005 1.0382 2990
1744828517773 0.9825 3000
1744828528362 0.9612 3010
1744828538988 1.0006 3020
1744828549355 0.9899 3030
1744828559927 0.9722 3040
1744828570213 1.0079 3050
1744828580454 0.9724 3060
1744828591037 1.0149 3070
1744828601534 1.025 3080
1744828636723 0.9607 3090
1744828647260 0.9915 3100
1744828657368 0.9779 3110
1744828667598 1.0165 3120
1744828677836 1.0041 3130
1744828688011 0.9727 3140
1744828698206 0.9678 3150
1744828708279 0.9964 3160
1744828718566 0.9887 3170
1744828728729 0.9516 3180
1744828738913 0.9657 3190
1744828749309 0.9781 3200
1744828759697 0.9408 3210
1744828769976 0.9592 3220
1744828780395 1.0006 3230
1744828790765 1.0093 3240
1744828801299 0.9586 3250
1744828811963 0.999 3260
1744828822243 0.9743 3270
1744828832383 1.0144 3280
1744828867477 0.9842 3290
1744828877727 0.9601 3300
1744828887906 0.932 3310
1744828898500 0.9694 3320
1744828909184 0.949 3330
1744828919297 0.9575 3340
1744828929940 1.0091 3350
1744828940117 0.9704 3360
1744828950424 0.9706 3370
1744828960709 0.9529 3380
1744828971214 1.0035 3390
1744828981523 0.96 3400
1744828991819 1.0014 3410
1744829002435 0.9743 3420
1744829012711 0.9542 3430
1744829023179 0.9534 3440
1744829033410 0.9672 3450
1744829043550 0.9959 3460
1744829054052 0.9673 3470
1744829089113 0.9184 3480
1744829099293 0.9244 3490
1744829109487 0.9147 3500
1744829119721 0.9439 3510
1744829129894 0.9575 3520
1744829140095 1.0096 3530
1744829150255 0.9382 3540
1744829160500 0.9674 3550
1744829170577 0.9473 3560
1744829180778 0.9313 3570
1744829190900 0.945 3580
1744829201127 0.9431 3590
1744829211680 0.971 3600
1744829221997 0.9406 3610
1744829232563 0.9157 3620
1744829242811 0.9807 3630
1744829253355 0.9608 3640
1744829263724 0.9306 3650
1744829273931 0.9456 3660
1744829308287 0.9517 3670
1744829318513 0.9577 3680
1744829328567 0.9694 3690
1744829338758 0.962 3700
1744829349006 0.9711 3710
1744829359310 0.9316 3720
1744829369468 0.909 3730
1744829379652 0.9307 3740
1744829389876 0.8905 3750
1744829400039 0.9565 3760
1744829410323 0.9081 3770
1744829420584 0.921 3780
1744829430798 0.9381 3790
1744829441339 0.9356 3800
1744829451840 0.8953 3810
1744829462240 0.9592 3820
1744829472736 0.934 3830
1744829482944 0.9371 3840
1744829493339 0.9375 3850
1744829502985 0.9463 3860
1744829538702 0.9003 3870
1744829549192 0.9627 3880
1744829559516 0.9226 3890
1744829569558 0.9323 3900
1744829579749 0.9727 3910
1744829589990 0.8872 3920
1744829600293 0.9013 3930
1744829610593 0.9107 3940
1744829620911 0.9447 3950
1744829631356 0.9053 3960
1744829641800 0.9364 3970
1744829652002 0.9019 3980
1744829662107 0.9393 3990
1744829672438 0.913 4000
1744829682542 0.885 4010
1744829692767 0.9402 4020
1744829703101 0.8989 4030
1744829713562 0.8956 4040
1744829724366 0.9491 4050
1744829759544 0.9199 4060
1744829769717 0.8887 4070
1744829779955 0.9087 4080
1744829790261 0.8917 4090
1744829800334 0.913 4100
1744829810553 0.9068 4110
1744829820986 0.9131 4120
1744829831182 0.9303 4130
1744829841671 0.8806 4140
1744829851939 0.878 4150
1744829862323 0.9373 4160
1744829872701 0.8818 4170
1744829882985 0.8967 4180
1744829893104 0.8973 4190
1744829903694 0.854 4200
1744829914261 0.8998 4210
1744829924690 0.9431 4220
1744829935451 0.9139 4230
1744829945792 0.9042 4240
1744829980483 0.8985 4250
1744829990851 0.9138 4260
1744830000997 0.95 4270
1744830011293 0.8855 4280
1744830021538 0.8985 4290
1744830032014 0.9304 4300
1744830042204 0.9181 4310
1744830052246 0.9305 4320
1744830062578 0.877 4330
1744830072778 0.8951 4340
1744830082952 0.8956 4350
1744830093283 0.8877 4360
1744830103454 0.8896 4370
1744830113722 0.8892 4380
1744830123825 0.8782 4390
1744830134024 0.8854 4400
1744830144224 0.8651 4410
1744830154459 0.8998 4420
1744830164939 0.8806 4430
1744830199723 0.9579 4440
1744830209914 0.8915 4450
1744830220256 0.9091 4460
1744830230476 0.8793 4470
1744830240785 0.9316 4480
1744830251250 0.8359 4490
1744830261595 0.9114 4500
1744830271896 0.9222 4510
1744830282157 0.8787 4520
1744830292615 0.888 4530
1744830302817 0.8732 4540
1744830313091 0.9071 4550
1744830323444 0.8409 4560
1744830333798 0.8607 4570
1744830344190 0.9068 4580
1744830354427 0.9024 4590
1744830364528 0.896 4600
1744830374954 0.9442 4610
1744830385451 0.8664 4620
1744830395700 0.8727 4630
1744830430361 0.8845 4640
1744830441118 0.856 4650
1744830452059 0.8516 4660
1744830462424 0.8674 4670
1744830472779 0.8909 4680
1744830483210 0.8752 4690
1744830493321 0.8757 4700
1744830503696 0.8779 4710
1744830513759 0.8668 4720
1744830524135 0.901 4730
1744830534378 0.8959 4740
1744830544535 0.8888 4750
1744830555034 0.9058 4760
1744830565441 0.9244 4770
1744830575742 0.8792 4780
1744830586320 0.8339 4790
1744830596752 0.8553 4800
1744830607120 0.915 4810
1744830617252 0.8704 4820
1744830652039 0.8811 4830
1744830662565 0.895 4840
1744830672745 0.8802 4850
1744830682845 0.8954 4860
1744830693078 0.8911 4870
1744830703350 0.8677 4880
1744830714285 0.8368 4890
1744830724830 0.8945 4900
1744830735182 0.9041 4910
1744830745472 0.8389 4920
1744830755729 0.844 4930
1744830766186 0.8651 4940
1744830776463 0.8886 4950
1744830786814 0.8537 4960
1744830797197 0.8721 4970
1744830807485 0.9217 4980
1744830817791 0.9219 4990
1744830827972 0.8675 5000
1744830838230 0.8973 5010
1744830872899 0.8698 5020
1744830883086 0.8623 5030
1744830893273 0.8676 5040
1744830903718 0.8717 5050
1744830913982 0.8874 5060
1744830924282 0.8723 5070
1744830934339 0.866 5080
1744830944613 0.8248 5090
1744830954782 0.8796 5100
1744830965044 0.8452 5110
1744830975238 0.8586 5120
1744830985307 0.8758 5130
1744830995504 0.8318 5140
1744831005856 0.8635 5150
1744831016453 0.9128 5160
1744831026942 0.8492 5170
1744831037487 0.8679 5180
1744831047864 0.8852 5190
1744831058249 0.884 5200
1744831068269 0.9141 5210
1744831103697 0.9115 5220
1744831114035 0.8811 5230
1744831124559 0.8692 5240
1744831135032 0.8635 5250
1744831145460 0.8607 5260
1744831155781 0.8897 5270
1744831166059 0.8583 5280
1744831176343 0.8647 5290
1744831186574 0.8736 5300
1744831196872 0.871 5310
1744831207256 0.8383 5320
1744831217352 0.8458 5330
1744831228088 0.8764 5340
1744831238800 0.8789 5350
1744831249192 0.9036 5360
1744831259389 0.8647 5370
1744831269811 0.8907 5380
1744831280256 0.9187 5390
1744831290321 0.8589 5400
1744831325352 0.8858 5410
1744831335694 0.8977 5420
1744831345932 0.8643 5430
1744831355999 0.8935 5440
1744831366465 0.8961 5450
1744831376658 0.8547 5460
1744831386984 0.8643 5470
1744831397209 0.874 5480
1744831407259 0.8816 5490
1744831417504 0.8928 5500
1744831427915 0.9111 5510
1744831438214 0.8768 5520
1744831448361 0.8511 5530
1744831458657 0.8623 5540
1744831469009 0.895 5550
1744831479246 0.8691 5560
1744831489755 0.8761 5570
1744831500010 0.8776 5580
1744831510222 0.8855 5590
1744831545243 0.8527 5600
1744831555898 0.8742 5610
1744831566579 0.8593 5620
1744831577480 0.8426 5630
1744831587831 0.8696 5640
1744831598280 0.8922 5650
1744831608377 0.878 5660
1744831618864 0.8875 5670
1744831629339 0.8796 5680
1744831639468 0.8543 5690
1744831649665 0.879 5700
1744831659757 0.8961 5710
1744831670300 0.8392 5720
1744831680652 0.8635 5730
1744831690962 0.8642 5740
1744831701567 0.8894 5750
1744831711838 0.9055 5760
1744831722131 0.8507 5770
1744831732704 0.8925 5780
1744831742571 0.8701 5790
