1745356512464 0.07874015748031496 10
1745356518473 0.15748031496062992 20
1745356524029 0.23622047244094488 30
1745356529685 0.31496062992125984 40
1745356535019 0.3937007874015748 50
1745356540515 0.47244094488188976 60
1745356545801 0.5511811023622047 70
1745356551521 0.6299212598425197 80
1745356557362 0.7086614173228346 90
1745356562716 0.7874015748031497 100
1745356568630 0.8661417322834646 110
1745356573847 0.9448818897637795 120
1745356586800 1.0 127
1745356588952 1.0236220472440944 130
1745356594520 1.1023622047244095 140
1745356599739 1.1811023622047245 150
1745356604859 1.2598425196850394 160
1745356609975 1.3385826771653544 170
1745356615398 1.4173228346456692 180
1745356620627 1.4960629921259843 190
1745356625805 1.574803149606299 200
1745356631171 1.6535433070866141 210
1745356636408 1.7322834645669292 220
1745356641726 1.811023622047244 230
1745356647125 1.889763779527559 240
1745356652331 1.968503937007874 250
1745356663476 2.0 254
1745356667194 2.047244094488189 260
1745356672400 2.1259842519685037 270
1745356678036 2.204724409448819 280
1745356683169 2.283464566929134 290
1745356688322 2.362204724409449 300
1745356693818 2.440944881889764 310
1745356698900 2.5196850393700787 320
1745356703951 2.5984251968503935 330
1745356709410 2.677165354330709 340
1745356714491 2.7559055118110236 350
1745356719571 2.8346456692913384 360
1745356724920 2.9133858267716537 370
1745356730164 2.9921259842519685 380
1745356739707 3.0 381
1745356745052 3.0708661417322833 390
1745356750160 3.1496062992125986 400
1745356755545 3.2283464566929134 410
1745356760774 3.3070866141732282 420
1745356765938 3.3858267716535435 430
1745356771375 3.4645669291338583 440
1745356776728 3.543307086614173 450
1745356781878 3.622047244094488 460
1745356787151 3.7007874015748032 470
1745356792323 3.779527559055118 480
1745356797573 3.8582677165354333 490
1745356802823 3.937007874015748 500
1745356816115 4.0 508
1745356817726 4.015748031496063 510
1745356822848 4.094488188976378 520
1745356827972 4.173228346456693 530
1745356833233 4.251968503937007 540
1745356838488 4.330708661417323 550
1745356843595 4.409448818897638 560
1745356849191 4.488188976377953 570
1745356854394 4.566929133858268 580
1745356859512 4.645669291338582 590
1745356864915 4.724409448818898 600
1745356870655 4.803149606299213 610
1745356875882 4.881889763779528 620
1745356881335 4.960629921259843 630
1745356892863 5.0 635
1745356896294 5.039370078740157 640
1745356901600 5.118110236220472 650
1745356907117 5.196850393700787 660
1745356912408 5.275590551181103 670
1745356917874 5.354330708661418 680
1745356923123 5.433070866141732 690
1745356928544 5.511811023622047 700
1745356933914 5.590551181102362 710
1745356939078 5.669291338582677 720
1745356944440 5.748031496062993 730
1745356950025 5.826771653543307 740
1745356955394 5.905511811023622 750
1745356960568 5.984251968503937 760
1745356970813 6.0 762
1745356975800 6.062992125984252 770
1745356981332 6.141732283464567 780
1745356986531 6.2204724409448815 790
1745356991782 6.299212598425197 800
1745356997271 6.377952755905512 810
1745357002439 6.456692913385827 820
1745357007606 6.535433070866142 830
1745357013308 6.6141732283464565 840
1745357018678 6.692913385826771 850
1745357024184 6.771653543307087 860
1745357029606 6.850393700787402 870
1745357034746 6.929133858267717 880
1745357048929 7.0 889
1745357050022 7.0078740157480315 890
1745357055256 7.086614173228346 900
1745357060650 7.165354330708661 910
1745357066192 7.244094488188976 920
1745357071296 7.322834645669292 930
1745357076575 7.4015748031496065 940
1745357082021 7.480314960629921 950
1745357087521 7.559055118110236 960
1745357092698 7.637795275590551 970
1745357098074 7.716535433070866 980
1745357103441 7.7952755905511815 990
1745357108599 7.874015748031496 1000
1745357113692 7.952755905511811 1010
1745357125964 8.0 1016
1745357128815 8.031496062992126 1020
1745357133988 8.11023622047244 1030
1745357139211 8.188976377952756 1040
1745357144460 8.26771653543307 1050
1745357149877 8.346456692913385 1060
1745357155060 8.4251968503937 1070
1745357160226 8.503937007874015 1080
1745357165840 8.582677165354331 1090
1745357170974 8.661417322834646 1100
1745357176270 8.740157480314961 1110
1745357181931 8.818897637795276 1120
1745357187211 8.89763779527559 1130
1745357192497 8.976377952755906 1140
1745357203112 9.0 1143
1745357207339 9.05511811023622 1150
1745357213015 9.133858267716535 1160
1745357218220 9.21259842519685 1170
1745357223329 9.291338582677165 1180
1745357228603 9.37007874015748 1190
1745357233944 9.448818897637794 1200
1745357239077 9.527559055118111 1210
1745357244866 9.606299212598426 1220
1745357250165 9.68503937007874 1230
1745357255739 9.763779527559056 1240
1745357261252 9.84251968503937 1250
1745357266584 9.921259842519685 1260
1745357271414 10.0 1270
1745357280686 10.0 1270
1745357286341 10.078740157480315 1280
1745357291859 10.15748031496063 1290
1745357297317 10.236220472440944 1300
1745357302400 10.31496062992126 1310
1745357307533 10.393700787401574 1320
1745357313134 10.472440944881889 1330
1745357318923 10.551181102362206 1340
1745357324053 10.62992125984252 1350
1745357329316 10.708661417322835 1360
1745357334552 10.78740157480315 1370
1745357339655 10.866141732283465 1380
1745357345114 10.94488188976378 1390
1745357357615 11.0 1397
1745357359886 11.023622047244094 1400
1745357364995 11.10236220472441 1410
1745357370501 11.181102362204724 1420
1745357376129 11.259842519685039 1430
1745357381657 11.338582677165354 1440
1745357387011 11.417322834645669 1450
1745357392295 11.496062992125985 1460
1745357397445 11.5748031496063 1470
1745357402588 11.653543307086615 1480
1745357408027 11.73228346456693 1490
1745357413172 11.811023622047244 1500
1745357418596 11.88976377952756 1510
1745357423909 11.968503937007874 1520
1745357434959 12.0 1524
1745357438609 12.047244094488189 1530
1745357444034 12.125984251968504 1540
1745357449229 12.204724409448819 1550
1745357454911 12.283464566929133 1560
1745357460001 12.362204724409448 1570
1745357465419 12.440944881889763 1580
1745357470698 12.519685039370078 1590
1745357476179 12.598425196850394 1600
1745357481401 12.67716535433071 1610
1745357486879 12.755905511811024 1620
1745357492157 12.834645669291339 1630
1745357497773 12.913385826771654 1640
1745357503166 12.992125984251969 1650
1745357512739 13.0 1651
1745357518081 13.070866141732283 1660
1745357523306 13.149606299212598 1670
1745357528904 13.228346456692913 1680
1745357534027 13.307086614173228 1690
1745357539290 13.385826771653543 1700
1745357544960 13.464566929133857 1710
1745357550311 13.543307086614174 1720
1745357555988 13.622047244094489 1730
1745357561395 13.700787401574804 1740
1745357566855 13.779527559055119 1750
1745357572508 13.858267716535433 1760
1745357577869 13.937007874015748 1770
1745357590927 14.0 1778
1745357592604 14.015748031496063 1780
1745357597987 14.094488188976378 1790
1745357603174 14.173228346456693 1800
1745357608689 14.251968503937007 1810
1745357614010 14.330708661417322 1820
1745357619500 14.409448818897637 1830
1745357625103 14.488188976377952 1840
1745357630397 14.566929133858268 1850
1745357635685 14.645669291338583 1860
1745357641065 14.724409448818898 1870
1745357646685 14.803149606299213 1880
1745357652020 14.881889763779528 1890
1745357657376 14.960629921259843 1900
1745357669363 15.0 1905
1745357672521 15.039370078740157 1910
1745357677689 15.118110236220472 1920
1745357683435 15.196850393700787 1930
1745357688856 15.275590551181102 1940
1745357694355 15.354330708661417 1950
1745357699529 15.433070866141732 1960
1745357704777 15.511811023622048 1970
1745357710224 15.590551181102363 1980
1745357715745 15.669291338582678 1990
1745357720840 15.748031496062993 2000
1745357726303 15.826771653543307 2010
1745357731768 15.905511811023622 2020
1745357737273 15.984251968503937 2030
1745357747185 16.0 2032
1745357752079 16.062992125984252 2040
1745357757413 16.141732283464567 2050
1745357762555 16.22047244094488 2060
1745357767881 16.299212598425196 2070
1745357773217 16.37795275590551 2080
1745357779062 16.456692913385826 2090
1745357784252 16.53543307086614 2100
1745357789538 16.614173228346456 2110
1745357794805 16.69291338582677 2120
1745357799908 16.771653543307085 2130
1745357805299 16.8503937007874 2140
1745357810614 16.929133858267715 2150
1745357824378 17.0 2159
1745357825628 17.007874015748033 2160
1745357831661 17.086614173228348 2170
1745357837077 17.165354330708663 2180
1745357842190 17.244094488188978 2190
1745357847391 17.322834645669293 2200
1745357852867 17.401574803149607 2210
1745357858279 17.480314960629922 2220
1745357863967 17.559055118110237 2230
1745357869322 17.637795275590552 2240
1745357874624 17.716535433070867 2250
1745357879868 17.79527559055118 2260
1745357885128 17.874015748031496 2270
1745357890488 17.95275590551181 2280
1745357902555 18.0 2286
1745357905321 18.031496062992126 2290
1745357910672 18.11023622047244 2300
1745357916345 18.188976377952756 2310
1745357921474 18.26771653543307 2320
1745357926670 18.346456692913385 2330
1745357931773 18.4251968503937 2340
1745357937152 18.503937007874015 2350
1745357942471 18.58267716535433 2360
1745357947810 18.661417322834644 2370
1745357953239 18.74015748031496 2380
1745357958658 18.818897637795274 2390
1745357964253 18.89763779527559 2400
1745357969748 18.976377952755904 2410
1745357980270 19.0 2413
1745357984604 19.055118110236222 2420
1745357989919 19.133858267716537 2430
1745357995354 19.212598425196852 2440
1745358000822 19.291338582677167 2450
1745358006189 19.37007874015748 2460
1745358011421 19.448818897637796 2470
1745358016751 19.52755905511811 2480
1745358022272 19.606299212598426 2490
1745358027477 19.68503937007874 2500
1745358032715 19.763779527559056 2510
1745358037894 19.84251968503937 2520
1745358043244 19.921259842519685 2530
1745358047944 20.0 2540
1745358057118 20.0 2540
1745358062777 20.078740157480315 2550
1745358067878 20.15748031496063 2560
1745358073379 20.236220472440944 2570
1745358078512 20.31496062992126 2580
1745358083598 20.393700787401574 2590
1745358088977 20.47244094488189 2600
1745358094078 20.551181102362204 2610
1745358099184 20.62992125984252 2620
1745358104340 20.708661417322833 2630
1745358110074 20.787401574803148 2640
1745358115776 20.866141732283463 2650
1745358120967 20.944881889763778 2660
1745358134077 21.0 2667
1745358136331 21.023622047244096 2670
1745358142043 21.10236220472441 2680
1745358147277 21.181102362204726 2690
1745358152538 21.25984251968504 2700
1745358157952 21.338582677165356 2710
1745358163750 21.41732283464567 2720
1745358168973 21.496062992125985 2730
1745358174442 21.5748031496063 2740
1745358179794 21.653543307086615 2750
1745358185594 21.73228346456693 2760
1745358190959 21.811023622047244 2770
1745358196301 21.88976377952756 2780
1745358201734 21.968503937007874 2790
1745358213069 22.0 2794
1745358216924 22.04724409448819 2800
1745358222147 22.125984251968504 2810
1745358227580 22.20472440944882 2820
1745358233125 22.283464566929133 2830
1745358238309 22.362204724409448 2840
1745358243522 22.440944881889763 2850
1745358248865 22.519685039370078 2860
1745358254326 22.598425196850393 2870
1745358259570 22.677165354330707 2880
1745358265201 22.755905511811022 2890
1745358270418 22.834645669291337 2900
1745358275873 22.913385826771652 2910
1745358280995 22.99212598425197 2920
1745358290625 23.0 2921
1745358295896 23.070866141732285 2930
1745358301043 23.1496062992126 2940
1745358306486 23.228346456692915 2950
1745358311978 23.30708661417323 2960
1745358317208 23.385826771653544 2970
1745358322365 23.46456692913386 2980
1745358328294 23.543307086614174 2990
1745358333627 23.62204724409449 3000
1745358338871 23.700787401574804 3010
1745358344899 23.77952755905512 3020
1745358350019 23.858267716535433 3030
1745358355261 23.937007874015748 3040
1745358368910 24.0 3048
1745358370588 24.015748031496063 3050
1745358376322 24.094488188976378 3060
1745358381851 24.173228346456693 3070
1745358387025 24.251968503937007 3080
1745358392372 24.330708661417322 3090
1745358397852 24.409448818897637 3100
1745358403265 24.488188976377952 3110
1745358408482 24.566929133858267 3120
1745358413653 24.64566929133858 3130
1745358419205 24.724409448818896 3140
1745358424848 24.80314960629921 3150
1745358430593 24.881889763779526 3160
1745358436106 24.96062992125984 3170
1745358447995 25.0 3175
1745358451505 25.03937007874016 3180
1745358457489 25.118110236220474 3190
1745358462863 25.19685039370079 3200
1745358468209 25.275590551181104 3210
1745358473615 25.35433070866142 3220
1745358479014 25.433070866141733 3230
1745358484239 25.511811023622048 3240
1745358489842 25.590551181102363 3250
1745358495135 25.669291338582678 3260
1745358500605 25.748031496062993 3270
1745358505771 25.826771653543307 3280
1745358511097 25.905511811023622 3290
1745358516326 25.984251968503937 3300
1745358526453 26.0 3302
1745358531267 26.062992125984252 3310
1745358536525 26.141732283464567 3320
1745358542394 26.22047244094488 3330
1745358547976 26.299212598425196 3340
1745358553215 26.37795275590551 3350
1745358558476 26.456692913385826 3360
1745358564046 26.53543307086614 3370
1745358569324 26.614173228346456 3380
1745358574559 26.69291338582677 3390
1745358580315 26.771653543307085 3400
1745358585791 26.8503937007874 3410
1745358590959 26.929133858267715 3420
1745358604680 27.0 3429
1745358605809 27.007874015748033 3430
1745358611238 27.086614173228348 3440
1745358616459 27.165354330708663 3450
1745358621600 27.244094488188978 3460
1745358626895 27.322834645669293 3470
1745358632350 27.401574803149607 3480
1745358637509 27.480314960629922 3490
1745358642840 27.559055118110237 3500
1745358648137 27.637795275590552 3510
1745358653545 27.716535433070867 3520
1745358658684 27.79527559055118 3530
1745358664193 27.874015748031496 3540
1745358669345 27.95275590551181 3550
1745358682034 28.0 3556
1745358685020 28.031496062992126 3560
1745358690433 28.11023622047244 3570
1745358696151 28.188976377952756 3580
1745358701743 28.26771653543307 3590
1745358707467 28.346456692913385 3600
1745358712676 28.4251968503937 3610
1745358717895 28.503937007874015 3620
1745358723536 28.58267716535433 3630
1745358728769 28.661417322834644 3640
1745358734222 28.74015748031496 3650
1745358739425 28.818897637795274 3660
1745358744838 28.89763779527559 3670
1745358749992 28.976377952755904 3680
1745358760960 29.0 3683
1745358765624 29.055118110236222 3690
1745358770981 29.133858267716537 3700
1745358776537 29.212598425196852 3710
1745358781831 29.291338582677167 3720
1745358787398 29.37007874015748 3730
1745358792771 29.448818897637796 3740
1745358798298 29.52755905511811 3750
1745358803993 29.606299212598426 3760
1745358809978 29.68503937007874 3770
1745358815609 29.763779527559056 3780
1745358820794 29.84251968503937 3790
1745358825954 29.921259842519685 3800
1745358830763 30.0 3810
1745358840598 30.0 3810
1745358840874 30.0 3810
1745358840965 30.0 0
1745358850686 30.0 3810
