1745356512464 5.118868827819824 10
1745356518473 4.804244518280029 20
1745356524029 5.592966079711914 30
1745356529685 5.122457504272461 40
1745356535019 4.988058567047119 50
1745356540515 4.270426273345947 60
1745356545801 4.4787750244140625 70
1745356551521 4.344033718109131 80
1745356557362 3.6549313068389893 90
1745356562716 4.391185760498047 100
1745356568630 3.303882598876953 110
1745356573847 3.525143623352051 120
1745356588952 3.852712869644165 130
1745356594520 3.7959108352661133 140
1745356599739 3.2614517211914062 150
1745356604859 3.5566534996032715 160
1745356609975 4.233547687530518 170
1745356615398 3.324131727218628 180
1745356620627 3.4938011169433594 190
1745356625805 3.7313249111175537 200
1745356631171 3.9113316535949707 210
1745356636408 3.4007012844085693 220
1745356641726 3.5193686485290527 230
1745356647125 3.237170457839966 240
1745356652331 4.027316570281982 250
1745356667194 3.2570853233337402 260
1745356672400 3.28523325920105 270
1745356678036 3.3891170024871826 280
1745356683169 3.6105422973632812 290
1745356688322 3.2832348346710205 300
1745356693818 3.7792136669158936 310
1745356698900 3.520751714706421 320
1745356703951 3.3133866786956787 330
1745356709410 4.662326335906982 340
1745356714491 4.127883434295654 350
1745356719571 3.915158271789551 360
1745356724920 3.901099920272827 370
1745356730164 4.022799968719482 380
1745356745052 3.6560401916503906 390
1745356750160 4.011707305908203 400
1745356755545 3.5227320194244385 410
1745356760774 3.5455238819122314 420
1745356765938 3.7541580200195312 430
1745356771375 3.557805061340332 440
1745356776728 3.781773567199707 450
1745356781878 3.664222002029419 460
1745356787151 3.700171709060669 470
1745356792323 3.564927577972412 480
1745356797573 3.270561695098877 490
1745356802823 3.909597158432007 500
1745356817726 4.060201644897461 510
1745356822848 3.990954637527466 520
1745356827972 3.3503198623657227 530
1745356833233 4.239263534545898 540
1745356838488 4.312679767608643 550
1745356843595 3.548354148864746 560
1745356849191 3.29573392868042 570
1745356854394 3.787781000137329 580
1745356859512 3.656877279281616 590
1745356864915 3.228774070739746 600
1745356870655 4.003165245056152 610
1745356875882 3.7897987365722656 620
1745356881335 3.6869916915893555 630
1745356896294 3.127650022506714 640
1745356901600 4.23695182800293 650
1745356907117 3.2763869762420654 660
1745356912408 3.4608230590820312 670
1745356917874 3.8086464405059814 680
1745356923123 3.994403123855591 690
1745356928544 3.4987525939941406 700
1745356933914 3.668229579925537 710
1745356939078 3.208503246307373 720
1745356944440 3.527399778366089 730
1745356950025 3.7279446125030518 740
1745356955394 3.122851848602295 750
1745356960568 3.371393918991089 760
1745356975800 3.4862401485443115 770
1745356981332 3.4564003944396973 780
1745356986531 2.914801597595215 790
1745356991782 4.143218040466309 800
1745356997271 3.7829530239105225 810
1745357002439 3.2954254150390625 820
1745357007606 3.3497941493988037 830
1745357013308 4.098949909210205 840
1745357018678 3.9610421657562256 850
1745357024184 3.1885907649993896 860
1745357029606 3.281590700149536 870
1745357034746 3.9260504245758057 880
1745357050022 3.542660713195801 890
1745357055256 3.121225595474243 900
1745357060650 3.3520402908325195 910
1745357066192 3.651215076446533 920
1745357071296 3.995375633239746 930
1745357076575 4.354601860046387 940
1745357082021 4.0240559577941895 950
1745357087521 3.8390469551086426 960
1745357092698 4.188847541809082 970
1745357098074 2.9570131301879883 980
1745357103441 3.825249671936035 990
1745357108599 3.251342535018921 1000
1745357113692 3.899916172027588 1010
1745357128815 3.2054803371429443 1020
1745357133988 5.351391792297363 1030
1745357139211 4.6265974044799805 1040
1745357144460 3.668177604675293 1050
1745357149877 3.782616138458252 1060
1745357155060 3.2353599071502686 1070
1745357160226 3.8978021144866943 1080
1745357165840 3.8697760105133057 1090
1745357170974 3.825615167617798 1100
1745357176270 3.324446439743042 1110
1745357181931 3.612773895263672 1120
1745357187211 4.35299015045166 1130
1745357192497 4.030490875244141 1140
1745357207339 3.3679287433624268 1150
1745357213015 3.96071720123291 1160
1745357218220 3.8673255443573 1170
1745357223329 3.4782674312591553 1180
1745357228603 3.6613433361053467 1190
1745357233944 3.486077308654785 1200
1745357239077 3.4639363288879395 1210
1745357244866 3.4286773204803467 1220
1745357250165 4.183042049407959 1230
1745357255739 3.315491199493408 1240
1745357261252 3.014338254928589 1250
1745357266584 4.156428813934326 1260
1745357271414 2.8864753246307373 1270
1745357286341 3.8883752822875977 1280
1745357291859 3.849626064300537 1290
1745357297317 3.792787551879883 1300
1745357302400 3.3607120513916016 1310
1745357307533 3.3557276725769043 1320
1745357313134 4.066686153411865 1330
1745357318923 3.3357222080230713 1340
1745357324053 3.631265878677368 1350
1745357329316 3.5630974769592285 1360
1745357334552 3.7672414779663086 1370
1745357339655 3.6582963466644287 1380
1745357345114 3.669323682785034 1390
1745357359886 3.5878124237060547 1400
1745357364995 4.156048774719238 1410
1745357370501 3.2682511806488037 1420
1745357376129 3.5688724517822266 1430
1745357381657 3.6364376544952393 1440
1745357387011 3.237185001373291 1450
1745357392295 3.8139638900756836 1460
1745357397445 3.534956216812134 1470
1745357402588 3.7143561840057373 1480
1745357408027 4.174928188323975 1490
1745357413172 3.44673752784729 1500
1745357418596 3.8203699588775635 1510
1745357423909 3.3418619632720947 1520
1745357438609 3.332939863204956 1530
1745357444034 3.2634687423706055 1540
1745357449229 3.996767520904541 1550
1745357454911 3.2193424701690674 1560
1745357460001 3.445829153060913 1570
1745357465419 3.1798744201660156 1580
1745357470698 3.27034854888916 1590
1745357476179 3.9988226890563965 1600
1745357481401 3.6216909885406494 1610
1745357486879 4.2940754890441895 1620
1745357492157 3.9375476837158203 1630
1745357497773 3.8258612155914307 1640
1745357503166 3.215493679046631 1650
1745357518081 3.2789902687072754 1660
1745357523306 3.2457942962646484 1670
1745357528904 4.08368444442749 1680
1745357534027 3.463040351867676 1690
1745357539290 3.4785056114196777 1700
1745357544960 4.774106502532959 1710
1745357550311 3.8400003910064697 1720
1745357555988 3.5063540935516357 1730
1745357561395 3.448113203048706 1740
1745357566855 2.939119577407837 1750
1745357572508 3.9218802452087402 1760
1745357577869 3.141690731048584 1770
1745357592604 3.540611505508423 1780
1745357597987 3.0327203273773193 1790
1745357603174 3.661698579788208 1800
1745357608689 4.378343105316162 1810
1745357614010 4.1750946044921875 1820
1745357619500 3.8063302040100098 1830
1745357625103 4.1149797439575195 1840
1745357630397 3.453065872192383 1850
1745357635685 3.6242246627807617 1860
1745357641065 3.467935800552368 1870
1745357646685 3.5590031147003174 1880
1745357652020 3.9081637859344482 1890
1745357657376 3.535917043685913 1900
1745357672521 3.853778839111328 1910
1745357677689 3.6344525814056396 1920
1745357683435 3.2516164779663086 1930
1745357688856 3.8122172355651855 1940
1745357694355 3.236229181289673 1950
1745357699529 3.763927936553955 1960
1745357704777 3.8255178928375244 1970
1745357710224 3.80914568901062 1980
1745357715745 4.075965404510498 1990
1745357720840 3.202683210372925 2000
1745357726303 3.6503448486328125 2010
1745357731768 3.382309913635254 2020
1745357737273 3.39100980758667 2030
1745357752079 3.6981523036956787 2040
1745357757413 3.743818759918213 2050
1745357762555 3.3919758796691895 2060
1745357767881 2.8509597778320312 2070
1745357773217 3.1205477714538574 2080
1745357779062 3.8355166912078857 2090
1745357784252 3.603663206100464 2100
1745357789538 3.786404609680176 2110
1745357794805 3.9621505737304688 2120
1745357799908 2.8833203315734863 2130
1745357805299 4.040344715118408 2140
1745357810614 3.7361207008361816 2150
1745357825628 2.9476370811462402 2160
1745357831661 3.6768240928649902 2170
1745357837077 3.4427878856658936 2180
1745357842190 2.8514795303344727 2190
1745357847391 3.4989535808563232 2200
1745357852867 3.9352011680603027 2210
1745357858279 3.7725203037261963 2220
1745357863967 3.8586266040802 2230
1745357869322 4.06436824798584 2240
1745357874624 2.9421613216400146 2250
1745357879868 3.677136182785034 2260
1745357885128 3.9504051208496094 2270
1745357890488 3.4238383769989014 2280
1745357905321 3.3030261993408203 2290
1745357910672 3.8045408725738525 2300
1745357916345 3.2099337577819824 2310
1745357921474 3.2332301139831543 2320
1745357926670 3.7926137447357178 2330
1745357931773 3.1513583660125732 2340
1745357937152 3.826009511947632 2350
1745357942471 3.375584602355957 2360
1745357947810 3.4107227325439453 2370
1745357953239 3.437943935394287 2380
1745357958658 3.959071397781372 2390
1745357964253 4.063026428222656 2400
1745357969748 3.4473347663879395 2410
1745357984604 3.715082883834839 2420
1745357989919 3.4878437519073486 2430
1745357995354 3.342190742492676 2440
1745358000822 3.96777606010437 2450
1745358006189 3.4858896732330322 2460
1745358011421 3.4545693397521973 2470
1745358016751 4.258238792419434 2480
1745358022272 3.6073946952819824 2490
1745358027477 3.2713968753814697 2500
1745358032715 3.6593539714813232 2510
1745358037894 4.072942733764648 2520
1745358043244 3.2735507488250732 2530
1745358047944 3.2555363178253174 2540
1745358062777 3.473238945007324 2550
1745358067878 4.04182243347168 2560
1745358073379 3.2435834407806396 2570
1745358078512 5.110363483428955 2580
1745358083598 3.0001776218414307 2590
1745358088977 4.066551685333252 2600
1745358094078 3.7498443126678467 2610
1745358099184 4.11107873916626 2620
1745358104340 4.061884880065918 2630
1745358110074 3.1177923679351807 2640
1745358115776 4.34910774230957 2650
1745358120967 3.4969332218170166 2660
1745358136331 3.184842348098755 2670
1745358142043 3.191732883453369 2680
1745358147277 4.105411052703857 2690
1745358152538 3.4816787242889404 2700
1745358157952 3.315068244934082 2710
1745358163750 3.681776285171509 2720
1745358168973 3.9654018878936768 2730
1745358174442 4.234681606292725 2740
1745358179794 2.9478416442871094 2750
1745358185594 4.277491092681885 2760
1745358190959 3.2889959812164307 2770
1745358196301 3.635809898376465 2780
1745358201734 3.168706178665161 2790
1745358216924 4.121130466461182 2800
1745358222147 3.529109239578247 2810
1745358227580 3.89095139503479 2820
1745358233125 3.848518133163452 2830
1745358238309 3.2887754440307617 2840
1745358243522 3.17409348487854 2850
1745358248865 2.6213066577911377 2860
1745358254326 3.667811393737793 2870
1745358259570 3.6947953701019287 2880
1745358265201 3.922788619995117 2890
1745358270418 3.527519941329956 2900
1745358275873 3.2860865592956543 2910
1745358280995 3.0867693424224854 2920
1745358295896 3.3733718395233154 2930
1745358301043 3.1605162620544434 2940
1745358306486 3.446375608444214 2950
1745358311978 3.3365607261657715 2960
1745358317208 3.3231184482574463 2970
1745358322365 3.985201120376587 2980
1745358328294 3.1989212036132812 2990
1745358333627 3.4243812561035156 3000
1745358338871 3.413813352584839 3010
1745358344899 3.10335111618042 3020
1745358350019 3.6347100734710693 3030
1745358355261 3.491065502166748 3040
1745358370588 3.6300997734069824 3050
1745358376322 3.6048905849456787 3060
1745358381851 3.7252280712127686 3070
1745358387025 3.1736698150634766 3080
1745358392372 3.7885923385620117 3090
1745358397852 3.492204427719116 3100
1745358403265 2.640540838241577 3110
1745358408482 3.331770181655884 3120
1745358413653 3.4790546894073486 3130
1745358419205 2.7677865028381348 3140
1745358424848 3.242192268371582 3150
1745358430593 3.5880556106567383 3160
1745358436106 3.248495101928711 3170
1745358451505 3.4567973613739014 3180
1745358457489 3.5795207023620605 3190
1745358462863 3.226034641265869 3200
1745358468209 4.125540256500244 3210
1745358473615 3.3655924797058105 3220
1745358479014 3.221825122833252 3230
1745358484239 3.4816207885742188 3240
1745358489842 3.9375247955322266 3250
1745358495135 2.8355424404144287 3260
1745358500605 3.388221025466919 3270
1745358505771 3.3070743083953857 3280
1745358511097 4.273270130157471 3290
1745358516326 3.8759818077087402 3300
1745358531267 3.302140474319458 3310
1745358536525 4.148745059967041 3320
1745358542394 3.3117470741271973 3330
1745358547976 2.8114469051361084 3340
1745358553215 4.197760105133057 3350
1745358558476 4.118451118469238 3360
1745358564046 3.534125328063965 3370
1745358569324 3.216845750808716 3380
1745358574559 2.87251877784729 3390
1745358580315 3.2858474254608154 3400
1745358585791 4.061461925506592 3410
1745358590959 3.1961724758148193 3420
1745358605809 3.2617990970611572 3430
1745358611238 3.7921555042266846 3440
1745358616459 3.3454861640930176 3450
1745358621600 3.925719976425171 3460
1745358626895 3.776524066925049 3470
1745358632350 4.1715521812438965 3480
1745358637509 3.27118182182312 3490
1745358642840 3.0972421169281006 3500
1745358648137 3.610661268234253 3510
1745358653545 4.0306501388549805 3520
1745358658684 3.3612844944000244 3530
1745358664193 4.013416290283203 3540
1745358669345 3.075791835784912 3550
1745358685020 4.239041805267334 3560
1745358690433 3.4285075664520264 3570
1745358696151 4.0962910652160645 3580
1745358701743 3.8397610187530518 3590
1745358707467 3.723160982131958 3600
1745358712676 3.2997727394104004 3610
1745358717895 3.6685025691986084 3620
1745358723536 3.8094329833984375 3630
1745358728769 3.100489616394043 3640
1745358734222 3.245142936706543 3650
1745358739425 4.571938514709473 3660
1745358744838 3.5338966846466064 3670
1745358749992 3.318103313446045 3680
1745358765624 2.908229351043701 3690
1745358770981 3.4476990699768066 3700
1745358776537 3.289339780807495 3710
1745358781831 3.1780989170074463 3720
1745358787398 3.5675864219665527 3730
1745358792771 3.261840343475342 3740
1745358798298 3.704042673110962 3750
1745358803993 3.0483100414276123 3760
1745358809978 3.793978214263916 3770
1745358815609 3.4120023250579834 3780
1745358820794 3.7084217071533203 3790
1745358825954 3.3046958446502686 3800
1745358830763 4.0248823165893555 3810
