1745356512464 2.3622047244094487e-06 10
1745356518473 4.9868766404199475e-06 20
1745356524029 7.611548556430446e-06 30
1745356529685 1.0236220472440946e-05 40
1745356535019 1.2860892388451445e-05 50
1745356540515 1.5485564304461945e-05 60
1745356545801 1.8110236220472444e-05 70
1745356551521 2.0734908136482943e-05 80
1745356557362 2.335958005249344e-05 90
1745356562716 2.5984251968503937e-05 100
1745356568630 2.860892388451444e-05 110
1745356573847 3.1233595800524935e-05 120
1745356588952 3.385826771653544e-05 130
1745356594520 3.648293963254593e-05 140
1745356599739 3.9107611548556434e-05 150
1745356604859 4.173228346456693e-05 160
1745356609975 4.435695538057743e-05 170
1745356615398 4.698162729658793e-05 180
1745356620627 4.960629921259843e-05 190
1745356625805 5.223097112860893e-05 200
1745356631171 5.485564304461942e-05 210
1745356636408 5.748031496062992e-05 220
1745356641726 6.0104986876640425e-05 230
1745356647125 6.272965879265093e-05 240
1745356652331 6.535433070866141e-05 250
1745356667194 6.797900262467192e-05 260
1745356672400 7.060367454068241e-05 270
1745356678036 7.322834645669292e-05 280
1745356683169 7.58530183727034e-05 290
1745356688322 7.847769028871391e-05 300
1745356693818 8.110236220472441e-05 310
1745356698900 8.372703412073492e-05 320
1745356703951 8.63517060367454e-05 330
1745356709410 8.897637795275591e-05 340
1745356714491 9.16010498687664e-05 350
1745356719571 9.422572178477691e-05 360
1745356724920 9.68503937007874e-05 370
1745356730164 9.94750656167979e-05 380
1745356745052 9.999865697896888e-05 390
1745356750160 9.999320107968219e-05 400
1745356755545 9.998354882093378e-05 410
1745356760774 9.996970101292072e-05 420
1745356765938 9.99516588180087e-05 430
1745356771375 9.992942375063434e-05 440
1745356776728 9.990299767717817e-05 450
1745356781878 9.987238281580786e-05 460
1745356787151 9.98375817362921e-05 470
1745356792323 9.979859735978487e-05 480
1745356797573 9.975543295858035e-05 490
1745356802823 9.970809215583799e-05 500
1745356817726 9.965657892527868e-05 510
1745356822848 9.960089759085105e-05 520
1745356827972 9.954105282636852e-05 530
1745356833233 9.947704965511701e-05 540
1745356838488 9.940889344943329e-05 550
1745356843595 9.93365899302541e-05 560
1745356849191 9.926014516663581e-05 570
1745356854394 9.91795655752451e-05 580
1745356859512 9.909485791982029e-05 590
1745356864915 9.900602931060367e-05 600
1745356870655 9.89130872037446e-05 610
1745356875882 9.881603940067368e-05 620
1745356881335 9.871489404744796e-05 630
1745356896294 9.860965963406707e-05 640
1745356901600 9.850034499376069e-05 650
1745356907117 9.8386959302247e-05 660
1745356912408 9.826951207696258e-05 670
1745356917874 9.814801317626343e-05 680
1745356923123 9.802247279859756e-05 690
1745356928544 9.78929014816489e-05 700
1745356933914 9.775931010145279e-05 710
1745356939078 9.762170987148305e-05 720
1745356944440 9.74801123417108e-05 730
1745356950025 9.733452939763487e-05 740
1745356955394 9.718497325928424e-05 750
1745356960568 9.70314564801922e-05 760
1745356975800 9.687399194634277e-05 770
1745356981332 9.671259287508894e-05 780
1745356986531 9.654727281404327e-05 790
1745356991782 9.637804563994079e-05 800
1745356997271 9.620492555747406e-05 810
1745357002439 9.602792709810097e-05 820
1745357007606 9.584706511882497e-05 830
1745357013308 9.566235480094793e-05 840
1745357018678 9.54738116487959e-05 850
1745357024184 9.528145148841771e-05 860
1745357029606 9.508529046625648e-05 870
1745357034746 9.488534504779441e-05 880
1745357050022 9.468163201617062e-05 890
1745357055256 9.44741684707724e-05 900
1745357060650 9.426297182579993e-05 910
1745357066192 9.404805980880457e-05 920
1745357071296 9.382945045920084e-05 930
1745357076575 9.360716212675214e-05 940
1745357082021 9.338121347003054e-05 950
1745357087521 9.315162345485072e-05 960
1745357092698 9.291841135267778e-05 970
1745357098074 9.268159673900983e-05 980
1745357103441 9.24411994917347e-05 990
1745357108599 9.219723978946153e-05 1000
1745357113692 9.194973810982692e-05 1010
1745357128815 9.169871522777612e-05 1020
1745357133988 9.144419221381919e-05 1030
1745357139211 9.118619043226238e-05 1040
1745357144460 9.092473153941483e-05 1050
1745357149877 9.065983748177074e-05 1060
1745357155060 9.039153049416728e-05 1070
1745357160226 9.011983309791819e-05 1080
1745357165840 8.984476809892338e-05 1090
1745357170974 8.95663585857546e-05 1100
1745357176270 8.928462792771747e-05 1110
1745357181931 8.899959977288987e-05 1120
1745357187211 8.871129804613696e-05 1130
1745357192497 8.841974694710296e-05 1140
1745357207339 8.81249709481798e-05 1150
1745357213015 8.78269947924531e-05 1160
1745357218220 8.75258434916251e-05 1170
1745357223329 8.722154232391528e-05 1180
1745357228603 8.691411683193862e-05 1190
1745357233944 8.660359282056144e-05 1200
1745357239077 8.628999635473546e-05 1210
1745357244866 8.597335375730997e-05 1220
1745357250165 8.565369160682226e-05 1230
1745357255739 8.533103673526672e-05 1240
1745357261252 8.500541622584253e-05 1250
1745357266584 8.467685741068036e-05 1260
1745357271414 8.43453878685482e-05 1270
1745357286341 8.401103542253638e-05 1280
1745357291859 8.367382813772217e-05 1290
1745357297317 8.333379431881397e-05 1300
1745357302400 8.299096250777557e-05 1310
1745357307533 8.264536148143023e-05 1320
1745357313134 8.229702024904535e-05 1330
1745357318923 8.194596804989738e-05 1340
1745357324053 8.159223435081751e-05 1350
1745357329316 8.123584884371829e-05 1360
1745357334552 8.087684144310136e-05 1370
1745357339655 8.051524228354641e-05 1380
1745357345114 8.015108171718177e-05 1390
1745357359886 7.978439031113668e-05 1400
1745357364995 7.941519884497548e-05 1410
1745357370501 7.904353830811417e-05 1420
1745357376129 7.8669439897219e-05 1430
1745357381657 7.829293501358797e-05 1440
1745357387011 7.791405526051509e-05 1450
1745357392295 7.753283244063758e-05 1460
1745357397445 7.714929855326638e-05 1470
1745357402588 7.676348579170021e-05 1480
1745357408027 7.637542654052335e-05 1490
1745357413172 7.598515337288722e-05 1500
1745357418596 7.559269904777639e-05 1510
1745357423909 7.519809650725861e-05 1520
1745357438609 7.480137887371994e-05 1530
1745357444034 7.440257944708435e-05 1540
1745357449229 7.40017317020186e-05 1550
1745357454911 7.359886928512248e-05 1560
1745357460001 7.319402601210448e-05 1570
1745357465419 7.278723586494339e-05 1580
1745357470698 7.237853298903591e-05 1590
1745357476179 7.196795169033054e-05 1600
1745357481401 7.155552643244793e-05 1610
1745357486879 7.114129183378808e-05 1620
1745357492157 7.072528266462457e-05 1630
1745357497773 7.03075338441859e-05 1640
1745357503166 6.988808043772452e-05 1650
1745357518081 6.94669576535734e-05 1660
1745357523306 6.904420084019076e-05 1670
1745357528904 6.8619845483193e-05 1680
1745357534027 6.819392720237593e-05 1690
1745357539290 6.77664817487251e-05 1700
1745357544960 6.733754500141478e-05 1710
1745357550311 6.690715296479632e-05 1720
1745357555988 6.647534176537608e-05 1730
1745357561395 6.604214764878293e-05 1740
1745357566855 6.560760697672584e-05 1750
1745357572508 6.517175622394183e-05 1760
1745357577869 6.473463197513422e-05 1770
1745357592604 6.429627092190185e-05 1780
1745357597987 6.385670985965915e-05 1790
1745357603174 6.341598568454766e-05 1800
1745357608689 6.297413539033894e-05 1810
1745357614010 6.25311960653295e-05 1820
1745357619500 6.208720488922751e-05 1830
1745357625103 6.164219913003207e-05 1840
1745357630397 6.119621614090498e-05 1850
1745357635685 6.074929335703532e-05 1860
1745357641065 6.030146829249725e-05 1870
1745357646685 5.9852778537101116e-05 1880
1745357652020 5.940326175323819e-05 1890
1745357657376 5.895295567271939e-05 1900
1745357672521 5.850189809360804e-05 1910
1745357677689 5.805012687704726e-05 1920
1745357683435 5.759767994408187e-05 1930
1745357688856 5.7144595272475376e-05 1940
1745357694355 5.6690910893522185e-05 1950
1745357699529 5.623666488885532e-05 1960
1745357704777 5.578189538724986e-05 1970
1745357710224 5.532664056142247e-05 1980
1745357715745 5.487093862482729e-05 1990
1745357720840 5.441482782844831e-05 2000
1745357726303 5.395834645758859e-05 2010
1745357731768 5.350153282865674e-05 2020
1745357737273 5.304442528595064e-05 2030
1745357752079 5.258706219843889e-05 2040
1745357757413 5.2129481956540136e-05 2050
1745357762555 5.167172296890068e-05 2060
1745357767881 5.12138236591705e-05 2070
1745357773217 5.075582246277799e-05 2080
1745357779062 5.029775782370377e-05 2090
1745357784252 4.9839668191253794e-05 2100
1745357789538 4.938159201683186e-05 2110
1745357794805 4.892356775071216e-05 2120
1745357799908 4.8465633838811784e-05 2130
1745357805299 4.8007828719463566e-05 2140
1745357810614 4.755019082018971e-05 2150
1745357825628 4.709275855447621e-05 2160
1745357831661 4.663557031854844e-05 2170
1745357837077 4.617866448814826e-05 2180
1745357842190 4.5722079415312834e-05 2190
1745357847391 4.526585342515533e-05 2200
1745357852867 4.4810024812648063e-05 2210
1745357858279 4.435463183940799e-05 2220
1745357863967 4.3899712730485146e-05 2230
1745357869322 4.344530567115406e-05 2240
1745357874624 4.299144880370849e-05 2250
1745357879868 4.2538180224259885e-05 2260
1745357885128 4.208553797953967e-05 2270
1745357890488 4.163356006370549e-05 2280
1745357905321 4.118228441515226e-05 2290
1745357910672 4.073174891332751e-05 2300
1745357916345 4.0281991375551905e-05 2310
1745357921474 3.983304955384488e-05 2320
1745357926670 3.93849611317558e-05 2330
1745357931773 3.8937763721200874e-05 2340
1745357937152 3.8491494859306074e-05 2350
1745357942471 3.804619200525621e-05 2360
1745357947810 3.760189253715082e-05 2370
1745357953239 3.715863374886661e-05 2380
1745357958658 3.671645284692704e-05 2390
1745357964253 3.6275386947379365e-05 2400
1745357969748 3.583547307267904e-05 2410
1745357984604 3.539674814858216e-05 2420
1745357989919 3.4959249001045994e-05 2430
1745357995354 3.452301235313786e-05 2440
1745358000822 3.408807482195255e-05 2450
1745358006189 3.365447291553889e-05 2460
1745358011421 3.322224302983517e-05 2470
1745358016751 3.279142144561421e-05 2480
1745358022272 3.236204432543799e-05 2490
1745358027477 3.193414771062211e-05 2500
1745358032715 3.1507767518210725e-05 2510
1745358037894 3.1082939537961555e-05 2520
1745358043244 3.065969942934179e-05 2530
1745358047944 3.023808271853492e-05 2540
1745358062777 2.9818124795458714e-05 2550
1745358067878 2.939986091079453e-05 2560
1745358073379 2.8983326173028603e-05 2570
1745358078512 2.8568555545504932e-05 2580
1745358083598 2.8155583843490573e-05 2590
1745358088977 2.7744445731253367e-05 2600
1745358094078 2.733517571915204e-05 2610
1745358099184 2.6927808160739743e-05 2620
1745358104340 2.6522377249880248e-05 2630
1745358110074 2.611891701787783e-05 2640
1745358115776 2.5717461330620818e-05 2650
1745358120967 2.5318043885738753e-05 2660
1745358136331 2.4920698209774013e-05 2670
1745358142043 2.452545765536755e-05 2680
1745358147277 2.4132355398459443e-05 2690
1745358152538 2.3741424435503923e-05 2700
1745358157952 2.3352697580699967e-05 2710
1745358163750 2.2966207463236738e-05 2720
1745358168973 2.258198652455477e-05 2730
1745358174442 2.220006701562298e-05 2740
1745358179794 2.1820480994231374e-05 2750
1745358185594 2.1443260322300372e-05 2760
1745358190959 2.106843666320622e-05 2770
1745358196301 2.0696041479123236e-05 2780
1745358201734 2.0326106028382995e-05 2790
1745358216924 1.9958661362850452e-05 2800
1745358222147 1.9593738325317527e-05 2810
1745358227580 1.9231367546914232e-05 2820
1745358233125 1.887157944453749e-05 2830
1745358238309 1.8514404218298003e-05 2840
1745358243522 1.815987184898535e-05 2850
1745358248865 1.7808012095551336e-05 2860
1745358254326 1.745885449261212e-05 2870
1745358259570 1.71124283479692e-05 2880
1745358265201 1.6768762740149157e-05 2890
1745358270418 1.6427886515963087e-05 2900
1745358275873 1.6089828288085053e-05 2910
1745358280995 1.5754616432650444e-05 2920
1745358295896 1.542227908687418e-05 2930
1745358301043 1.5092844146688757e-05 2940
1745358306486 1.4766339264402901e-05 2950
1745358311978 1.4442791846380316e-05 2960
1745358317208 1.4122229050739294e-05 2970
1745358322365 1.3804677785073084e-05 2980
1745358328294 1.3490164704191366e-05 2990
1745358333627 1.3178716207882775e-05 3000
1745358338871 1.2870358438699004e-05 3010
1745358344899 1.2565117279760497e-05 3020
1745358350019 1.2263018352583667e-05 3030
1745358355261 1.1964087014930503e-05 3040
1745358370588 1.1668348358679887e-05 3050
1745358376322 1.1375827207721479e-05 3060
1745358381851 1.108654811587211e-05 3070
1745358387025 1.080053536481458e-05 3080
1745358392372 1.0517812962059726e-05 3090
1745358397852 1.0238404638931077e-05 3100
1745358403265 9.962333848572958e-06 3110
1745358408482 9.689623763981847e-06 3120
1745358413653 9.42029727606133e-06 3130
1745358419205 9.154376991700541e-06 3140
1745358424848 8.891885231876673e-06 3150
1745358430593 8.6328440297814e-06 3160
1745358436106 8.377275128971319e-06 3170
1745358451505 8.125199981542986e-06 3180
1745358457489 7.876639746332131e-06 3190
1745358462863 7.631615287137684e-06 3200
1745358468209 7.390147170970457e-06 3210
1745358473615 7.152255666326807e-06 3220
1745358479014 6.917960741487334e-06 3230
1745358484239 6.6872820628407216e-06 3240
1745358489842 6.4602389932330254e-06 3250
1745358495135 6.236850590342319e-06 3260
1745358500605 6.017135605079122e-06 3270
1745358505771 5.801112480012344e-06 3280
1745358511097 5.588799347821349e-06 3290
1745358516326 5.380214029773856e-06 3300
1745358531267 5.17537403423008e-06 3310
1745358536525 4.97429655517313e-06 3320
1745358542394 4.776998470765664e-06 3330
1745358547976 4.583496341933302e-06 3340
1745358553215 4.393806410974433e-06 3350
1745358558476 4.2079446001968555e-06 3360
1745358564046 4.025926510581357e-06 3370
1745358569324 3.847767420472104e-06 3380
1745358574559 3.673482284294244e-06 3390
1745358580315 3.5030857312986333e-06 3400
1745358585791 3.336592064333921e-06 3410
1745358590959 3.1740152586459127e-06 3420
1745358605809 3.0153689607045845e-06 3430
1745358611238 2.8606664870585555e-06 3440
1745358616459 2.70992082321736e-06 3450
1745358621600 2.563144622561453e-06 3460
1745358626895 2.420350205280053e-06 3470
1745358632350 2.281549557337098e-06 3480
1745358637509 2.1467543294650725e-06 3490
1745358642840 2.015975836187106e-06 3500
1745358648137 1.8892250548672386e-06 3510
1745358653545 1.7665126247889851e-06 3520
1745358658684 1.6478488462623177e-06 3530
1745358664193 1.5332436797590334e-06 3540
1745358669345 1.4227067450767128e-06 3550
1745358685020 1.3162473205312442e-06 3560
1745358690433 1.2138743421780063e-06 3570
1745358696151 1.1155964030617916e-06 3580
1745358701743 1.0214217524955272e-06 3590
1745358707467 9.31358295367829e-07 3600
1745358712676 8.454135914794659e-07 3610
1745358717895 7.635948549088334e-07 3620
1745358723536 6.859089534063779e-07 3630
1745358728769 6.123624078181511e-07 3640
1745358734222 5.429613915384546e-07 3650
1745358739425 4.777117299916478e-07 3660
1745358744838 4.16618900143162e-07 3670
1745358749992 3.596880300398009e-07 3680
1745358765624 3.0692389837926885e-07 3690
1745358770981 2.583309341090745e-07 3700
1745358776537 2.1391321605475635e-07 3710
1745358781831 1.736744725775119e-07 3720
1745358787398 1.3761808126126486e-07 3730
1745358792771 1.0574706862913619e-07 3740
1745358798298 7.806410988940305e-08 3750
1745358803993 5.457152871094495e-08 3760
1745358809978 3.5271297028216524e-08 3770
1745358815609 2.0165034875696542e-08 3780
1745358820794 9.254010251935618e-09 3790
1745358825954 2.5391390130968806e-09 3800
1745358830763 2.0984796089695835e-11 3810
