1745356512464 2.759 10
1745356518473 2.7546 20
1745356524029 2.6936 30
1745356529685 2.6281 40
1745356535019 2.5808 50
1745356540515 2.5309 60
1745356545801 2.4518 70
1745356551521 2.4425 80
1745356557362 2.3281 90
1745356562716 2.3183 100
1745356568630 2.2599 110
1745356573847 2.2181 120
1745356588952 2.1524 130
1745356594520 2.1199 140
1745356599739 2.042 150
1745356604859 2.0428 160
1745356609975 1.9678 170
1745356615398 1.9689 180
1745356620627 1.8913 190
1745356625805 1.8948 200
1745356631171 1.8537 210
1745356636408 1.8392 220
1745356641726 1.8015 230
1745356647125 1.7987 240
1745356652331 1.7624 250
1745356667194 1.7401 260
1745356672400 1.6698 270
1745356678036 1.6904 280
1745356683169 1.719 290
1745356688322 1.6652 300
1745356693818 1.6832 310
1745356698900 1.661 320
1745356703951 1.5938 330
1745356709410 1.6285 340
1745356714491 1.5949 350
1745356719571 1.6168 360
1745356724920 1.5469 370
1745356730164 1.5736 380
1745356745052 1.5142 390
1745356750160 1.5244 400
1745356755545 1.5521 410
1745356760774 1.5443 420
1745356765938 1.4865 430
1745356771375 1.511 440
1745356776728 1.5362 450
1745356781878 1.5819 460
1745356787151 1.5478 470
1745356792323 1.5103 480
1745356797573 1.4904 490
1745356802823 1.4513 500
1745356817726 1.4535 510
1745356822848 1.4271 520
1745356827972 1.4117 530
1745356833233 1.4489 540
1745356838488 1.379 550
1745356843595 1.4415 560
1745356849191 1.4177 570
1745356854394 1.468 580
1745356859512 1.4254 590
1745356864915 1.4518 600
1745356870655 1.4376 610
1745356875882 1.4585 620
1745356881335 1.4618 630
1745356896294 1.42 640
1745356901600 1.3925 650
1745356907117 1.3476 660
1745356912408 1.3226 670
1745356917874 1.4406 680
1745356923123 1.3715 690
1745356928544 1.3744 700
1745356933914 1.4653 710
1745356939078 1.3949 720
1745356944440 1.4188 730
1745356950025 1.3864 740
1745356955394 1.3586 750
1745356960568 1.3878 760
1745356975800 1.2926 770
1745356981332 1.3105 780
1745356986531 1.276 790
1745356991782 1.3531 800
1745356997271 1.3671 810
1745357002439 1.3415 820
1745357007606 1.3298 830
1745357013308 1.3322 840
1745357018678 1.3562 850
1745357024184 1.3491 860
1745357029606 1.3541 870
1745357034746 1.3042 880
1745357050022 1.3165 890
1745357055256 1.3088 900
1745357060650 1.2634 910
1745357066192 1.2976 920
1745357071296 1.2721 930
1745357076575 1.3413 940
1745357082021 1.3341 950
1745357087521 1.2552 960
1745357092698 1.2993 970
1745357098074 1.2875 980
1745357103441 1.2473 990
1745357108599 1.3247 1000
1745357113692 1.3317 1010
1745357128815 1.2908 1020
1745357133988 1.2891 1030
1745357139211 1.2625 1040
1745357144460 1.3001 1050
1745357149877 1.2488 1060
1745357155060 1.2531 1070
1745357160226 1.2808 1080
1745357165840 1.2058 1090
1745357170974 1.2076 1100
1745357176270 1.278 1110
1745357181931 1.2888 1120
1745357187211 1.2284 1130
1745357192497 1.2649 1140
1745357207339 1.2473 1150
1745357213015 1.2765 1160
1745357218220 1.2785 1170
1745357223329 1.2246 1180
1745357228603 1.2254 1190
1745357233944 1.1909 1200
1745357239077 1.2097 1210
1745357244866 1.2642 1220
1745357250165 1.2071 1230
1745357255739 1.2296 1240
1745357261252 1.242 1250
1745357266584 1.2486 1260
1745357271414 1.2345 1270
1745357286341 1.2259 1280
1745357291859 1.2311 1290
1745357297317 1.1942 1300
1745357302400 1.2073 1310
1745357307533 1.1853 1320
1745357313134 1.144 1330
1745357318923 1.1803 1340
1745357324053 1.1859 1350
1745357329316 1.2047 1360
1745357334552 1.176 1370
1745357339655 1.2403 1380
1745357345114 1.188 1390
1745357359886 1.214 1400
1745357364995 1.2227 1410
1745357370501 1.156 1420
1745357376129 1.1957 1430
1745357381657 1.19 1440
1745357387011 1.1872 1450
1745357392295 1.2181 1460
1745357397445 1.1467 1470
1745357402588 1.1689 1480
1745357408027 1.1695 1490
1745357413172 1.1575 1500
1745357418596 1.2133 1510
1745357423909 1.1467 1520
1745357438609 1.1332 1530
1745357444034 1.2326 1540
1745357449229 1.1328 1550
1745357454911 1.1795 1560
1745357460001 1.1359 1570
1745357465419 1.2175 1580
1745357470698 1.1736 1590
1745357476179 1.1789 1600
1745357481401 1.1459 1610
1745357486879 1.1834 1620
1745357492157 1.1526 1630
1745357497773 1.2098 1640
1745357503166 1.1493 1650
1745357518081 1.1707 1660
1745357523306 1.0983 1670
1745357528904 1.076 1680
1745357534027 1.1507 1690
1745357539290 1.2218 1700
1745357544960 1.149 1710
1745357550311 1.1854 1720
1745357555988 1.1322 1730
1745357561395 1.1301 1740
1745357566855 1.159 1750
1745357572508 1.1306 1760
1745357577869 1.1283 1770
1745357592604 1.1119 1780
1745357597987 1.1238 1790
1745357603174 1.1324 1800
1745357608689 1.1927 1810
1745357614010 1.1368 1820
1745357619500 1.109 1830
1745357625103 1.1074 1840
1745357630397 1.1123 1850
1745357635685 1.1528 1860
1745357641065 1.1712 1870
1745357646685 1.1379 1880
1745357652020 1.1402 1890
1745357657376 1.1157 1900
1745357672521 1.1674 1910
1745357677689 1.08 1920
1745357683435 1.0912 1930
1745357688856 1.1473 1940
1745357694355 1.1069 1950
1745357699529 1.1258 1960
1745357704777 1.113 1970
1745357710224 1.1122 1980
1745357715745 1.139 1990
1745357720840 1.116 2000
1745357726303 1.1488 2010
1745357731768 1.1443 2020
1745357737273 1.1343 2030
1745357752079 1.0755 2040
1745357757413 1.1065 2050
1745357762555 1.0848 2060
1745357767881 1.1378 2070
1745357773217 1.075 2080
1745357779062 1.1124 2090
1745357784252 1.1013 2100
1745357789538 1.1648 2110
1745357794805 1.1311 2120
1745357799908 1.1136 2130
1745357805299 1.1171 2140
1745357810614 1.0765 2150
1745357825628 1.0982 2160
1745357831661 1.0742 2170
1745357837077 1.0665 2180
1745357842190 1.0401 2190
1745357847391 1.1164 2200
1745357852867 1.0902 2210
1745357858279 1.0707 2220
1745357863967 1.0951 2230
1745357869322 1.1515 2240
1745357874624 1.0273 2250
1745357879868 1.1103 2260
1745357885128 1.1 2270
1745357890488 1.0507 2280
1745357905321 1.0907 2290
1745357910672 1.0726 2300
1745357916345 1.0559 2310
1745357921474 1.0682 2320
1745357926670 1.0881 2330
1745357931773 1.1092 2340
1745357937152 1.0504 2350
1745357942471 1.055 2360
1745357947810 1.0797 2370
1745357953239 1.0396 2380
1745357958658 1.0663 2390
1745357964253 1.0916 2400
1745357969748 1.0649 2410
1745357984604 1.0908 2420
1745357989919 1.0381 2430
1745357995354 1.0426 2440
1745358000822 1.0619 2450
1745358006189 1.0319 2460
1745358011421 1.0882 2470
1745358016751 1.0668 2480
1745358022272 1.0903 2490
1745358027477 1.0154 2500
1745358032715 1.0423 2510
1745358037894 1.0644 2520
1745358043244 1.003 2530
1745358047944 1.1067 2540
1745358062777 1.0172 2550
1745358067878 1.0483 2560
1745358073379 1.0701 2570
1745358078512 1.0831 2580
1745358083598 1.0404 2590
1745358088977 1.043 2600
1745358094078 1.0508 2610
1745358099184 1.0486 2620
1745358104340 1.0519 2630
1745358110074 1.0428 2640
1745358115776 1.0614 2650
1745358120967 1.0554 2660
1745358136331 1.0785 2670
1745358142043 1.0247 2680
1745358147277 1.0161 2690
1745358152538 1.0413 2700
1745358157952 1.0378 2710
1745358163750 1.023 2720
1745358168973 1.0171 2730
1745358174442 1.0534 2740
1745358179794 1.0573 2750
1745358185594 1.02 2760
1745358190959 1.0195 2770
1745358196301 1.0273 2780
1745358201734 1.0294 2790
1745358216924 1.0365 2800
1745358222147 1.0274 2810
1745358227580 0.994 2820
1745358233125 1.0412 2830
1745358238309 1.0528 2840
1745358243522 1.016 2850
1745358248865 1.0208 2860
1745358254326 0.9457 2870
1745358259570 1.0356 2880
1745358265201 1.0326 2890
1745358270418 1.0554 2900
1745358275873 1.0136 2910
1745358280995 1.0676 2920
1745358295896 1.0293 2930
1745358301043 1.019 2940
1745358306486 1.0285 2950
1745358311978 1.0046 2960
1745358317208 1.0408 2970
1745358322365 1.0042 2980
1745358328294 1.0365 2990
1745358333627 0.9849 3000
1745358338871 1.0152 3010
1745358344899 1.0199 3020
1745358350019 1.0408 3030
1745358355261 1.045 3040
1745358370588 1.0202 3050
1745358376322 1.0233 3060
1745358381851 1.034 3070
1745358387025 1.029 3080
1745358392372 1.0943 3090
1745358397852 1.0105 3100
1745358403265 0.9604 3110
1745358408482 1.0435 3120
1745358413653 1.0767 3130
1745358419205 0.9768 3140
1745358424848 1.0456 3150
1745358430593 1.0 3160
1745358436106 1.014 3170
1745358451505 1.0494 3180
1745358457489 1.0283 3190
1745358462863 1.0032 3200
1745358468209 1.0266 3210
1745358473615 0.9717 3220
1745358479014 1.0432 3230
1745358484239 1.0265 3240
1745358489842 1.0139 3250
1745358495135 0.9611 3260
1745358500605 1.0292 3270
1745358505771 0.9961 3280
1745358511097 1.0658 3290
1745358516326 0.9945 3300
1745358531267 1.0147 3310
1745358536525 1.0339 3320
1745358542394 1.0106 3330
1745358547976 1.0246 3340
1745358553215 1.0431 3350
1745358558476 1.0494 3360
1745358564046 1.0318 3370
1745358569324 0.9781 3380
1745358574559 1.0076 3390
1745358580315 1.0141 3400
1745358585791 1.0136 3410
1745358590959 1.0181 3420
1745358605809 0.9708 3430
1745358611238 1.0003 3440
1745358616459 0.9814 3450
1745358621600 1.0154 3460
1745358626895 0.9978 3470
1745358632350 1.0382 3480
1745358637509 1.0086 3490
1745358642840 1.009 3500
1745358648137 1.0208 3510
1745358653545 1.0044 3520
1745358658684 0.9991 3530
1745358664193 0.9982 3540
1745358669345 0.9952 3550
1745358685020 0.9824 3560
1745358690433 0.9917 3570
1745358696151 1.0056 3580
1745358701743 0.9824 3590
1745358707467 0.9817 3600
1745358712676 1.0053 3610
1745358717895 1.0106 3620
1745358723536 0.9837 3630
1745358728769 1.0437 3640
1745358734222 1.0127 3650
1745358739425 1.0372 3660
1745358744838 1.0092 3670
1745358749992 1.0104 3680
1745358765624 1.0085 3690
1745358770981 1.054 3700
1745358776537 0.9951 3710
1745358781831 0.9801 3720
1745358787398 0.9838 3730
1745358792771 0.9474 3740
1745358798298 0.9928 3750
1745358803993 1.0106 3760
1745358809978 1.0352 3770
1745358815609 1.0163 3780
1745358820794 0.9796 3790
1745358825954 1.0185 3800
1745358830763 1.0103 3810
