1744589106647 0.5263157894736842 10
1744589126666 1.0 19
1744589130490 1.0526315789473684 20
1744589143864 1.5789473684210527 30
1744589159322 2.0 38
1744589164304 2.1052631578947367 40
1744589177542 2.6315789473684212 50
1744589191797 3.0 57
1744589198136 3.1578947368421053 60
1744589211550 3.6842105263157894 70
1744589224648 4.0 76
1744589232546 4.2105263157894735 80
1744589246008 4.7368421052631575 90
1744589257591 5.0 95
1744589266576 5.2631578947368425 100
1744589280067 5.7894736842105265 110
1744589290378 6.0 114
1744589301084 6.315789473684211 120
1744589315014 6.842105263157895 130
1744589323837 7.0 133
1744589335806 7.368421052631579 140
1744589349262 7.894736842105263 150
1744589356621 8.0 152
1744589369619 8.421052631578947 160
1744589382437 8.947368421052632 170
1744589389311 9.0 171
1744589403786 9.473684210526315 180
1744589415852 10.0 190
1744589421868 10.0 190
1744589437828 10.526315789473685 200
1744589454920 11.0 209
1744589458838 11.052631578947368 210
1744589471828 11.578947368421053 220
1744589487316 12.0 228
1744589492419 12.105263157894736 230
1744589505513 12.631578947368421 240
1744589519699 13.0 247
1744589526037 13.157894736842104 250
1744589539376 13.68421052631579 260
1744589551989 14.0 266
1744589559929 14.210526315789474 270
1744589573000 14.736842105263158 280
1744589584415 15.0 285
1744589586187 15.0 285
1744589586738 15.0 0
1744589592856 15.0 285
