1744589106647 0.8261659145355225 10
1744589130490 0.8383377194404602 20
1744589143864 0.8917797207832336 30
1744589164304 0.9018695950508118 40
1744589177542 0.9414891600608826 50
1744589198136 1.0410242080688477 60
1744589211550 1.0486807823181152 70
1744589232546 0.9961145520210266 80
1744589246008 1.0020421743392944 90
1744589266576 1.1143460273742676 100
1744589280067 1.132836937904358 110
1744589301084 1.1225441694259644 120
1744589315014 1.2357913255691528 130
1744589335806 1.076720952987671 140
1744589349262 1.2842257022857666 150
1744589369619 1.2565803527832031 160
1744589382437 1.2985427379608154 170
1744589403786 1.1689248085021973 180
1744589415852 1.6695482730865479 190
1744589437828 1.4075058698654175 200
1744589458838 1.2343862056732178 210
1744589471828 1.4125218391418457 220
1744589492419 1.2641892433166504 230
1744589505513 1.1165300607681274 240
1744589526037 1.333362340927124 250
1744589539376 1.4327572584152222 260
1744589559929 1.3741134405136108 270
1744589573000 1.3079814910888672 280
