1744589106647 2.905263157894737e-05 10
1744589130490 2.8e-05 20
1744589143864 2.6947368421052632e-05 30
1744589164304 2.5894736842105265e-05 40
1744589177542 2.4842105263157894e-05 50
1744589198136 2.3789473684210527e-05 60
1744589211550 2.273684210526316e-05 70
1744589232546 2.168421052631579e-05 80
1744589246008 2.0631578947368422e-05 90
1744589266576 1.9578947368421055e-05 100
1744589280067 1.8526315789473684e-05 110
1744589301084 1.7473684210526317e-05 120
1744589315014 1.642105263157895e-05 130
1744589335806 1.536842105263158e-05 140
1744589349262 1.431578947368421e-05 150
1744589369619 1.3263157894736843e-05 160
1744589382437 1.2210526315789474e-05 170
1744589403786 1.1157894736842105e-05 180
1744589415852 1.0105263157894738e-05 190
1744589437828 9.052631578947369e-06 200
1744589458838 8e-06 210
1744589471828 6.9473684210526315e-06 220
1744589492419 5.8947368421052634e-06 230
1744589505513 4.842105263157895e-06 240
1744589526037 3.7894736842105264e-06 250
1744589539376 2.7368421052631583e-06 260
1744589559929 1.6842105263157895e-06 270
1744589573000 6.315789473684211e-07 280
