1744589106647 2.6559 10
1744589130490 2.5546 20
1744589143864 2.4321 30
1744589164304 2.3197 40
1744589177542 2.2109 50
1744589198136 2.1121 60
1744589211550 2.014 70
1744589232546 1.9273 80
1744589246008 1.8624 90
1744589266576 1.7863 100
1744589280067 1.7225 110
1744589301084 1.6637 120
1744589315014 1.6112 130
1744589335806 1.5596 140
1744589349262 1.5331 150
1744589369619 1.495 160
1744589382437 1.4355 170
1744589403786 1.4193 180
1744589415852 1.3854 190
1744589437828 1.3232 200
1744589458838 1.3628 210
1744589471828 1.3357 220
1744589492419 1.3 230
1744589505513 1.2912 240
1744589526037 1.2962 250
1744589539376 1.278 260
1744589559929 1.2614 270
1744589573000 1.2711 280
