1744592299835 0.5263157894736842 10
1744592318425 1.0 19
1744592322165 1.0526315789473684 20
1744592335572 1.5789473684210527 30
1744592352324 2.0 38
1744592357753 2.1052631578947367 40
1744592372142 2.6315789473684212 50
1744592386787 3.0 57
1744592393924 3.1578947368421053 60
1744592407412 3.6842105263157894 70
1744592419934 4.0 76
1744592429515 4.2105263157894735 80
1744592442772 4.7368421052631575 90
1744592454143 5.0 95
1744592463059 5.2631578947368425 100
1744592476207 5.7894736842105265 110
1744592486096 6.0 114
1744592496335 6.315789473684211 120
1744592509648 6.842105263157895 130
1744592518515 7.0 133
1744592530274 7.368421052631579 140
1744592543644 7.894736842105263 150
1744592551001 8.0 152
1744592563995 8.421052631578947 160
1744592576705 8.947368421052632 170
1744592583048 9.0 171
1744592597378 9.473684210526315 180
1744592609053 10.0 190
1744592615195 10.0 190
1744592616964 10.0 190
1744592617487 10.0 0
1744592623558 10.0 190
