1744592299835 0.730646014213562 10
1744592322165 0.8934146165847778 20
1744592335572 0.9193320870399475 30
1744592357753 1.0015653371810913 40
1744592372142 1.011569619178772 50
1744592393924 1.01642906665802 60
1744592407412 0.9556889533996582 70
1744592429515 1.042198657989502 80
1744592442772 1.0834896564483643 90
1744592463059 1.1511473655700684 100
1744592476207 1.320096492767334 110
1744592496335 1.102924108505249 120
1744592509648 1.1817456483840942 130
1744592530274 1.1176989078521729 140
1744592543644 1.0906866788864136 150
1744592563995 1.20523202419281 160
1744592576705 1.2688521146774292 170
1744592597378 1.6440980434417725 180
1744592609053 1.5053868293762207 190
