1744592299835 2.8578947368421053e-05 10
1744592322165 2.7000000000000002e-05 20
1744592335572 2.5421052631578948e-05 30
1744592357753 2.3842105263157897e-05 40
1744592372142 2.2263157894736843e-05 50
1744592393924 2.0684210526315792e-05 60
1744592407412 1.9105263157894738e-05 70
1744592429515 1.7526315789473687e-05 80
1744592442772 1.5947368421052633e-05 90
1744592463059 1.4368421052631578e-05 100
1744592476207 1.2789473684210526e-05 110
1744592496335 1.1210526315789473e-05 120
1744592509648 9.63157894736842e-06 130
1744592530274 8.052631578947368e-06 140
1744592543644 6.473684210526316e-06 150
1744592563995 4.894736842105264e-06 160
1744592576705 3.3157894736842107e-06 170
1744592597378 1.7368421052631579e-06 180
1744592609053 1.5789473684210527e-07 190
