1745358901439 0.07874015748031496 10
1745358915719 0.15748031496062992 20
1745358930166 0.23622047244094488 30
1745358944668 0.31496062992125984 40
1745358958840 0.3937007874015748 50
1745358973342 0.47244094488188976 60
1745358986973 0.5511811023622047 70
1745359000746 0.6299212598425197 80
1745359014201 0.7086614173228346 90
1745359028387 0.7874015748031497 100
1745359042341 0.8661417322834646 110
1745359055866 0.9448818897637795 120
1745359093604 1.0 127
1745359099124 1.0236220472440944 130
1745359113062 1.1023622047244095 140
1745359126943 1.1811023622047245 150
1745359140679 1.2598425196850394 160
1745359154514 1.3385826771653544 170
1745359168185 1.4173228346456692 180
1745359181849 1.4960629921259843 190
1745359195589 1.574803149606299 200
1745359209566 1.6535433070866141 210
1745359223144 1.7322834645669292 220
1745359236846 1.811023622047244 230
1745359250463 1.889763779527559 240
1745359264179 1.968503937007874 250
1745359297383 2.0 254
1745359307762 2.047244094488189 260
1745359321446 2.1259842519685037 270
1745359335113 2.204724409448819 280
1745359348779 2.283464566929134 290
1745359362190 2.362204724409449 300
1745359375890 2.440944881889764 310
1745359389250 2.5196850393700787 320
1745359402852 2.5984251968503935 330
1745359416446 2.677165354330709 340
1745359430186 2.7559055118110236 350
1745359443609 2.8346456692913384 360
1745359457640 2.9133858267716537 370
1745359471586 2.9921259842519685 380
1745359500729 3.0 381
1745359514442 3.0708661417322833 390
1745359528594 3.1496062992125986 400
1745359542424 3.2283464566929134 410
1745359556161 3.3070866141732282 420
1745359569929 3.3858267716535435 430
1745359583660 3.4645669291338583 440
1745359597270 3.543307086614173 450
1745359610774 3.622047244094488 460
1745359624567 3.7007874015748032 470
1745359638301 3.779527559055118 480
1745359652398 3.8582677165354333 490
1745359666159 3.937007874015748 500
1745359705660 4.0 508
1745359710048 4.015748031496063 510
1745359723849 4.094488188976378 520
1745359737482 4.173228346456693 530
1745359751317 4.251968503937007 540
1745359765386 4.330708661417323 550
1745359778841 4.409448818897638 560
1745359792681 4.488188976377953 570
1745359806322 4.566929133858268 580
1745359820367 4.645669291338582 590
1745359834460 4.724409448818898 600
1745359848602 4.803149606299213 610
1745359862095 4.881889763779528 620
1745359875920 4.960629921259843 630
1745359910879 5.0 635
1745359919319 5.039370078740157 640
1745359933002 5.118110236220472 650
1745359946693 5.196850393700787 660
1745359960768 5.275590551181103 670
1745359974489 5.354330708661418 680
1745359988167 5.433070866141732 690
1745360001620 5.511811023622047 700
1745360015187 5.590551181102362 710
1745360028961 5.669291338582677 720
1745360043245 5.748031496062993 730
1745360056733 5.826771653543307 740
1745360070863 5.905511811023622 750
1745360084610 5.984251968503937 760
1745360115059 6.0 762
1745360127851 6.062992125984252 770
1745360141773 6.141732283464567 780
1745360155850 6.2204724409448815 790
1745360169483 6.299212598425197 800
1745360183152 6.377952755905512 810
1745360196586 6.456692913385827 820
1745360210374 6.535433070866142 830
1745360224110 6.6141732283464565 840
1745360238177 6.692913385826771 850
1745360251440 6.771653543307087 860
1745360265389 6.850393700787402 870
1745360279092 6.929133858267717 880
1745360319217 7.0 889
1745360322451 7.0078740157480315 890
1745360336070 7.086614173228346 900
1745360349776 7.165354330708661 910
1745360363193 7.244094488188976 920
1745360376989 7.322834645669292 930
1745360390873 7.4015748031496065 940
1745360405038 7.480314960629921 950
1745360418570 7.559055118110236 960
1745360432645 7.637795275590551 970
1745360446674 7.716535433070866 980
1745360460412 7.7952755905511815 990
1745360473913 7.874015748031496 1000
1745360487786 7.952755905511811 1010
1745360524067 8.0 1016
1745360531122 8.031496062992126 1020
1745360545042 8.11023622047244 1030
1745360558749 8.188976377952756 1040
1745360572741 8.26771653543307 1050
1745360586375 8.346456692913385 1060
1745360600039 8.4251968503937 1070
1745360613523 8.503937007874015 1080
1745360627143 8.582677165354331 1090
1745360641053 8.661417322834646 1100
1745360654859 8.740157480314961 1110
1745360668723 8.818897637795276 1120
1745360682494 8.89763779527559 1130
1745360696259 8.976377952755906 1140
1745360728096 9.0 1143
1745360739610 9.05511811023622 1150
1745360753447 9.133858267716535 1160
1745360767135 9.21259842519685 1170
1745360781016 9.291338582677165 1180
1745360794412 9.37007874015748 1190
1745360808404 9.448818897637794 1200
1745360821874 9.527559055118111 1210
1745360835798 9.606299212598426 1220
1745360849623 9.68503937007874 1230
1745360863300 9.763779527559056 1240
1745360876756 9.84251968503937 1250
1745360890601 9.921259842519685 1260
1745360903726 10.0 1270
1745360931920 10.0 1270
1745360947331 10.078740157480315 1280
1745360961290 10.15748031496063 1290
1745360975482 10.236220472440944 1300
1745360989279 10.31496062992126 1310
1745361003659 10.393700787401574 1320
1745361017472 10.472440944881889 1330
1745361031526 10.551181102362206 1340
1745361045709 10.62992125984252 1350
1745361059382 10.708661417322835 1360
1745361073217 10.78740157480315 1370
1745361087064 10.866141732283465 1380
1745361100927 10.94488188976378 1390
1745361138090 11.0 1397
1745361143989 11.023622047244094 1400
1745361157647 11.10236220472441 1410
1745361171396 11.181102362204724 1420
1745361184863 11.259842519685039 1430
1745361199019 11.338582677165354 1440
1745361212538 11.417322834645669 1450
1745361226399 11.496062992125985 1460
1745361240193 11.5748031496063 1470
1745361254334 11.653543307086615 1480
1745361268580 11.73228346456693 1490
1745361282446 11.811023622047244 1500
1745361296609 11.88976377952756 1510
1745361310108 11.968503937007874 1520
1745361343459 12.0 1524
1745361353230 12.047244094488189 1530
1745361366792 12.125984251968504 1540
1745361380251 12.204724409448819 1550
1745361393960 12.283464566929133 1560
1745361407701 12.362204724409448 1570
1745361421903 12.440944881889763 1580
1745361435713 12.519685039370078 1590
1745361449395 12.598425196850394 1600
1745361463278 12.67716535433071 1610
1745361476780 12.755905511811024 1620
1745361490776 12.834645669291339 1630
1745361504389 12.913385826771654 1640
1745361518099 12.992125984251969 1650
1745361547495 13.0 1651
1745361561409 13.070866141732283 1660
1745361575548 13.149606299212598 1670
1745361589369 13.228346456692913 1680
1745361603331 13.307086614173228 1690
1745361616857 13.385826771653543 1700
1745361630465 13.464566929133857 1710
1745361644290 13.543307086614174 1720
1745361658499 13.622047244094489 1730
1745361672140 13.700787401574804 1740
1745361685674 13.779527559055119 1750
1745361699444 13.858267716535433 1760
1745361713019 13.937007874015748 1770
1745361751593 14.0 1778
1745361756098 14.015748031496063 1780
1745361769489 14.094488188976378 1790
1745361783129 14.173228346456693 1800
1745361796541 14.251968503937007 1810
1745361810338 14.330708661417322 1820
1745361823823 14.409448818897637 1830
1745361837545 14.488188976377952 1840
1745361851141 14.566929133858268 1850
1745361865403 14.645669291338583 1860
1745361879198 14.724409448818898 1870
1745361893581 14.803149606299213 1880
1745361907556 14.881889763779528 1890
1745361921437 14.960629921259843 1900
1745361956223 15.0 1905
1745361964718 15.039370078740157 1910
1745361978681 15.118110236220472 1920
1745361992155 15.196850393700787 1930
1745362005994 15.275590551181102 1940
1745362019625 15.354330708661417 1950
1745362033417 15.433070866141732 1960
1745362046949 15.511811023622048 1970
1745362060607 15.590551181102363 1980
1745362074339 15.669291338582678 1990
1745362088177 15.748031496062993 2000
1745362101976 15.826771653543307 2010
1745362116043 15.905511811023622 2020
1745362129822 15.984251968503937 2030
1745362160805 16.0 2032
1745362173441 16.062992125984252 2040
1745362187061 16.141732283464567 2050
1745362200923 16.22047244094488 2060
1745362215309 16.299212598425196 2070
1745362229485 16.37795275590551 2080
1745362243078 16.456692913385826 2090
1745362257224 16.53543307086614 2100
1745362271208 16.614173228346456 2110
1745362285476 16.69291338582677 2120
1745362299176 16.771653543307085 2130
1745362312943 16.8503937007874 2140
1745362326631 16.929133858267715 2150
1745362366763 17.0 2159
1745362370006 17.007874015748033 2160
1745362383557 17.086614173228348 2170
1745362397346 17.165354330708663 2180
1745362411267 17.244094488188978 2190
1745362425152 17.322834645669293 2200
1745362439165 17.401574803149607 2210
1745362453310 17.480314960629922 2220
1745362467293 17.559055118110237 2230
1745362481194 17.637795275590552 2240
1745362494579 17.716535433070867 2250
1745362508306 17.79527559055118 2260
1745362521946 17.874015748031496 2270
1745362536072 17.95275590551181 2280
1745362572342 18.0 2286
1745362579539 18.031496062992126 2290
1745362593213 18.11023622047244 2300
1745362606927 18.188976377952756 2310
1745362621483 18.26771653543307 2320
1745362635495 18.346456692913385 2330
1745362649337 18.4251968503937 2340
1745362662932 18.503937007874015 2350
1745362676622 18.58267716535433 2360
1745362691012 18.661417322834644 2370
1745362704877 18.74015748031496 2380
1745362718654 18.818897637795274 2390
1745362732759 18.89763779527559 2400
1745362746965 18.976377952755904 2410
1745362779551 19.0 2413
1745362790860 19.055118110236222 2420
1745362804669 19.133858267716537 2430
1745362818447 19.212598425196852 2440
1745362832029 19.291338582677167 2450
1745362845801 19.37007874015748 2460
1745362860011 19.448818897637796 2470
1745362874077 19.52755905511811 2480
1745362888124 19.606299212598426 2490
1745362901782 19.68503937007874 2500
1745362915504 19.763779527559056 2510
1745362928941 19.84251968503937 2520
1745362942744 19.921259842519685 2530
1745362956073 20.0 2540
1745362984808 20.0 2540
1745363000337 20.078740157480315 2550
1745363014092 20.15748031496063 2560
1745363027708 20.236220472440944 2570
1745363041772 20.31496062992126 2580
1745363055781 20.393700787401574 2590
1745363069634 20.47244094488189 2600
1745363083045 20.551181102362204 2610
1745363096813 20.62992125984252 2620
1745363110197 20.708661417322833 2630
1745363123906 20.787401574803148 2640
1745363137815 20.866141732283463 2650
1745363151641 20.944881889763778 2660
1745363189334 21.0 2667
1745363195178 21.023622047244096 2670
1745363208742 21.10236220472441 2680
1745363222714 21.181102362204726 2690
1745363236302 21.25984251968504 2700
1745363250202 21.338582677165356 2710
1745363264368 21.41732283464567 2720
1745363277924 21.496062992125985 2730
1745363291640 21.5748031496063 2740
1745363305295 21.653543307086615 2750
1745363319607 21.73228346456693 2760
1745363332955 21.811023622047244 2770
1745363346662 21.88976377952756 2780
1745363360267 21.968503937007874 2790
1745363393691 22.0 2794
1745363403911 22.04724409448819 2800
1745363417430 22.125984251968504 2810
1745363431400 22.20472440944882 2820
1745363445107 22.283464566929133 2830
1745363459009 22.362204724409448 2840
1745363472475 22.440944881889763 2850
1745363486297 22.519685039370078 2860
1745363499962 22.598425196850393 2870
1745363513695 22.677165354330707 2880
1745363527371 22.755905511811022 2890
1745363541207 22.834645669291337 2900
1745363555372 22.913385826771652 2910
1745363569393 22.99212598425197 2920
1745363598617 23.0 2921
1745363612693 23.070866141732285 2930
1745363626891 23.1496062992126 2940
1745363640519 23.228346456692915 2950
1745363654530 23.30708661417323 2960
1745363667939 23.385826771653544 2970
1745363681816 23.46456692913386 2980
1745363695405 23.543307086614174 2990
1745363709501 23.62204724409449 3000
1745363723125 23.700787401574804 3010
1745363736732 23.77952755905512 3020
1745363750456 23.858267716535433 3030
1745363764174 23.937007874015748 3040
1745363802853 24.0 3048
1745363807462 24.015748031496063 3050
1745363821309 24.094488188976378 3060
1745363834754 24.173228346456693 3070
1745363848419 24.251968503937007 3080
1745363862215 24.330708661417322 3090
1745363876013 24.409448818897637 3100
1745363889742 24.488188976377952 3110
1745363903476 24.566929133858267 3120
1745363917546 24.64566929133858 3130
1745363931320 24.724409448818896 3140
1745363945378 24.80314960629921 3150
1745363958867 24.881889763779526 3160
1745363972584 24.96062992125984 3170
1745364007178 25.0 3175
1745364015910 25.03937007874016 3180
1745364029716 25.118110236220474 3190
1745364043651 25.19685039370079 3200
1745364058069 25.275590551181104 3210
1745364071729 25.35433070866142 3220
1745364086171 25.433070866141733 3230
1745364099910 25.511811023622048 3240
1745364113668 25.590551181102363 3250
1745364127515 25.669291338582678 3260
1745364141308 25.748031496062993 3270
1745364154911 25.826771653543307 3280
1745364168577 25.905511811023622 3290
1745364182057 25.984251968503937 3300
1745364212515 26.0 3302
1745364225211 26.062992125984252 3310
1745364238787 26.141732283464567 3320
1745364252426 26.22047244094488 3330
1745364266556 26.299212598425196 3340
1745364280251 26.37795275590551 3350
1745364294124 26.456692913385826 3360
1745364308058 26.53543307086614 3370
1745364321483 26.614173228346456 3380
1745364335683 26.69291338582677 3390
1745364349679 26.771653543307085 3400
1745364363437 26.8503937007874 3410
1745364377471 26.929133858267715 3420
1745364417723 27.0 3429
1745364420734 27.007874015748033 3430
1745364434668 27.086614173228348 3440
1745364448555 27.165354330708663 3450
1745364462438 27.244094488188978 3460
1745364476135 27.322834645669293 3470
1745364489901 27.401574803149607 3480
1745364504094 27.480314960629922 3490
1745364517607 27.559055118110237 3500
1745364531231 27.637795275590552 3510
1745364544679 27.716535433070867 3520
1745364558409 27.79527559055118 3530
1745364571838 27.874015748031496 3540
1745364586048 27.95275590551181 3550
1745364622314 28.0 3556
1745364629565 28.031496062992126 3560
1745364643869 28.11023622047244 3570
1745364657461 28.188976377952756 3580
1745364671332 28.26771653543307 3590
1745364685824 28.346456692913385 3600
1745364699877 28.4251968503937 3610
1745364713710 28.503937007874015 3620
1745364727616 28.58267716535433 3630
1745364741198 28.661417322834644 3640
1745364755233 28.74015748031496 3650
1745364769055 28.818897637795274 3660
1745364782715 28.89763779527559 3670
1745364796364 28.976377952755904 3680
1745364828498 29.0 3683
1745364839986 29.055118110236222 3690
1745364853954 29.133858267716537 3700
1745364867823 29.212598425196852 3710
1745364881794 29.291338582677167 3720
1745364895378 29.37007874015748 3730
1745364909051 29.448818897637796 3740
1745364922458 29.52755905511811 3750
1745364936243 29.606299212598426 3760
1745364949937 29.68503937007874 3770
1745364963802 29.763779527559056 3780
1745364977377 29.84251968503937 3790
1745364991097 29.921259842519685 3800
1745365004578 30.0 3810
1745365033088 30.0 3810
1745365034569 30.0 3810
1745365035025 30.0 0
1745365063405 30.0 3810
