1745358901439 11.64413833618164 10
1745358915719 13.870190620422363 20
1745358930166 21.7841739654541 30
1745358944668 14.90730094909668 40
1745358958840 7.0021514892578125 50
1745358973342 36.46294021606445 60
1745358986973 23.682109832763672 70
1745359000746 23.621366500854492 80
1745359014201 6.565261363983154 90
1745359028387 4.085833549499512 100
1745359042341 8.334542274475098 110
1745359055866 13.104219436645508 120
1745359099124 7.393249988555908 130
1745359113062 11.717888832092285 140
1745359126943 5.358951568603516 150
1745359140679 5.5795440673828125 160
1745359154514 13.045816421508789 170
1745359168185 8.15642261505127 180
1745359181849 5.655570983886719 190
1745359195589 7.5827836990356445 200
1745359209566 7.565009593963623 210
1745359223144 6.291898250579834 220
1745359236846 4.697056293487549 230
1745359250463 5.492423057556152 240
1745359264179 5.798609733581543 250
1745359307762 6.698496341705322 260
1745359321446 3.931206703186035 270
1745359335113 4.694233417510986 280
1745359348779 7.097156047821045 290
1745359362190 4.93278169631958 300
1745359375890 9.350478172302246 310
1745359389250 10.1128511428833 320
1745359402852 6.5161004066467285 330
1745359416446 8.791259765625 340
1745359430186 10.677273750305176 350
1745359443609 16.278358459472656 360
1745359457640 10.560599327087402 370
1745359471586 12.739446640014648 380
1745359514442 10.617802619934082 390
1745359528594 12.739547729492188 400
1745359542424 9.77627182006836 410
1745359556161 7.803966999053955 420
1745359569929 7.834224224090576 430
1745359583660 13.448468208312988 440
1745359597270 17.125837326049805 450
1745359610774 7.7129807472229 460
1745359624567 9.627084732055664 470
1745359638301 9.653738975524902 480
1745359652398 9.35849666595459 490
1745359666159 8.064631462097168 500
1745359710048 9.754962921142578 510
1745359723849 31.887733459472656 520
1745359737482 10.552316665649414 530
1745359751317 11.09743881225586 540
1745359765386 7.7582902908325195 550
1745359778841 6.497063636779785 560
1745359792681 8.260956764221191 570
1745359806322 9.481302261352539 580
1745359820367 7.339456081390381 590
1745359834460 7.955262184143066 600
1745359848602 8.55361557006836 610
1745359862095 8.31031322479248 620
1745359875920 9.405586242675781 630
1745359919319 9.130254745483398 640
1745359933002 8.917831420898438 650
1745359946693 5.936407566070557 660
1745359960768 8.001506805419922 670
1745359974489 6.227427959442139 680
1745359988167 7.388247966766357 690
1745360001620 10.813202857971191 700
1745360015187 7.813082218170166 710
1745360028961 9.408693313598633 720
1745360043245 7.69486141204834 730
1745360056733 18.925704956054688 740
1745360070863 9.756778717041016 750
1745360084610 15.930192947387695 760
1745360127851 6.859884738922119 770
1745360141773 8.52498722076416 780
1745360155850 5.070948600769043 790
1745360169483 8.194208145141602 800
1745360183152 11.563233375549316 810
1745360196586 6.061523914337158 820
1745360210374 5.6510796546936035 830
1745360224110 8.553109169006348 840
1745360238177 10.019843101501465 850
1745360251440 5.485595226287842 860
1745360265389 8.44196605682373 870
1745360279092 7.548100471496582 880
1745360322451 8.864893913269043 890
1745360336070 5.01794958114624 900
1745360349776 4.4735307693481445 910
1745360363193 11.785676002502441 920
1745360376989 11.818521499633789 930
1745360390873 9.322504043579102 940
1745360405038 5.837557315826416 950
1745360418570 7.290846824645996 960
1745360432645 5.948424339294434 970
1745360446674 4.431346893310547 980
1745360460412 9.25462532043457 990
1745360473913 13.067835807800293 1000
1745360487786 6.895830154418945 1010
1745360531122 6.834941864013672 1020
1745360545042 5.761902809143066 1030
1745360558749 7.9177069664001465 1040
1745360572741 5.430662155151367 1050
1745360586375 11.184636116027832 1060
1745360600039 5.415735244750977 1070
1745360613523 6.368675708770752 1080
1745360627143 5.3576579093933105 1090
1745360641053 8.417978286743164 1100
1745360654859 8.201483726501465 1110
1745360668723 6.859096050262451 1120
1745360682494 6.322862148284912 1130
1745360696259 5.2380523681640625 1140
1745360739610 5.4790263175964355 1150
1745360753447 7.870251655578613 1160
1745360767135 6.8548808097839355 1170
1745360781016 4.242830276489258 1180
1745360794412 6.835368633270264 1190
1745360808404 3.7155914306640625 1200
1745360821874 6.605875492095947 1210
1745360835798 8.697062492370605 1220
1745360849623 6.264255523681641 1230
1745360863300 11.017951965332031 1240
1745360876756 5.95857572555542 1250
1745360890601 8.813394546508789 1260
1745360903726 7.159666538238525 1270
1745360947331 23.136615753173828 1280
1745360961290 7.698765277862549 1290
1745360975482 8.304612159729004 1300
1745360989279 8.062395095825195 1310
1745361003659 5.998223781585693 1320
1745361017472 7.861089706420898 1330
1745361031526 4.454830646514893 1340
1745361045709 9.9158935546875 1350
1745361059382 7.352416038513184 1360
1745361073217 20.550413131713867 1370
1745361087064 5.5912604331970215 1380
1745361100927 4.985496997833252 1390
1745361143989 5.269173622131348 1400
1745361157647 7.824254989624023 1410
1745361171396 5.193177700042725 1420
1745361184863 6.808042049407959 1430
1745361199019 5.15497350692749 1440
1745361212538 10.61772632598877 1450
1745361226399 5.2557806968688965 1460
1745361240193 6.282713413238525 1470
1745361254334 5.442771911621094 1480
1745361268580 6.437489986419678 1490
1745361282446 3.2280280590057373 1500
1745361296609 7.519591331481934 1510
1745361310108 5.306736469268799 1520
1745361353230 2.973445415496826 1530
1745361366792 4.935090065002441 1540
1745361380251 5.412448883056641 1550
1745361393960 7.271342754364014 1560
1745361407701 4.351107597351074 1570
1745361421903 4.855589389801025 1580
1745361435713 9.222561836242676 1590
1745361449395 5.173098087310791 1600
1745361463278 11.570704460144043 1610
1745361476780 9.61983585357666 1620
1745361490776 7.061450004577637 1630
1745361504389 6.43522310256958 1640
1745361518099 4.051793098449707 1650
1745361561409 6.491042137145996 1660
1745361575548 5.3752522468566895 1670
1745361589369 8.67724323272705 1680
1745361603331 5.31146240234375 1690
1745361616857 3.675340414047241 1700
1745361630465 5.408013343811035 1710
1745361644290 5.491568088531494 1720
1745361658499 4.007508754730225 1730
1745361672140 5.3160400390625 1740
1745361685674 4.604991912841797 1750
1745361699444 5.057114124298096 1760
1745361713019 3.5852608680725098 1770
1745361756098 4.107913017272949 1780
1745361769489 3.439096450805664 1790
1745361783129 6.505375385284424 1800
1745361796541 5.541038513183594 1810
1745361810338 5.003214359283447 1820
1745361823823 5.223968982696533 1830
1745361837545 8.60205078125 1840
1745361851141 4.747780799865723 1850
1745361865403 12.989850044250488 1860
1745361879198 5.514422416687012 1870
1745361893581 4.244329929351807 1880
1745361907556 6.5715651512146 1890
1745361921437 4.409849166870117 1900
1745361964718 7.3856520652771 1910
1745361978681 5.12654447555542 1920
1745361992155 4.679030418395996 1930
1745362005994 5.001633167266846 1940
1745362019625 4.500665664672852 1950
1745362033417 4.9134202003479 1960
1745362046949 5.75771951675415 1970
1745362060607 5.078103065490723 1980
1745362074339 7.486398220062256 1990
1745362088177 4.604234218597412 2000
1745362101976 5.542818069458008 2010
1745362116043 3.950528144836426 2020
1745362129822 3.106382131576538 2030
1745362173441 6.022212028503418 2040
1745362187061 5.156754016876221 2050
1745362200923 4.894705295562744 2060
1745362215309 5.03302526473999 2070
1745362229485 4.967970371246338 2080
1745362243078 5.807857036590576 2090
1745362257224 3.2729365825653076 2100
1745362271208 4.507185459136963 2110
1745362285476 4.326542377471924 2120
1745362299176 2.6882102489471436 2130
1745362312943 5.960908889770508 2140
1745362326631 3.545300006866455 2150
1745362370006 3.5907764434814453 2160
1745362383557 6.069843769073486 2170
1745362397346 4.558721542358398 2180
1745362411267 3.7545082569122314 2190
1745362425152 5.693413257598877 2200
1745362439165 5.367094039916992 2210
1745362453310 9.417790412902832 2220
1745362467293 5.115421772003174 2230
1745362481194 6.0670695304870605 2240
1745362494579 4.489147663116455 2250
1745362508306 7.634727954864502 2260
1745362521946 6.012197494506836 2270
1745362536072 2.930068254470825 2280
1745362579539 6.111722469329834 2290
1745362593213 7.16865348815918 2300
1745362606927 4.6920905113220215 2310
1745362621483 6.4634199142456055 2320
1745362635495 4.283168315887451 2330
1745362649337 6.041550159454346 2340
1745362662932 3.565856456756592 2350
1745362676622 3.4492990970611572 2360
1745362691012 4.342109680175781 2370
1745362704877 5.204916000366211 2380
1745362718654 5.606349945068359 2390
1745362732759 4.5766215324401855 2400
1745362746965 4.948659420013428 2410
1745362790860 4.162587642669678 2420
1745362804669 5.4582343101501465 2430
1745362818447 7.340827465057373 2440
1745362832029 3.9463441371917725 2450
1745362845801 8.42245101928711 2460
1745362860011 5.918328285217285 2470
1745362874077 5.237815856933594 2480
1745362888124 5.073217391967773 2490
1745362901782 7.42991304397583 2500
1745362915504 3.850322961807251 2510
1745362928941 8.325904846191406 2520
1745362942744 4.687010288238525 2530
1745362956073 4.152124881744385 2540
1745363000337 5.195479393005371 2550
1745363014092 5.4270830154418945 2560
1745363027708 4.395484924316406 2570
1745363041772 8.499751091003418 2580
1745363055781 3.8885676860809326 2590
1745363069634 4.00026798248291 2600
1745363083045 4.678090572357178 2610
1745363096813 4.948648929595947 2620
1745363110197 4.693428993225098 2630
1745363123906 5.241125583648682 2640
1745363137815 7.140571117401123 2650
1745363151641 4.389212608337402 2660
1745363195178 6.232332706451416 2670
1745363208742 5.14398717880249 2680
1745363222714 4.4579386711120605 2690
1745363236302 3.4225542545318604 2700
1745363250202 4.511921405792236 2710
1745363264368 4.988921165466309 2720
1745363277924 6.393184185028076 2730
1745363291640 5.092036724090576 2740
1745363305295 5.731332302093506 2750
1745363319607 6.06871223449707 2760
1745363332955 3.5685620307922363 2770
1745363346662 3.030750274658203 2780
1745363360267 3.4875993728637695 2790
1745363403911 5.529357433319092 2800
1745363417430 3.5511555671691895 2810
1745363431400 6.967034816741943 2820
1745363445107 4.337098121643066 2830
1745363459009 5.316037178039551 2840
1745363472475 3.407877206802368 2850
1745363486297 5.429408073425293 2860
1745363499962 4.494653701782227 2870
1745363513695 5.623236179351807 2880
1745363527371 3.04215145111084 2890
1745363541207 7.01985502243042 2900
1745363555372 9.862534523010254 2910
1745363569393 3.696150064468384 2920
1745363612693 3.2594704627990723 2930
1745363626891 6.51876974105835 2940
1745363640519 6.1760077476501465 2950
1745363654530 7.184052467346191 2960
1745363667939 6.227447032928467 2970
1745363681816 5.7463459968566895 2980
1745363695405 2.2688889503479004 2990
1745363709501 3.5670623779296875 3000
1745363723125 4.591371536254883 3010
1745363736732 3.6103692054748535 3020
1745363750456 5.3925580978393555 3030
1745363764174 4.866088390350342 3040
1745363807462 4.562613010406494 3050
1745363821309 5.223891258239746 3060
1745363834754 6.452894687652588 3070
1745363848419 6.22096586227417 3080
1745363862215 5.718060493469238 3090
1745363876013 2.991483211517334 3100
1745363889742 2.7606289386749268 3110
1745363903476 2.8768789768218994 3120
1745363917546 3.5871119499206543 3130
1745363931320 5.232833385467529 3140
1745363945378 2.8976402282714844 3150
1745363958867 5.040996074676514 3160
1745363972584 4.452425956726074 3170
1745364015910 3.947387933731079 3180
1745364029716 6.538923740386963 3190
1745364043651 4.855400085449219 3200
1745364058069 5.167644500732422 3210
1745364071729 4.753059387207031 3220
1745364086171 4.279428005218506 3230
1745364099910 5.022998332977295 3240
1745364113668 5.486195087432861 3250
1745364127515 4.520693778991699 3260
1745364141308 5.131041526794434 3270
1745364154911 3.9045770168304443 3280
1745364168577 5.359029769897461 3290
1745364182057 5.676739692687988 3300
1745364225211 5.489912033081055 3310
1745364238787 4.356180667877197 3320
1745364252426 3.2342329025268555 3330
1745364266556 3.7083842754364014 3340
1745364280251 4.926994800567627 3350
1745364294124 4.275649547576904 3360
1745364308058 3.8206186294555664 3370
1745364321483 4.30354642868042 3380
1745364335683 4.916163921356201 3390
1745364349679 4.886413097381592 3400
1745364363437 6.627933502197266 3410
1745364377471 3.4612669944763184 3420
1745364420734 3.3498892784118652 3430
1745364434668 4.932909965515137 3440
1745364448555 3.8564796447753906 3450
1745364462438 5.174769401550293 3460
1745364476135 4.591164588928223 3470
1745364489901 6.547924518585205 3480
1745364504094 4.166265964508057 3490
1745364517607 5.877583980560303 3500
1745364531231 5.650661945343018 3510
1745364544679 5.036464691162109 3520
1745364558409 5.1306023597717285 3530
1745364571838 8.826327323913574 3540
1745364586048 3.996638536453247 3550
1745364629565 4.325900077819824 3560
1745364643869 3.8572185039520264 3570
1745364657461 4.5317888259887695 3580
1745364671332 4.562336444854736 3590
1745364685824 6.175229549407959 3600
1745364699877 4.179591655731201 3610
1745364713710 4.369086265563965 3620
1745364727616 9.006986618041992 3630
1745364741198 3.1795685291290283 3640
1745364755233 4.1072611808776855 3650
1745364769055 5.254395961761475 3660
1745364782715 6.037659168243408 3670
1745364796364 4.766603469848633 3680
1745364839986 2.8349509239196777 3690
1745364853954 3.6487221717834473 3700
1745364867823 3.9330923557281494 3710
1745364881794 6.033423900604248 3720
1745364895378 6.134457588195801 3730
1745364909051 5.270805835723877 3740
1745364922458 6.559823513031006 3750
1745364936243 5.288864612579346 3760
1745364949937 3.6015639305114746 3770
1745364963802 3.6647610664367676 3780
1745364977377 7.230463981628418 3790
1745364991097 5.732562065124512 3800
1745365004578 6.896141529083252 3810
