1745358901439 2.3622047244094487e-06 10
1745358915719 4.9868766404199475e-06 20
1745358930166 7.611548556430446e-06 30
1745358944668 1.0236220472440946e-05 40
1745358958840 1.2860892388451445e-05 50
1745358973342 1.5485564304461945e-05 60
1745358986973 1.8110236220472444e-05 70
1745359000746 2.0734908136482943e-05 80
1745359014201 2.335958005249344e-05 90
1745359028387 2.5984251968503937e-05 100
1745359042341 2.860892388451444e-05 110
1745359055866 3.1233595800524935e-05 120
1745359099124 3.385826771653544e-05 130
1745359113062 3.648293963254593e-05 140
1745359126943 3.9107611548556434e-05 150
1745359140679 4.173228346456693e-05 160
1745359154514 4.435695538057743e-05 170
1745359168185 4.698162729658793e-05 180
1745359181849 4.960629921259843e-05 190
1745359195589 5.223097112860893e-05 200
1745359209566 5.485564304461942e-05 210
1745359223144 5.748031496062992e-05 220
1745359236846 6.0104986876640425e-05 230
1745359250463 6.272965879265093e-05 240
1745359264179 6.535433070866141e-05 250
1745359307762 6.797900262467192e-05 260
1745359321446 7.060367454068241e-05 270
1745359335113 7.322834645669292e-05 280
1745359348779 7.58530183727034e-05 290
1745359362190 7.847769028871391e-05 300
1745359375890 8.110236220472441e-05 310
1745359389250 8.372703412073492e-05 320
1745359402852 8.63517060367454e-05 330
1745359416446 8.897637795275591e-05 340
1745359430186 9.16010498687664e-05 350
1745359443609 9.422572178477691e-05 360
1745359457640 9.68503937007874e-05 370
1745359471586 9.94750656167979e-05 380
1745359514442 9.999865697896888e-05 390
1745359528594 9.999320107968219e-05 400
1745359542424 9.998354882093378e-05 410
1745359556161 9.996970101292072e-05 420
1745359569929 9.99516588180087e-05 430
1745359583660 9.992942375063434e-05 440
1745359597270 9.990299767717817e-05 450
1745359610774 9.987238281580786e-05 460
1745359624567 9.98375817362921e-05 470
1745359638301 9.979859735978487e-05 480
1745359652398 9.975543295858035e-05 490
1745359666159 9.970809215583799e-05 500
1745359710048 9.965657892527868e-05 510
1745359723849 9.960089759085105e-05 520
1745359737482 9.954105282636852e-05 530
1745359751317 9.947704965511701e-05 540
1745359765386 9.940889344943329e-05 550
1745359778841 9.93365899302541e-05 560
1745359792681 9.926014516663581e-05 570
1745359806322 9.91795655752451e-05 580
1745359820367 9.909485791982029e-05 590
1745359834460 9.900602931060367e-05 600
1745359848602 9.89130872037446e-05 610
1745359862095 9.881603940067368e-05 620
1745359875920 9.871489404744796e-05 630
1745359919319 9.860965963406707e-05 640
1745359933002 9.850034499376069e-05 650
1745359946693 9.8386959302247e-05 660
1745359960768 9.826951207696258e-05 670
1745359974489 9.814801317626343e-05 680
1745359988167 9.802247279859756e-05 690
1745360001620 9.78929014816489e-05 700
1745360015187 9.775931010145279e-05 710
1745360028961 9.762170987148305e-05 720
1745360043245 9.74801123417108e-05 730
1745360056733 9.733452939763487e-05 740
1745360070863 9.718497325928424e-05 750
1745360084610 9.70314564801922e-05 760
1745360127851 9.687399194634277e-05 770
1745360141773 9.671259287508894e-05 780
1745360155850 9.654727281404327e-05 790
1745360169483 9.637804563994079e-05 800
1745360183152 9.620492555747406e-05 810
1745360196586 9.602792709810097e-05 820
1745360210374 9.584706511882497e-05 830
1745360224110 9.566235480094793e-05 840
1745360238177 9.54738116487959e-05 850
1745360251440 9.528145148841771e-05 860
1745360265389 9.508529046625648e-05 870
1745360279092 9.488534504779441e-05 880
1745360322451 9.468163201617062e-05 890
1745360336070 9.44741684707724e-05 900
1745360349776 9.426297182579993e-05 910
1745360363193 9.404805980880457e-05 920
1745360376989 9.382945045920084e-05 930
1745360390873 9.360716212675214e-05 940
1745360405038 9.338121347003054e-05 950
1745360418570 9.315162345485072e-05 960
1745360432645 9.291841135267778e-05 970
1745360446674 9.268159673900983e-05 980
1745360460412 9.24411994917347e-05 990
1745360473913 9.219723978946153e-05 1000
1745360487786 9.194973810982692e-05 1010
1745360531122 9.169871522777612e-05 1020
1745360545042 9.144419221381919e-05 1030
1745360558749 9.118619043226238e-05 1040
1745360572741 9.092473153941483e-05 1050
1745360586375 9.065983748177074e-05 1060
1745360600039 9.039153049416728e-05 1070
1745360613523 9.011983309791819e-05 1080
1745360627143 8.984476809892338e-05 1090
1745360641053 8.95663585857546e-05 1100
1745360654859 8.928462792771747e-05 1110
1745360668723 8.899959977288987e-05 1120
1745360682494 8.871129804613696e-05 1130
1745360696259 8.841974694710296e-05 1140
1745360739610 8.81249709481798e-05 1150
1745360753447 8.78269947924531e-05 1160
1745360767135 8.75258434916251e-05 1170
1745360781016 8.722154232391528e-05 1180
1745360794412 8.691411683193862e-05 1190
1745360808404 8.660359282056144e-05 1200
1745360821874 8.628999635473546e-05 1210
1745360835798 8.597335375730997e-05 1220
1745360849623 8.565369160682226e-05 1230
1745360863300 8.533103673526672e-05 1240
1745360876756 8.500541622584253e-05 1250
1745360890601 8.467685741068036e-05 1260
1745360903726 8.43453878685482e-05 1270
1745360947331 8.401103542253638e-05 1280
1745360961290 8.367382813772217e-05 1290
1745360975482 8.333379431881397e-05 1300
1745360989279 8.299096250777557e-05 1310
1745361003659 8.264536148143023e-05 1320
1745361017472 8.229702024904535e-05 1330
1745361031526 8.194596804989738e-05 1340
1745361045709 8.159223435081751e-05 1350
1745361059382 8.123584884371829e-05 1360
1745361073217 8.087684144310136e-05 1370
1745361087064 8.051524228354641e-05 1380
1745361100927 8.015108171718177e-05 1390
1745361143989 7.978439031113668e-05 1400
1745361157647 7.941519884497548e-05 1410
1745361171396 7.904353830811417e-05 1420
1745361184863 7.8669439897219e-05 1430
1745361199019 7.829293501358797e-05 1440
1745361212538 7.791405526051509e-05 1450
1745361226399 7.753283244063758e-05 1460
1745361240193 7.714929855326638e-05 1470
1745361254334 7.676348579170021e-05 1480
1745361268580 7.637542654052335e-05 1490
1745361282446 7.598515337288722e-05 1500
1745361296609 7.559269904777639e-05 1510
1745361310108 7.519809650725861e-05 1520
1745361353230 7.480137887371994e-05 1530
1745361366792 7.440257944708435e-05 1540
1745361380251 7.40017317020186e-05 1550
1745361393960 7.359886928512248e-05 1560
1745361407701 7.319402601210448e-05 1570
1745361421903 7.278723586494339e-05 1580
1745361435713 7.237853298903591e-05 1590
1745361449395 7.196795169033054e-05 1600
1745361463278 7.155552643244793e-05 1610
1745361476780 7.114129183378808e-05 1620
1745361490776 7.072528266462457e-05 1630
1745361504389 7.03075338441859e-05 1640
1745361518099 6.988808043772452e-05 1650
1745361561409 6.94669576535734e-05 1660
1745361575548 6.904420084019076e-05 1670
1745361589369 6.8619845483193e-05 1680
1745361603331 6.819392720237593e-05 1690
1745361616857 6.77664817487251e-05 1700
1745361630465 6.733754500141478e-05 1710
1745361644290 6.690715296479632e-05 1720
1745361658499 6.647534176537608e-05 1730
1745361672140 6.604214764878293e-05 1740
1745361685674 6.560760697672584e-05 1750
1745361699444 6.517175622394183e-05 1760
1745361713019 6.473463197513422e-05 1770
1745361756098 6.429627092190185e-05 1780
1745361769489 6.385670985965915e-05 1790
1745361783129 6.341598568454766e-05 1800
1745361796541 6.297413539033894e-05 1810
1745361810338 6.25311960653295e-05 1820
1745361823823 6.208720488922751e-05 1830
1745361837545 6.164219913003207e-05 1840
1745361851141 6.119621614090498e-05 1850
1745361865403 6.074929335703532e-05 1860
1745361879198 6.030146829249725e-05 1870
1745361893581 5.9852778537101116e-05 1880
1745361907556 5.940326175323819e-05 1890
1745361921437 5.895295567271939e-05 1900
1745361964718 5.850189809360804e-05 1910
1745361978681 5.805012687704726e-05 1920
1745361992155 5.759767994408187e-05 1930
1745362005994 5.7144595272475376e-05 1940
1745362019625 5.6690910893522185e-05 1950
1745362033417 5.623666488885532e-05 1960
1745362046949 5.578189538724986e-05 1970
1745362060607 5.532664056142247e-05 1980
1745362074339 5.487093862482729e-05 1990
1745362088177 5.441482782844831e-05 2000
1745362101976 5.395834645758859e-05 2010
1745362116043 5.350153282865674e-05 2020
1745362129822 5.304442528595064e-05 2030
1745362173441 5.258706219843889e-05 2040
1745362187061 5.2129481956540136e-05 2050
1745362200923 5.167172296890068e-05 2060
1745362215309 5.12138236591705e-05 2070
1745362229485 5.075582246277799e-05 2080
1745362243078 5.029775782370377e-05 2090
1745362257224 4.9839668191253794e-05 2100
1745362271208 4.938159201683186e-05 2110
1745362285476 4.892356775071216e-05 2120
1745362299176 4.8465633838811784e-05 2130
1745362312943 4.8007828719463566e-05 2140
1745362326631 4.755019082018971e-05 2150
1745362370006 4.709275855447621e-05 2160
1745362383557 4.663557031854844e-05 2170
1745362397346 4.617866448814826e-05 2180
1745362411267 4.5722079415312834e-05 2190
1745362425152 4.526585342515533e-05 2200
1745362439165 4.4810024812648063e-05 2210
1745362453310 4.435463183940799e-05 2220
1745362467293 4.3899712730485146e-05 2230
1745362481194 4.344530567115406e-05 2240
1745362494579 4.299144880370849e-05 2250
1745362508306 4.2538180224259885e-05 2260
1745362521946 4.208553797953967e-05 2270
1745362536072 4.163356006370549e-05 2280
1745362579539 4.118228441515226e-05 2290
1745362593213 4.073174891332751e-05 2300
1745362606927 4.0281991375551905e-05 2310
1745362621483 3.983304955384488e-05 2320
1745362635495 3.93849611317558e-05 2330
1745362649337 3.8937763721200874e-05 2340
1745362662932 3.8491494859306074e-05 2350
1745362676622 3.804619200525621e-05 2360
1745362691012 3.760189253715082e-05 2370
1745362704877 3.715863374886661e-05 2380
1745362718654 3.671645284692704e-05 2390
1745362732759 3.6275386947379365e-05 2400
1745362746965 3.583547307267904e-05 2410
1745362790860 3.539674814858216e-05 2420
1745362804669 3.4959249001045994e-05 2430
1745362818447 3.452301235313786e-05 2440
1745362832029 3.408807482195255e-05 2450
1745362845801 3.365447291553889e-05 2460
1745362860011 3.322224302983517e-05 2470
1745362874077 3.279142144561421e-05 2480
1745362888124 3.236204432543799e-05 2490
1745362901782 3.193414771062211e-05 2500
1745362915504 3.1507767518210725e-05 2510
1745362928941 3.1082939537961555e-05 2520
1745362942744 3.065969942934179e-05 2530
1745362956073 3.023808271853492e-05 2540
1745363000337 2.9818124795458714e-05 2550
1745363014092 2.939986091079453e-05 2560
1745363027708 2.8983326173028603e-05 2570
1745363041772 2.8568555545504932e-05 2580
1745363055781 2.8155583843490573e-05 2590
1745363069634 2.7744445731253367e-05 2600
1745363083045 2.733517571915204e-05 2610
1745363096813 2.6927808160739743e-05 2620
1745363110197 2.6522377249880248e-05 2630
1745363123906 2.611891701787783e-05 2640
1745363137815 2.5717461330620818e-05 2650
1745363151641 2.5318043885738753e-05 2660
1745363195178 2.4920698209774013e-05 2670
1745363208742 2.452545765536755e-05 2680
1745363222714 2.4132355398459443e-05 2690
1745363236302 2.3741424435503923e-05 2700
1745363250202 2.3352697580699967e-05 2710
1745363264368 2.2966207463236738e-05 2720
1745363277924 2.258198652455477e-05 2730
1745363291640 2.220006701562298e-05 2740
1745363305295 2.1820480994231374e-05 2750
1745363319607 2.1443260322300372e-05 2760
1745363332955 2.106843666320622e-05 2770
1745363346662 2.0696041479123236e-05 2780
1745363360267 2.0326106028382995e-05 2790
1745363403911 1.9958661362850452e-05 2800
1745363417430 1.9593738325317527e-05 2810
1745363431400 1.9231367546914232e-05 2820
1745363445107 1.887157944453749e-05 2830
1745363459009 1.8514404218298003e-05 2840
1745363472475 1.815987184898535e-05 2850
1745363486297 1.7808012095551336e-05 2860
1745363499962 1.745885449261212e-05 2870
1745363513695 1.71124283479692e-05 2880
1745363527371 1.6768762740149157e-05 2890
1745363541207 1.6427886515963087e-05 2900
1745363555372 1.6089828288085053e-05 2910
1745363569393 1.5754616432650444e-05 2920
1745363612693 1.542227908687418e-05 2930
1745363626891 1.5092844146688757e-05 2940
1745363640519 1.4766339264402901e-05 2950
1745363654530 1.4442791846380316e-05 2960
1745363667939 1.4122229050739294e-05 2970
1745363681816 1.3804677785073084e-05 2980
1745363695405 1.3490164704191366e-05 2990
1745363709501 1.3178716207882775e-05 3000
1745363723125 1.2870358438699004e-05 3010
1745363736732 1.2565117279760497e-05 3020
1745363750456 1.2263018352583667e-05 3030
1745363764174 1.1964087014930503e-05 3040
1745363807462 1.1668348358679887e-05 3050
1745363821309 1.1375827207721479e-05 3060
1745363834754 1.108654811587211e-05 3070
1745363848419 1.080053536481458e-05 3080
1745363862215 1.0517812962059726e-05 3090
1745363876013 1.0238404638931077e-05 3100
1745363889742 9.962333848572958e-06 3110
1745363903476 9.689623763981847e-06 3120
1745363917546 9.42029727606133e-06 3130
1745363931320 9.154376991700541e-06 3140
1745363945378 8.891885231876673e-06 3150
1745363958867 8.6328440297814e-06 3160
1745363972584 8.377275128971319e-06 3170
1745364015910 8.125199981542986e-06 3180
1745364029716 7.876639746332131e-06 3190
1745364043651 7.631615287137684e-06 3200
1745364058069 7.390147170970457e-06 3210
1745364071729 7.152255666326807e-06 3220
1745364086171 6.917960741487334e-06 3230
1745364099910 6.6872820628407216e-06 3240
1745364113668 6.4602389932330254e-06 3250
1745364127515 6.236850590342319e-06 3260
1745364141308 6.017135605079122e-06 3270
1745364154911 5.801112480012344e-06 3280
1745364168577 5.588799347821349e-06 3290
1745364182057 5.380214029773856e-06 3300
1745364225211 5.17537403423008e-06 3310
1745364238787 4.97429655517313e-06 3320
1745364252426 4.776998470765664e-06 3330
1745364266556 4.583496341933302e-06 3340
1745364280251 4.393806410974433e-06 3350
1745364294124 4.2079446001968555e-06 3360
1745364308058 4.025926510581357e-06 3370
1745364321483 3.847767420472104e-06 3380
1745364335683 3.673482284294244e-06 3390
1745364349679 3.5030857312986333e-06 3400
1745364363437 3.336592064333921e-06 3410
1745364377471 3.1740152586459127e-06 3420
1745364420734 3.0153689607045845e-06 3430
1745364434668 2.8606664870585555e-06 3440
1745364448555 2.70992082321736e-06 3450
1745364462438 2.563144622561453e-06 3460
1745364476135 2.420350205280053e-06 3470
1745364489901 2.281549557337098e-06 3480
1745364504094 2.1467543294650725e-06 3490
1745364517607 2.015975836187106e-06 3500
1745364531231 1.8892250548672386e-06 3510
1745364544679 1.7665126247889851e-06 3520
1745364558409 1.6478488462623177e-06 3530
1745364571838 1.5332436797590334e-06 3540
1745364586048 1.4227067450767128e-06 3550
1745364629565 1.3162473205312442e-06 3560
1745364643869 1.2138743421780063e-06 3570
1745364657461 1.1155964030617916e-06 3580
1745364671332 1.0214217524955272e-06 3590
1745364685824 9.31358295367829e-07 3600
1745364699877 8.454135914794659e-07 3610
1745364713710 7.635948549088334e-07 3620
1745364727616 6.859089534063779e-07 3630
1745364741198 6.123624078181511e-07 3640
1745364755233 5.429613915384546e-07 3650
1745364769055 4.777117299916478e-07 3660
1745364782715 4.16618900143162e-07 3670
1745364796364 3.596880300398009e-07 3680
1745364839986 3.0692389837926885e-07 3690
1745364853954 2.583309341090745e-07 3700
1745364867823 2.1391321605475635e-07 3710
1745364881794 1.736744725775119e-07 3720
1745364895378 1.3761808126126486e-07 3730
1745364909051 1.0574706862913619e-07 3740
1745364922458 7.806410988940305e-08 3750
1745364936243 5.457152871094495e-08 3760
1745364949937 3.5271297028216524e-08 3770
1745364963802 2.0165034875696542e-08 3780
1745364977377 9.254010251935618e-09 3790
1745364991097 2.5391390130968806e-09 3800
1745365004578 2.0984796089695835e-11 3810
