1745358901439 2.5645 10
1745358915719 2.5665 20
1745358930166 2.561 30
1745358944668 2.5641 40
1745358958840 2.5614 50
1745358973342 2.5564 60
1745358986973 2.5568 70
1745359000746 2.5497 80
1745359014201 2.549 90
1745359028387 2.5426 100
1745359042341 2.5324 110
1745359055866 2.5241 120
1745359099124 2.5183 130
1745359113062 2.5058 140
1745359126943 2.4828 150
1745359140679 2.4855 160
1745359154514 2.4557 170
1745359168185 2.4425 180
1745359181849 2.4283 190
1745359195589 2.416 200
1745359209566 2.4006 210
1745359223144 2.3605 220
1745359236846 2.3403 230
1745359250463 2.3185 240
1745359264179 2.2563 250
1745359307762 2.202 260
1745359321446 2.151 270
1745359335113 2.114 280
1745359348779 2.0537 290
1745359362190 1.9937 300
1745359375890 1.9327 310
1745359389250 1.9119 320
1745359402852 1.8415 330
1745359416446 1.8235 340
1745359430186 1.811 350
1745359443609 1.7498 360
1745359457640 1.6845 370
1745359471586 1.6876 380
1745359514442 1.6224 390
1745359528594 1.6443 400
1745359542424 1.6 410
1745359556161 1.583 420
1745359569929 1.5537 430
1745359583660 1.5603 440
1745359597270 1.5655 450
1745359610774 1.6057 460
1745359624567 1.5481 470
1745359638301 1.512 480
1745359652398 1.4787 490
1745359666159 1.4698 500
1745359710048 1.4813 510
1745359723849 1.4663 520
1745359737482 1.4316 530
1745359751317 1.4831 540
1745359765386 1.408 550
1745359778841 1.4356 560
1745359792681 1.3975 570
1745359806322 1.4294 580
1745359820367 1.4266 590
1745359834460 1.4167 600
1745359848602 1.3872 610
1745359862095 1.4496 620
1745359875920 1.4074 630
1745359919319 1.3859 640
1745359933002 1.3114 650
1745359946693 1.3239 660
1745359960768 1.281 670
1745359974489 1.3838 680
1745359988167 1.3054 690
1745360001620 1.2927 700
1745360015187 1.3755 710
1745360028961 1.3224 720
1745360043245 1.3241 730
1745360056733 1.3069 740
1745360070863 1.2791 750
1745360084610 1.3335 760
1745360127851 1.2267 770
1745360141773 1.2478 780
1745360155850 1.2148 790
1745360169483 1.2949 800
1745360183152 1.322 810
1745360196586 1.2634 820
1745360210374 1.2651 830
1745360224110 1.2665 840
1745360238177 1.2814 850
1745360251440 1.2515 860
1745360265389 1.2803 870
1745360279092 1.2119 880
1745360322451 1.2515 890
1745360336070 1.224 900
1745360349776 1.1367 910
1745360363193 1.2346 920
1745360376989 1.238 930
1745360390873 1.2833 940
1745360405038 1.2045 950
1745360418570 1.1798 960
1745360432645 1.1824 970
1745360446674 1.1767 980
1745360460412 1.189 990
1745360473913 1.2363 1000
1745360487786 1.236 1010
1745360531122 1.213 1020
1745360545042 1.1901 1030
1745360558749 1.1712 1040
1745360572741 1.199 1050
1745360586375 1.1935 1060
1745360600039 1.1942 1070
1745360613523 1.2061 1080
1745360627143 1.1468 1090
1745360641053 1.1339 1100
1745360654859 1.181 1110
1745360668723 1.1786 1120
1745360682494 1.1542 1130
1745360696259 1.2142 1140
1745360739610 1.1757 1150
1745360753447 1.1925 1160
1745360767135 1.1527 1170
1745360781016 1.1901 1180
1745360794412 1.1609 1190
1745360808404 1.1296 1200
1745360821874 1.1311 1210
1745360835798 1.148 1220
1745360849623 1.1365 1230
1745360863300 1.1313 1240
1745360876756 1.1096 1250
1745360890601 1.1566 1260
1745360903726 1.1308 1270
1745360947331 1.1252 1280
1745360961290 1.1475 1290
1745360975482 1.0951 1300
1745360989279 1.1366 1310
1745361003659 1.076 1320
1745361017472 1.0758 1330
1745361031526 1.1038 1340
1745361045709 1.1198 1350
1745361059382 1.1014 1360
1745361073217 1.1246 1370
1745361087064 1.1553 1380
1745361100927 1.0939 1390
1745361143989 1.1049 1400
1745361157647 1.1329 1410
1745361171396 1.0703 1420
1745361184863 1.0936 1430
1745361199019 1.1122 1440
1745361212538 1.12 1450
1745361226399 1.1391 1460
1745361240193 1.1061 1470
1745361254334 1.1146 1480
1745361268580 1.0926 1490
1745361282446 1.0733 1500
1745361296609 1.1558 1510
1745361310108 1.0757 1520
1745361353230 1.0634 1530
1745361366792 1.157 1540
1745361380251 1.0854 1550
1745361393960 1.1205 1560
1745361407701 1.0539 1570
1745361421903 1.1455 1580
1745361435713 1.0754 1590
1745361449395 1.1119 1600
1745361463278 1.0275 1610
1745361476780 1.0896 1620
1745361490776 1.1094 1630
1745361504389 1.1084 1640
1745361518099 1.1026 1650
1745361561409 1.075 1660
1745361575548 1.0166 1670
1745361589369 1.0433 1680
1745361603331 1.0717 1690
1745361616857 1.1188 1700
1745361630465 1.083 1710
1745361644290 1.0933 1720
1745361658499 1.0392 1730
1745361672140 1.067 1740
1745361685674 1.0998 1750
1745361699444 1.0441 1760
1745361713019 1.0343 1770
1745361756098 1.0807 1780
1745361769489 1.0602 1790
1745361783129 1.0634 1800
1745361796541 1.1412 1810
1745361810338 1.0825 1820
1745361823823 1.0258 1830
1745361837545 1.0139 1840
1745361851141 1.0744 1850
1745361865403 1.0668 1860
1745361879198 1.0934 1870
1745361893581 1.0643 1880
1745361907556 1.0423 1890
1745361921437 1.0291 1900
1745361964718 1.0839 1910
1745361978681 1.0657 1920
1745361992155 1.0483 1930
1745362005994 1.0724 1940
1745362019625 1.0202 1950
1745362033417 1.0515 1960
1745362046949 1.0316 1970
1745362060607 1.0152 1980
1745362074339 1.0857 1990
1745362088177 1.0907 2000
1745362101976 1.0961 2010
1745362116043 1.0866 2020
1745362129822 1.0459 2030
1745362173441 1.0246 2040
1745362187061 1.0388 2050
1745362200923 0.976 2060
1745362215309 1.0515 2070
1745362229485 1.0268 2080
1745362243078 1.025 2090
1745362257224 1.0208 2100
1745362271208 1.059 2110
1745362285476 1.0514 2120
1745362299176 1.0272 2130
1745362312943 1.047 2140
1745362326631 1.0649 2150
1745362370006 1.0319 2160
1745362383557 1.0126 2170
1745362397346 1.0096 2180
1745362411267 0.9793 2190
1745362425152 1.0627 2200
1745362439165 1.0507 2210
1745362453310 1.0381 2220
1745362467293 1.0739 2230
1745362481194 1.0956 2240
1745362494579 0.9854 2250
1745362508306 1.0304 2260
1745362521946 1.0856 2270
1745362536072 0.9819 2280
1745362579539 1.0373 2290
1745362593213 1.0226 2300
1745362606927 1.0035 2310
1745362621483 1.0274 2320
1745362635495 1.0006 2330
1745362649337 1.0684 2340
1745362662932 0.9944 2350
1745362676622 1.004 2360
1745362691012 0.9997 2370
1745362704877 0.9861 2380
1745362718654 1.0037 2390
1745362732759 1.0067 2400
1745362746965 1.0168 2410
1745362790860 1.0353 2420
1745362804669 1.0265 2430
1745362818447 1.0019 2440
1745362832029 1.0006 2450
1745362845801 0.9803 2460
1745362860011 1.0575 2470
1745362874077 1.0128 2480
1745362888124 1.0035 2490
1745362901782 0.9312 2500
1745362915504 0.9954 2510
1745362928941 1.0157 2520
1745362942744 0.9335 2530
1745362956073 1.0248 2540
1745363000337 1.0053 2550
1745363014092 1.0194 2560
1745363027708 1.0192 2570
1745363041772 0.995 2580
1745363055781 0.9746 2590
1745363069634 0.9964 2600
1745363083045 1.0151 2610
1745363096813 0.985 2620
1745363110197 1.0129 2630
1745363123906 0.9906 2640
1745363137815 1.0042 2650
1745363151641 1.0151 2660
1745363195178 1.0283 2670
1745363208742 0.9676 2680
1745363222714 0.9908 2690
1745363236302 1.0094 2700
1745363250202 1.0127 2710
1745363264368 0.9786 2720
1745363277924 0.9781 2730
1745363291640 0.9828 2740
1745363305295 1.0155 2750
1745363319607 0.9527 2760
1745363332955 0.986 2770
1745363346662 0.9711 2780
1745363360267 1.016 2790
1745363403911 1.0206 2800
1745363417430 0.9845 2810
1745363431400 0.959 2820
1745363445107 0.9778 2830
1745363459009 1.0041 2840
1745363472475 1.0018 2850
1745363486297 0.9902 2860
1745363499962 0.9171 2870
1745363513695 0.984 2880
1745363527371 0.9839 2890
1745363541207 1.0122 2900
1745363555372 0.9951 2910
1745363569393 1.0048 2920
1745363612693 1.0149 2930
1745363626891 0.9517 2940
1745363640519 1.0065 2950
1745363654530 0.9366 2960
1745363667939 1.0056 2970
1745363681816 0.9703 2980
1745363695405 0.9902 2990
1745363709501 0.9511 3000
1745363723125 0.9717 3010
1745363736732 0.9835 3020
1745363750456 1.0139 3030
1745363764174 1.0239 3040
1745363807462 0.98 3050
1745363821309 0.9782 3060
1745363834754 0.9945 3070
1745363848419 0.9838 3080
1745363862215 1.0334 3090
1745363876013 1.0032 3100
1745363889742 0.9258 3110
1745363903476 1.0216 3120
1745363917546 1.0529 3130
1745363931320 0.944 3140
1745363945378 0.9981 3150
1745363958867 0.9751 3160
1745363972584 0.9824 3170
1745364015910 0.995 3180
1745364029716 0.9551 3190
1745364043651 0.9642 3200
1745364058069 1.0088 3210
1745364071729 0.9334 3220
1745364086171 1.0054 3230
1745364099910 0.9619 3240
1745364113668 0.9942 3250
1745364127515 0.9492 3260
1745364141308 0.9835 3270
1745364154911 0.9486 3280
1745364168577 1.0254 3290
1745364182057 0.9324 3300
1745364225211 0.9715 3310
1745364238787 1.0049 3320
1745364252426 0.9564 3330
1745364266556 0.9755 3340
1745364280251 0.9785 3350
1745364294124 1.0133 3360
1745364308058 0.988 3370
1745364321483 0.9492 3380
1745364335683 0.9912 3390
1745364349679 0.9903 3400
1745364363437 0.9939 3410
1745364377471 0.9777 3420
1745364420734 0.9187 3430
1745364434668 0.9741 3440
1745364448555 0.9414 3450
1745364462438 0.9923 3460
1745364476135 1.0176 3470
1745364489901 1.0094 3480
1745364504094 0.9713 3490
1745364517607 0.9807 3500
1745364531231 0.9697 3510
1745364544679 0.9672 3520
1745364558409 0.9854 3530
1745364571838 0.983 3540
1745364586048 0.9584 3550
1745364629565 0.9437 3560
1745364643869 0.9566 3570
1745364657461 1.0049 3580
1745364671332 0.9809 3590
1745364685824 0.9326 3600
1745364699877 0.9609 3610
1745364713710 0.9494 3620
1745364727616 0.9623 3630
1745364741198 0.9977 3640
1745364755233 0.98 3650
1745364769055 1.0036 3660
1745364782715 0.9773 3670
1745364796364 0.9682 3680
1745364839986 0.9507 3690
1745364853954 1.0002 3700
1745364867823 0.9854 3710
1745364881794 0.971 3720
1745364895378 0.9578 3730
1745364909051 0.9194 3740
1745364922458 0.9531 3750
1745364936243 0.9792 3760
1745364949937 0.9924 3770
1745364963802 0.9782 3780
1745364977377 0.9539 3790
1745364991097 0.9977 3800
1745365004578 0.9594 3810
