1744570301709 0.2631578947368421 10
1744570310847 0.5263157894736842 20
1744570319768 0.7894736842105263 30
1744570335634 1.0 38
1744570339242 1.0526315789473684 40
1744570347722 1.3157894736842106 50
1744570356106 1.5789473684210527 60
1744570364231 1.8421052631578947 70
1744570375468 2.0 76
1744570380977 2.1052631578947367 80
1744570389927 2.3684210526315788 90
1744570398332 2.6315789473684212 100
1744570406739 2.8947368421052633 110
1744570416551 3.0 114
1744570418146 3.0 114
1744570418709 3.0 0
1744570425841 3.0 114
