1744760036333 0.20408163265306123 10
1744760056443 0.40816326530612246 20
1744760076316 0.6122448979591837 30
1744760096556 0.8163265306122449 40
1744760133618 1.0 49
1744760137943 1.0204081632653061 50
1744760157215 1.2244897959183674 60
1744760177145 1.4285714285714286 70
1744760196487 1.6326530612244898 80
1744760216128 1.836734693877551 90
1744760249929 2.0 98
1744760256227 2.0408163265306123 100
1744760275814 2.2448979591836733 110
1744760295181 2.4489795918367347 120
1744760314983 2.6530612244897958 130
1744760334505 2.857142857142857 140
1744760366777 3.0 147
1744760375007 3.061224489795918 150
1744760394843 3.2653061224489797 160
1744760414655 3.4693877551020407 170
1744760434101 3.673469387755102 180
1744760454009 3.877551020408163 190
1744760483987 4.0 196
1744760495069 4.081632653061225 200
1744760515199 4.285714285714286 210
1744760534924 4.489795918367347 220
1744760554803 4.6938775510204085 230
1744760574564 4.8979591836734695 240
1744760602222 5.0 245
1744760614501 5.1020408163265305 250
1744760634154 5.3061224489795915 260
1744760653728 5.510204081632653 270
1744760673453 5.714285714285714 280
1744760693009 5.918367346938775 290
1744760718772 6.0 294
1744760733161 6.122448979591836 300
1744760752607 6.326530612244898 310
1744760772304 6.530612244897959 320
1744760791736 6.73469387755102 330
1744760811193 6.938775510204081 340
1744760834883 7.0 343
1744760851074 7.142857142857143 350
1744760871070 7.346938775510204 360
1744760890561 7.551020408163265 370
1744760910368 7.755102040816326 380
1744760930106 7.959183673469388 390
1744760951940 8.0 392
1744760970217 8.16326530612245 400
1744760989926 8.36734693877551 410
1744761009228 8.571428571428571 420
1744761028627 8.775510204081632 430
1744761047875 8.979591836734693 440
1744761068635 9.0 441
1744761088765 9.183673469387756 450
1744761107870 9.387755102040817 460
1744761127382 9.591836734693878 470
1744761146875 9.795918367346939 480
1744761164676 10.0 490
1744761184364 10.0 490
1744761206194 10.204081632653061 500
1744761226252 10.408163265306122 510
1744761245730 10.612244897959183 520
1744761265569 10.816326530612244 530
1744761301340 11.0 539
1744761305819 11.020408163265307 540
1744761325653 11.224489795918368 550
1744761345226 11.428571428571429 560
1744761364815 11.63265306122449 570
1744761384321 11.83673469387755 580
1744761418241 12.0 588
1744761424719 12.040816326530612 590
1744761444156 12.244897959183673 600
1744761463474 12.448979591836734 610
1744761483247 12.653061224489797 620
1744761502591 12.857142857142858 630
1744761534282 13.0 637
1744761542786 13.061224489795919 640
1744761562052 13.26530612244898 650
1744761581581 13.46938775510204 660
1744761600968 13.673469387755102 670
1744761620706 13.877551020408163 680
1744761649881 14.0 686
1744761660074 14.081632653061224 690
1744761679690 14.285714285714286 700
1744761698826 14.489795918367347 710
1744761718241 14.693877551020408 720
1744761737655 14.89795918367347 730
1744761765895 15.0 735
1744761778358 15.10204081632653 740
1744761797889 15.306122448979592 750
1744761817356 15.510204081632653 760
1744761836847 15.714285714285714 770
1744761856528 15.918367346938776 780
1744761881791 16.0 784
1744761896369 16.122448979591837 790
1744761916216 16.3265306122449 800
1744761935771 16.53061224489796 810
1744761955311 16.73469387755102 820
1744761974692 16.93877551020408 830
1744761998306 17.0 833
1744762014395 17.142857142857142 840
1744762034243 17.346938775510203 850
1744762054123 17.551020408163264 860
1744762073655 17.755102040816325 870
1744762092709 17.959183673469386 880
1744762114414 18.0 882
1744762132776 18.163265306122447 890
1744762152081 18.367346938775512 900
1744762171508 18.571428571428573 910
1744762190769 18.775510204081634 920
1744762209998 18.979591836734695 930
1744762230796 19.0 931
1744762250831 19.183673469387756 940
1744762270522 19.387755102040817 950
1744762290073 19.591836734693878 960
1744762309774 19.79591836734694 970
1744762327498 20.0 980
1744762347701 20.0 980
1744762369911 20.20408163265306 990
1744762389674 20.408163265306122 1000
1744762409224 20.612244897959183 1010
1744762429021 20.816326530612244 1020
1744762465015 21.0 1029
1744762469600 21.020408163265305 1030
1744762489556 21.224489795918366 1040
1744762509106 21.428571428571427 1050
1744762528862 21.632653061224488 1060
1744762548829 21.836734693877553 1070
1744762582312 22.0 1078
1744762589006 22.040816326530614 1080
1744762608357 22.244897959183675 1090
1744762627874 22.448979591836736 1100
1744762647199 22.653061224489797 1110
1744762666813 22.857142857142858 1120
1744762698411 23.0 1127
1744762706727 23.06122448979592 1130
1744762726589 23.26530612244898 1140
1744762746100 23.46938775510204 1150
1744762765723 23.6734693877551 1160
1744762784972 23.877551020408163 1170
1744762814188 24.0 1176
1744762824700 24.081632653061224 1180
1744762843995 24.285714285714285 1190
1744762863542 24.489795918367346 1200
1744762883303 24.693877551020407 1210
1744762902810 24.897959183673468 1220
1744762930529 25.0 1225
1744762942918 25.102040816326532 1230
1744762962861 25.306122448979593 1240
1744762982751 25.510204081632654 1250
1744763002261 25.714285714285715 1260
1744763021642 25.918367346938776 1270
1744763047336 26.0 1274
1744763061806 26.122448979591837 1280
1744763081399 26.3265306122449 1290
1744763100605 26.53061224489796 1300
1744763120387 26.73469387755102 1310
1744763140200 26.93877551020408 1320
1744763164783 27.0 1323
1744763180935 27.142857142857142 1330
1744763200283 27.346938775510203 1340
1744763220350 27.551020408163264 1350
1744763240145 27.755102040816325 1360
1744763259945 27.959183673469386 1370
1744763282036 28.0 1372
1744763300560 28.163265306122447 1380
1744763320241 28.367346938775512 1390
1744763340152 28.571428571428573 1400
1744763360037 28.775510204081634 1410
1744763378780 28.979591836734695 1420
1744763399584 29.0 1421
1744763420351 29.183673469387756 1430
1744763440132 29.387755102040817 1440
1744763459833 29.591836734693878 1450
1744763479385 29.79591836734694 1460
1744763497104 30.0 1470
1744763516506 30.0 1470
1744763518271 30.0 1470
1744763518748 30.0 0
1744763538740 30.0 1470
