1744760036333 4.169582843780518 10
1744760056443 3.6892848014831543 20
1744760076316 3.6529347896575928 30
1744760096556 3.977740526199341 40
1744760137943 4.757450103759766 50
1744760157215 5.9246392250061035 60
1744760177145 8.566999435424805 70
1744760196487 5.487191677093506 80
1744760216128 5.467221260070801 90
1744760256227 4.6139960289001465 100
1744760275814 4.907083034515381 110
1744760295181 5.168130874633789 120
1744760314983 4.8859148025512695 130
1744760334505 5.143770217895508 140
1744760375007 6.632584095001221 150
1744760394843 5.563848495483398 160
1744760414655 5.0391621589660645 170
1744760434101 4.224052906036377 180
1744760454009 4.359462738037109 190
1744760495069 4.70035457611084 200
1744760515199 3.178868532180786 210
1744760534924 3.070629358291626 220
1744760554803 3.63508677482605 230
1744760574564 4.358975410461426 240
1744760614501 3.531200647354126 250
1744760634154 3.756716251373291 260
1744760653728 4.660775184631348 270
1744760673453 2.9469187259674072 280
1744760693009 4.335999488830566 290
1744760733161 2.5269274711608887 300
1744760752607 3.327723503112793 310
1744760772304 3.3824002742767334 320
1744760791736 2.7877416610717773 330
1744760811193 3.0911073684692383 340
1744760851074 2.738652229309082 350
1744760871070 4.873809814453125 360
1744760890561 3.6729824542999268 370
1744760910368 3.194732666015625 380
1744760930106 3.9286885261535645 390
1744760970217 4.857919692993164 400
1744760989926 3.6494252681732178 410
1744761009228 3.681145668029785 420
1744761028627 2.9672672748565674 430
1744761047875 3.193331718444824 440
1744761088765 3.011396646499634 450
1744761107870 3.646190643310547 460
1744761127382 3.1793839931488037 470
1744761146875 3.065910816192627 480
1744761164676 7.228648662567139 490
1744761206194 2.405287504196167 500
1744761226252 3.257127523422241 510
1744761245730 2.7981388568878174 520
1744761265569 3.8173863887786865 530
1744761305819 2.7422537803649902 540
1744761325653 3.173689842224121 550
1744761345226 3.2547523975372314 560
1744761364815 3.156245708465576 570
1744761384321 2.9457526206970215 580
1744761424719 2.3134584426879883 590
1744761444156 2.801626682281494 600
1744761463474 2.819845676422119 610
1744761483247 3.3329296112060547 620
1744761502591 3.2228786945343018 630
1744761542786 2.881819009780884 640
1744761562052 3.029514789581299 650
1744761581581 3.0557775497436523 660
1744761600968 3.2750935554504395 670
1744761620706 9.80168342590332 680
1744761660074 3.0580191612243652 690
1744761679690 2.657433032989502 700
1744761698826 6.847923755645752 710
1744761718241 4.002880573272705 720
1744761737655 2.7695419788360596 730
1744761778358 2.559058666229248 740
1744761797889 15.187065124511719 750
1744761817356 3.007667303085327 760
1744761836847 2.4087021350860596 770
1744761856528 2.452357292175293 780
1744761896369 2.7275595664978027 790
1744761916216 2.987769842147827 800
1744761935771 2.7828569412231445 810
1744761955311 2.919064998626709 820
1744761974692 2.761430501937866 830
1744762014395 2.127499580383301 840
1744762034243 2.2326624393463135 850
1744762054123 2.534856081008911 860
1744762073655 2.8993849754333496 870
1744762092709 2.213970422744751 880
1744762132776 2.755805253982544 890
1744762152081 3.0343260765075684 900
1744762171508 2.6403238773345947 910
1744762190769 4.131048679351807 920
1744762209998 2.6997416019439697 930
1744762250831 3.3001394271850586 940
1744762270522 2.3037545680999756 950
1744762290073 3.2554166316986084 960
1744762309774 2.6882126331329346 970
1744762327498 5.659839630126953 980
1744762369911 2.181518793106079 990
1744762389674 2.2186803817749023 1000
1744762409224 2.6997900009155273 1010
1744762429021 2.697474718093872 1020
1744762469600 2.25 1030
1744762489556 3.14159893989563 1040
1744762509106 2.9304046630859375 1050
1744762528862 2.634993076324463 1060
1744762548829 2.896296262741089 1070
1744762589006 2.8821206092834473 1080
1744762608357 3.0374295711517334 1090
1744762627874 2.528688907623291 1100
1744762647199 2.271505832672119 1110
1744762666813 5.194651126861572 1120
1744762706727 2.9385619163513184 1130
1744762726589 2.922046184539795 1140
1744762746100 3.6759581565856934 1150
1744762765723 2.4521355628967285 1160
1744762784972 2.392543077468872 1170
1744762824700 2.7426984310150146 1180
1744762843995 3.1723763942718506 1190
1744762863542 2.6627182960510254 1200
1744762883303 2.3507769107818604 1210
1744762902810 2.463801145553589 1220
1744762942918 2.5759470462799072 1230
1744762962861 2.2277560234069824 1240
1744762982751 2.706439971923828 1250
1744763002261 2.981475591659546 1260
1744763021642 2.491701126098633 1270
1744763061806 2.9630205631256104 1280
1744763081399 2.5679802894592285 1290
1744763100605 2.66489315032959 1300
1744763120387 2.313039541244507 1310
1744763140200 2.2216293811798096 1320
1744763180935 2.994286060333252 1330
1744763200283 2.3695015907287598 1340
1744763220350 2.0462069511413574 1350
1744763240145 2.515899419784546 1360
1744763259945 2.743652582168579 1370
1744763300560 2.1913394927978516 1380
1744763320241 2.2434816360473633 1390
1744763340152 2.109328508377075 1400
1744763360037 2.5032663345336914 1410
1744763378780 2.540179491043091 1420
1744763420351 3.2126410007476807 1430
1744763440132 2.469038248062134 1440
1744763459833 3.6410913467407227 1450
1744763479385 2.719376802444458 1460
1744763497104 4.987199306488037 1470
