1744760036333 6.122448979591837e-06 10
1744760056443 1.2925170068027212e-05 20
1744760076316 1.9727891156462584e-05 30
1744760096556 2.6530612244897963e-05 40
1744760137943 3.3333333333333335e-05 50
1744760157215 4.013605442176871e-05 60
1744760177145 4.6938775510204086e-05 70
1744760196487 5.374149659863946e-05 80
1744760216128 6.0544217687074836e-05 90
1744760256227 6.73469387755102e-05 100
1744760275814 7.414965986394559e-05 110
1744760295181 8.095238095238096e-05 120
1744760314983 8.775510204081632e-05 130
1744760334505 9.455782312925171e-05 140
1744760375007 9.999943612967331e-05 150
1744760394843 9.99797020035959e-05 160
1744760414655 9.99317870778844e-05 170
1744760434101 9.985571836912485e-05 180
1744760454009 9.975153876827008e-05 190
1744760495069 9.961930701645577e-05 200
1744760515199 9.945909767187964e-05 210
1744760534924 9.927100106776212e-05 220
1744760554803 9.90551232614125e-05 230
1744760574564 9.881158597442901e-05 240
1744760614501 9.854052652406666e-05 250
1744760634154 9.824209774581174e-05 260
1744760653728 9.791646790720628e-05 270
1744760673453 9.75638206129711e-05 280
1744760693009 9.718435470148147e-05 290
1744760733161 9.677828413265291e-05 300
1744760752607 9.63458378673011e-05 310
1744760772304 9.588725973804342e-05 320
1744760791736 9.540280831181525e-05 330
1744760811193 9.489275674407826e-05 340
1744760851074 9.43573926248031e-05 350
1744760871070 9.379701781631335e-05 360
1744760890561 9.321194828308185e-05 370
1744760910368 9.260251391357586e-05 380
1744760930106 9.196905833425111e-05 390
1744760970217 9.131193871579975e-05 400
1744760989926 9.063152557176149e-05 410
1744761009228 8.992820254961143e-05 420
1744761028627 8.920236621444243e-05 430
1744761047875 8.845442582536385e-05 440
1744761088765 8.768480310474294e-05 450
1744761107870 8.689393200041879e-05 460
1744761127382 8.60822584410231e-05 470
1744761146875 8.525024008454561e-05 480
1744761164676 8.439834606028594e-05 490
1744761206194 8.352705670433741e-05 500
1744761226252 8.263686328875206e-05 510
1744761245730 8.172826774453936e-05 520
1744761265569 8.080178237865503e-05 530
1744761305819 7.985792958513931e-05 540
1744761325653 7.889724155056777e-05 550
1744761345226 7.792025995398068e-05 560
1744761364815 7.692753566145998e-05 570
1744761384321 7.591962841552627e-05 580
1744761424719 7.489710651953089e-05 590
1744761444156 7.386054651722098e-05 600
1744761463474 7.281053286765815e-05 610
1744761483247 7.174765761567432e-05 620
1744761502591 7.067252005805019e-05 630
1744761542786 6.958572640560492e-05 640
1744761562052 6.848788944138705e-05 650
1744761581581 6.737962817516022e-05 660
1744761600968 6.626156749437736e-05 670
1744761620706 6.51343378118413e-05 680
1744761660074 6.399857471024965e-05 690
1744761679690 6.285491858382475e-05 700
1744761698826 6.170401427723067e-05 710
1744761718241 6.054651072198085e-05 720
1744761737655 5.9383060570541384e-05 730
1744761778358 5.8214319828336194e-05 740
1744761797889 5.704094748386184e-05 750
1744761817356 5.58636051371201e-05 760
1744761836847 5.468295662657829e-05 770
1744761856528 5.349966765486728e-05 780
1744761896369 5.2314405413428456e-05 790
1744761916216 5.1127838206321335e-05 800
1744761935771 4.994063507340356e-05 810
1744761955311 4.875346541309637e-05 820
1744761974692 4.7566998604947585e-05 830
1744762014395 4.638190363220547e-05 840
1744762034243 4.5198848704615914e-05 850
1744762054123 4.401850088165571e-05 860
1744762073655 4.28415256964146e-05 870
1744762092709 4.166858678033771e-05 880
1744762132776 4.0500345489040515e-05 890
1744762152081 3.933746052940664e-05 900
1744762171508 3.818058758817956e-05 910
1744762190769 3.703037896225686e-05 920
1744762209998 3.588748319089596e-05 930
1744762250831 3.4752544690038647e-05 940
1744762270522 3.362620338896032e-05 950
1744762290073 3.250909436944928e-05 960
1744762309774 3.140184750771895e-05 970
1744762327498 3.0305087119255547e-05 980
1744762369911 2.9219431606800897e-05 990
1744762389674 2.8145493111669186e-05 1000
1744762409224 2.708387716859425e-05 1010
1744762429021 2.603518236430195e-05 1020
1744762469600 2.500000000000001e-05 1030
1744762489556 2.3978913757975907e-05 1040
1744762509106 2.297249937249058e-05 1050
1744762528862 2.1981324305153643e-05 1060
1744762548829 2.100594742496303e-05 1070
1744762589006 2.004691869318953e-05 1080
1744762608357 1.910477885328399e-05 1090
1744762627874 1.8180059125981823e-05 1100
1744762647199 1.727328090977702e-05 1110
1744762666813 1.6384955486934156e-05 1120
1744762706727 1.551558373520455e-05 1130
1744762726589 1.4665655845408871e-05 1140
1744762746100 1.38356510450456e-05 1150
1744762765723 1.3026037328081043e-05 1160
1744762784972 1.2237271191073268e-05 1170
1744762824700 1.1469797375778901e-05 1180
1744762843995 1.0724048618387788e-05 1190
1744762863542 1.000044540552681e-05 1200
1744762883303 9.299395737170757e-06 1210
1744762902810 8.621294896593535e-06 1220
1744762942918 7.966525227489769e-06 1230
1744762962861 7.33545591839222e-06 1240
1744762982751 6.728442794506773e-06 1250
1744763002261 6.145828117082187e-06 1260
1744763021642 5.587940390427804e-06 1270
1744763061806 5.055094176688108e-06 1280
1744763081399 4.547589918478456e-06 1290
1744763100605 4.065713769482082e-06 1300
1744763120387 3.6097374331037324e-06 1310
1744763140200 3.1799180092711376e-06 1320
1744763180935 2.776497849470544e-06 1330
1744763200283 2.399704420098009e-06 1340
1744763220350 2.0497501742037073e-06 1350
1744763240145 1.7268324317012975e-06 1360
1744763259945 1.4311332681101464e-06 1370
1744763300560 1.1628194118929403e-06 1380
1744763320241 9.220421504467281e-07 1390
1744763340152 7.08937244800284e-07 1400
1744763360037 5.236248530659182e-07 1410
1744763378780 3.662094626889656e-07 1420
1744763420351 2.3677983153307937e-07 1430
1744763440132 1.354089378345469e-07 1440
1744763459833 6.215393905388278e-08 1450
1744763479385 1.705613964789743e-08 1460
1744763497104 1.4096778039318636e-10 1470
