1744760036333 3.8034 10
1744760056443 3.5916 20
1744760076316 3.2409 30
1744760096556 2.9131 40
1744760137943 2.5564 50
1744760157215 2.2101 60
1744760177145 1.9781 70
1744760196487 1.8977 80
1744760216128 1.7999 90
1744760256227 1.8092 100
1744760275814 1.7076 110
1744760295181 1.6765 120
1744760314983 1.6232 130
1744760334505 1.6299 140
1744760375007 1.5972 150
1744760394843 1.5624 160
1744760414655 1.5704 170
1744760434101 1.5397 180
1744760454009 1.5443 190
1744760495069 1.528 200
1744760515199 1.4739 210
1744760534924 1.4892 220
1744760554803 1.4687 230
1744760574564 1.4507 240
1744760614501 1.4105 250
1744760634154 1.3549 260
1744760653728 1.3866 270
1744760673453 1.3677 280
1744760693009 1.4005 290
1744760733161 1.3538 300
1744760752607 1.3231 310
1744760772304 1.3459 320
1744760791736 1.3462 330
1744760811193 1.345 340
1744760851074 1.311 350
1744760871070 1.2953 360
1744760890561 1.3252 370
1744760910368 1.2521 380
1744760930106 1.2678 390
1744760970217 1.2293 400
1744760989926 1.252 410
1744761009228 1.287 420
1744761028627 1.2665 430
1744761047875 1.2307 440
1744761088765 1.1987 450
1744761107870 1.2245 460
1744761127382 1.2138 470
1744761146875 1.2229 480
1744761164676 1.2199 490
1744761206194 1.1578 500
1744761226252 1.1797 510
1744761245730 1.201 520
1744761265569 1.1641 530
1744761305819 1.1637 540
1744761325653 1.1354 550
1744761345226 1.1299 560
1744761364815 1.1422 570
1744761384321 1.1369 580
1744761424719 1.1412 590
1744761444156 1.1186 600
1744761463474 1.097 610
1744761483247 1.1246 620
1744761502591 1.1266 630
1744761542786 1.138 640
1744761562052 1.0809 650
1744761581581 1.0861 660
1744761600968 1.0911 670
1744761620706 1.104 680
1744761660074 1.0928 690
1744761679690 1.0534 700
1744761698826 1.0841 710
1744761718241 1.0886 720
1744761737655 1.0634 730
1744761778358 1.057 740
1744761797889 1.0658 750
1744761817356 1.0388 760
1744761836847 1.0504 770
1744761856528 1.0592 780
1744761896369 1.063 790
1744761916216 1.0215 800
1744761935771 1.0337 810
1744761955311 1.0242 820
1744761974692 1.0498 830
1744762014395 1.0229 840
1744762034243 1.0264 850
1744762054123 1.0222 860
1744762073655 1.0257 870
1744762092709 1.0087 880
1744762132776 0.9818 890
1744762152081 1.0246 900
1744762171508 0.9985 910
1744762190769 1.0018 920
1744762209998 1.0079 930
1744762250831 1.0022 940
1744762270522 0.9895 950
1744762290073 0.9613 960
1744762309774 0.9842 970
1744762327498 0.9894 980
1744762369911 0.9953 990
1744762389674 0.9659 1000
1744762409224 0.9932 1010
1744762429021 0.972 1020
1744762469600 0.9854 1030
1744762489556 0.9477 1040
1744762509106 0.9596 1050
1744762528862 0.9554 1060
1744762548829 0.9452 1070
1744762589006 0.9995 1080
1744762608357 0.9608 1090
1744762627874 0.9827 1100
1744762647199 0.9481 1110
1744762666813 0.9404 1120
1744762706727 0.9651 1130
1744762726589 0.9506 1140
1744762746100 0.9454 1150
1744762765723 0.9314 1160
1744762784972 0.9611 1170
1744762824700 0.9188 1180
1744762843995 0.9272 1190
1744762863542 0.9384 1200
1744762883303 0.9537 1210
1744762902810 0.9144 1220
1744762942918 0.9466 1230
1744762962861 0.9362 1240
1744762982751 0.9357 1250
1744763002261 0.9208 1260
1744763021642 0.9402 1270
1744763061806 0.9355 1280
1744763081399 0.918 1290
1744763100605 0.9247 1300
1744763120387 0.9246 1310
1744763140200 0.9365 1320
1744763180935 0.952 1330
1744763200283 0.9282 1340
1744763220350 0.9233 1350
1744763240145 0.9427 1360
1744763259945 0.9552 1370
1744763300560 0.9524 1380
1744763320241 0.9223 1390
1744763340152 0.9475 1400
1744763360037 0.9317 1410
1744763378780 0.9313 1420
1744763420351 0.9343 1430
1744763440132 0.9289 1440
1744763459833 0.9302 1450
1744763479385 0.9181 1460
1744763497104 0.9311 1470
