1745338545169 0.07874015748031496 10
1745338552928 0.15748031496062992 20
1745338560740 0.23622047244094488 30
1745338568421 0.31496062992125984 40
1745338576567 0.3937007874015748 50
1745338583868 0.47244094488188976 60
1745338591665 0.5511811023622047 70
1745338599064 0.6299212598425197 80
1745338606887 0.7086614173228346 90
1745338614184 0.7874015748031497 100
1745338621510 0.8661417322834646 110
1745338628577 0.9448818897637795 120
1745338647172 1.0 127
1745338650503 1.0236220472440944 130
1745338657785 1.1023622047244095 140
1745338665150 1.1811023622047245 150
1745338672658 1.2598425196850394 160
1745338679873 1.3385826771653544 170
1745338687116 1.4173228346456692 180
1745338694346 1.4960629921259843 190
1745338701862 1.574803149606299 200
1745338709485 1.6535433070866141 210
1745338716729 1.7322834645669292 220
1745338724034 1.811023622047244 230
1745338731248 1.889763779527559 240
1745338738591 1.968503937007874 250
1745338754531 2.0 254
1745338759780 2.047244094488189 260
1745338767173 2.1259842519685037 270
1745338775128 2.204724409448819 280
1745338782129 2.283464566929134 290
1745338789423 2.362204724409449 300
1745338796989 2.440944881889764 310
1745338804462 2.5196850393700787 320
1745338811842 2.5984251968503935 330
1745338819356 2.677165354330709 340
1745338826472 2.7559055118110236 350
1745338833887 2.8346456692913384 360
1745338841466 2.9133858267716537 370
1745338848854 2.9921259842519685 380
1745338863053 3.0 381
1745338870166 3.0708661417322833 390
1745338877344 3.1496062992125986 400
1745338884615 3.2283464566929134 410
1745338891806 3.3070866141732282 420
1745338899099 3.3858267716535435 430
1745338906144 3.4645669291338583 440
1745338913343 3.543307086614173 450
1745338920491 3.622047244094488 460
1745338927679 3.7007874015748032 470
1745338935091 3.779527559055118 480
1745338942447 3.8582677165354333 490
1745338949469 3.937007874015748 500
1745338968686 4.0 508
1745338970964 4.015748031496063 510
1745338978122 4.094488188976378 520
1745338985154 4.173228346456693 530
1745338992389 4.251968503937007 540
1745338999816 4.330708661417323 550
1745339006994 4.409448818897638 560
1745339014184 4.488188976377953 570
1745339021526 4.566929133858268 580
1745339028531 4.645669291338582 590
1745339035885 4.724409448818898 600
1745339043132 4.803149606299213 610
1745339050347 4.881889763779528 620
1745339057811 4.960629921259843 630
1745339074679 5.0 635
1745339079092 5.039370078740157 640
1745339086253 5.118110236220472 650
1745339093455 5.196850393700787 660
1745339100713 5.275590551181103 670
1745339108075 5.354330708661418 680
1745339115248 5.433070866141732 690
1745339122503 5.511811023622047 700
1745339129744 5.590551181102362 710
1745339137148 5.669291338582677 720
1745339144206 5.748031496062993 730
1745339151905 5.826771653543307 740
1745339159261 5.905511811023622 750
1745339166581 5.984251968503937 760
1745339181188 6.0 762
1745339187915 6.062992125984252 770
1745339195087 6.141732283464567 780
1745339202404 6.2204724409448815 790
1745339209717 6.299212598425197 800
1745339216948 6.377952755905512 810
1745339223938 6.456692913385827 820
1745339231242 6.535433070866142 830
1745339238411 6.6141732283464565 840
1745339245646 6.692913385826771 850
1745339252952 6.771653543307087 860
1745339260050 6.850393700787402 870
1745339267447 6.929133858267717 880
1745339287367 7.0 889
1745339288925 7.0078740157480315 890
1745339295945 7.086614173228346 900
1745339303180 7.165354330708661 910
1745339310640 7.244094488188976 920
1745339317978 7.322834645669292 930
1745339325190 7.4015748031496065 940
1745339332647 7.480314960629921 950
1745339339670 7.559055118110236 960
1745339347026 7.637795275590551 970
1745339354369 7.716535433070866 980
1745339361651 7.7952755905511815 990
1745339369025 7.874015748031496 1000
1745339376638 7.952755905511811 1010
1745339394250 8.0 1016
1745339398053 8.031496062992126 1020
1745339405309 8.11023622047244 1030
1745339412636 8.188976377952756 1040
1745339419943 8.26771653543307 1050
1745339427400 8.346456692913385 1060
1745339434860 8.4251968503937 1070
1745339442375 8.503937007874015 1080
1745339450056 8.582677165354331 1090
1745339457568 8.661417322834646 1100
1745339464865 8.740157480314961 1110
1745339472151 8.818897637795276 1120
1745339479476 8.89763779527559 1130
1745339486820 8.976377952755906 1140
1745339502342 9.0 1143
1745339508241 9.05511811023622 1150
1745339515822 9.133858267716535 1160
1745339523068 9.21259842519685 1170
1745339530601 9.291338582677165 1180
1745339537774 9.37007874015748 1190
1745339545096 9.448818897637794 1200
1745339552366 9.527559055118111 1210
1745339560143 9.606299212598426 1220
1745339567814 9.68503937007874 1230
1745339575150 9.763779527559056 1240
1745339582334 9.84251968503937 1250
1745339590072 9.921259842519685 1260
1745339597228 10.0 1270
1745339610883 10.0 1270
1745339619235 10.078740157480315 1280
1745339626422 10.15748031496063 1290
1745339633746 10.236220472440944 1300
1745339641209 10.31496062992126 1310
1745339648824 10.393700787401574 1320
1745339656202 10.472440944881889 1330
1745339663429 10.551181102362206 1340
1745339670644 10.62992125984252 1350
1745339678421 10.708661417322835 1360
1745339686237 10.78740157480315 1370
1745339693741 10.866141732283465 1380
1745339700750 10.94488188976378 1390
1745339719087 11.0 1397
1745339722146 11.023622047244094 1400
1745339729671 11.10236220472441 1410
1745339736770 11.181102362204724 1420
1745339744201 11.259842519685039 1430
1745339751856 11.338582677165354 1440
1745339759497 11.417322834645669 1450
1745339766926 11.496062992125985 1460
1745339774509 11.5748031496063 1470
1745339781875 11.653543307086615 1480
1745339789453 11.73228346456693 1490
1745339796688 11.811023622047244 1500
1745339804017 11.88976377952756 1510
1745339811428 11.968503937007874 1520
1745339827561 12.0 1524
1745339832680 12.047244094488189 1530
1745339839938 12.125984251968504 1540
1745339847138 12.204724409448819 1550
1745339854428 12.283464566929133 1560
1745339861440 12.362204724409448 1570
1745339868776 12.440944881889763 1580
1745339876211 12.519685039370078 1590
1745339883466 12.598425196850394 1600
1745339890653 12.67716535433071 1610
1745339897969 12.755905511811024 1620
1745339904981 12.834645669291339 1630
1745339912158 12.913385826771654 1640
1745339919347 12.992125984251969 1650
1745339933226 13.0 1651
1745339940513 13.070866141732283 1660
1745339947708 13.149606299212598 1670
1745339955148 13.228346456692913 1680
1745339962453 13.307086614173228 1690
1745339969651 13.385826771653543 1700
1745339976766 13.464566929133857 1710
1745339984076 13.543307086614174 1720
1745339991335 13.622047244094489 1730
1745339998990 13.700787401574804 1740
1745340006660 13.779527559055119 1750
1745340013898 13.858267716535433 1760
1745340020954 13.937007874015748 1770
1745340040116 14.0 1778
1745340042412 14.015748031496063 1780
1745340049869 14.094488188976378 1790
1745340057023 14.173228346456693 1800
1745340064451 14.251968503937007 1810
1745340071742 14.330708661417322 1820
1745340078962 14.409448818897637 1830
1745340086155 14.488188976377952 1840
1745340093524 14.566929133858268 1850
1745340100546 14.645669291338583 1860
1745340107747 14.724409448818898 1870
1745340115395 14.803149606299213 1880
1745340122587 14.881889763779528 1890
1745340129799 14.960629921259843 1900
1745340146651 15.0 1905
1745340151084 15.039370078740157 1910
1745340158242 15.118110236220472 1920
1745340165528 15.196850393700787 1930
1745340172802 15.275590551181102 1940
1745340179988 15.354330708661417 1950
1745340187205 15.433070866141732 1960
1745340194622 15.511811023622048 1970
1745340201839 15.590551181102363 1980
1745340209206 15.669291338582678 1990
1745340216330 15.748031496062993 2000
1745340223540 15.826771653543307 2010
1745340230750 15.905511811023622 2020
1745340237975 15.984251968503937 2030
1745340252626 16.0 2032
1745340259217 16.062992125984252 2040
1745340266736 16.141732283464567 2050
1745340274208 16.22047244094488 2060
1745340281417 16.299212598425196 2070
1745340288692 16.37795275590551 2080
1745340295855 16.456692913385826 2090
1745340303184 16.53543307086614 2100
1745340310721 16.614173228346456 2110
1745340317910 16.69291338582677 2120
1745340325159 16.771653543307085 2130
1745340332159 16.8503937007874 2140
1745340339345 16.929133858267715 2150
1745340359134 17.0 2159
1745340360703 17.007874015748033 2160
1745340367884 17.086614173228348 2170
1745340375252 17.165354330708663 2180
1745340382851 17.244094488188978 2190
1745340390122 17.322834645669293 2200
1745340397391 17.401574803149607 2210
1745340404614 17.480314960629922 2220
1745340411983 17.559055118110237 2230
1745340419436 17.637795275590552 2240
1745340426948 17.716535433070867 2250
1745340434367 17.79527559055118 2260
1745340441676 17.874015748031496 2270
1745340449017 17.95275590551181 2280
1745340466415 18.0 2286
1745340470095 18.031496062992126 2290
1745340477287 18.11023622047244 2300
1745340484635 18.188976377952756 2310
1745340491993 18.26771653543307 2320
1745340499179 18.346456692913385 2330
1745340506542 18.4251968503937 2340
1745340513980 18.503937007874015 2350
1745340521225 18.58267716535433 2360
1745340528444 18.661417322834644 2370
1745340535622 18.74015748031496 2380
1745340542837 18.818897637795274 2390
1745340550041 18.89763779527559 2400
1745340557582 18.976377952755904 2410
1745340572868 19.0 2413
1745340578795 19.055118110236222 2420
1745340586072 19.133858267716537 2430
1745340593230 19.212598425196852 2440
1745340600504 19.291338582677167 2450
1745340607495 19.37007874015748 2460
1745340614702 19.448818897637796 2470
1745340621904 19.52755905511811 2480
1745340629094 19.606299212598426 2490
1745340636411 19.68503937007874 2500
1745340643704 19.763779527559056 2510
1745340650727 19.84251968503937 2520
1745340658119 19.921259842519685 2530
1745340665012 20.0 2540
1745340678850 20.0 2540
1745340686954 20.078740157480315 2550
1745340694518 20.15748031496063 2560
1745340701761 20.236220472440944 2570
1745340709052 20.31496062992126 2580
1745340716765 20.393700787401574 2590
1745340723998 20.47244094488189 2600
1745340730996 20.551181102362204 2610
1745340738838 20.62992125984252 2620
1745340746871 20.708661417322833 2630
1745340754159 20.787401574803148 2640
1745340761568 20.866141732283463 2650
1745340769062 20.944881889763778 2660
1745340787440 21.0 2667
1745340790428 21.023622047244096 2670
1745340797788 21.10236220472441 2680
1745340805130 21.181102362204726 2690
1745340812173 21.25984251968504 2700
1745340819370 21.338582677165356 2710
1745340826563 21.41732283464567 2720
1745340833779 21.496062992125985 2730
1745340840960 21.5748031496063 2740
1745340848200 21.653543307086615 2750
1745340855191 21.73228346456693 2760
1745340862453 21.811023622047244 2770
1745340869821 21.88976377952756 2780
1745340877003 21.968503937007874 2790
1745340892992 22.0 2794
1745340898362 22.04724409448819 2800
1745340905954 22.125984251968504 2810
1745340913260 22.20472440944882 2820
1745340920459 22.283464566929133 2830
1745340927447 22.362204724409448 2840
1745340934749 22.440944881889763 2850
1745340941987 22.519685039370078 2860
1745340949306 22.598425196850393 2870
1745340956506 22.677165354330707 2880
1745340963744 22.755905511811022 2890
1745340970737 22.834645669291337 2900
1745340978183 22.913385826771652 2910
1745340985389 22.99212598425197 2920
1745340999371 23.0 2921
1745341006568 23.070866141732285 2930
1745341013889 23.1496062992126 2940
1745341021379 23.228346456692915 2950
1745341028551 23.30708661417323 2960
1745341036140 23.385826771653544 2970
1745341043998 23.46456692913386 2980
1745341051383 23.543307086614174 2990
1745341059004 23.62204724409449 3000
1745341066315 23.700787401574804 3010
1745341073650 23.77952755905512 3020
1745341081087 23.858267716535433 3030
1745341088539 23.937007874015748 3040
1745341107273 24.0 3048
1745341109559 24.015748031496063 3050
1745341116834 24.094488188976378 3060
1745341123919 24.173228346456693 3070
1745341131138 24.251968503937007 3080
1745341138635 24.330708661417322 3090
1745341146220 24.409448818897637 3100
1745341153973 24.488188976377952 3110
1745341161572 24.566929133858267 3120
1745341168589 24.64566929133858 3130
1745341175874 24.724409448818896 3140
1745341183116 24.80314960629921 3150
1745341190737 24.881889763779526 3160
1745341198241 24.96062992125984 3170
1745341215355 25.0 3175
1745341219914 25.03937007874016 3180
1745341227203 25.118110236220474 3190
1745341234426 25.19685039370079 3200
1745341241751 25.275590551181104 3210
1745341248819 25.35433070866142 3220
1745341256131 25.433070866141733 3230
1745341263297 25.511811023622048 3240
1745341270501 25.590551181102363 3250
1745341277671 25.669291338582678 3260
1745341284883 25.748031496062993 3270
1745341291892 25.826771653543307 3280
1745341299085 25.905511811023622 3290
1745341306323 25.984251968503937 3300
1745341320737 26.0 3302
1745341327204 26.062992125984252 3310
1745341334425 26.141732283464567 3320
1745341341609 26.22047244094488 3330
1745341348772 26.299212598425196 3340
1745341356172 26.37795275590551 3350
1745341363166 26.456692913385826 3360
1745341370384 26.53543307086614 3370
1745341377564 26.614173228346456 3380
1745341385045 26.69291338582677 3390
1745341392179 26.771653543307085 3400
1745341399394 26.8503937007874 3410
1745341406392 26.929133858267715 3420
1745341426072 27.0 3429
1745341427664 27.007874015748033 3430
1745341434890 27.086614173228348 3440
1745341441889 27.165354330708663 3450
1745341449200 27.244094488188978 3460
1745341456427 27.322834645669293 3470
1745341463592 27.401574803149607 3480
1745341470810 27.480314960629922 3490
1745341478123 27.559055118110237 3500
1745341485118 27.637795275590552 3510
1745341492427 27.716535433070867 3520
1745341499620 27.79527559055118 3530
1745341506988 27.874015748031496 3540
1745341514208 27.95275590551181 3550
1745341531627 28.0 3556
1745341535303 28.031496062992126 3560
1745341542512 28.11023622047244 3570
1745341549686 28.188976377952756 3580
1745341556634 28.26771653543307 3590
1745341563880 28.346456692913385 3600
1745341571086 28.4251968503937 3610
1745341578333 28.503937007874015 3620
1745341585607 28.58267716535433 3630
1745341593067 28.661417322834644 3640
1745341600193 28.74015748031496 3650
1745341607509 28.818897637795274 3660
1745341614894 28.89763779527559 3670
1745341622506 28.976377952755904 3680
1745341637814 29.0 3683
1745341643663 29.055118110236222 3690
1745341651022 29.133858267716537 3700
1745341658220 29.212598425196852 3710
1745341665447 29.291338582677167 3720
1745341672930 29.37007874015748 3730
1745341679951 29.448818897637796 3740
1745341687337 29.52755905511811 3750
1745341694684 29.606299212598426 3760
1745341702038 29.68503937007874 3770
1745341709415 29.763779527559056 3780
1745341717064 29.84251968503937 3790
1745341724137 29.921259842519685 3800
1745341731076 30.0 3810
1745341744651 30.0 3810
1745341745218 30.0 3810
1745341745392 30.0 0
1745341758709 30.0 3810
