1745338545169 1.7341541051864624 10
1745338552928 3.7622311115264893 20
1745338560740 1.555572509765625 30
1745338568421 1.2729331254959106 40
1745338576567 1.3906089067459106 50
1745338583868 1.8887758255004883 60
1745338591665 2.4008424282073975 70
1745338599064 2.9605884552001953 80
1745338606887 2.3208565711975098 90
1745338614184 3.4514660835266113 100
1745338621510 1.699063777923584 110
1745338628577 2.5453407764434814 120
1745338650503 1.0720200538635254 130
1745338657785 1.6088201999664307 140
1745338665150 1.4237548112869263 150
1745338672658 1.794926404953003 160
1745338679873 2.1861722469329834 170
1745338687116 1.9397796392440796 180
1745338694346 1.835464596748352 190
1745338701862 1.4219450950622559 200
1745338709485 1.399034023284912 210
1745338716729 1.276414155960083 220
1745338724034 1.036130666732788 230
1745338731248 1.2546217441558838 240
1745338738591 1.2728908061981201 250
1745338759780 1.085878610610962 260
1745338767173 1.391029953956604 270
1745338775128 1.3728251457214355 280
1745338782129 1.1010690927505493 290
1745338789423 1.191210150718689 300
1745338796989 1.3346748352050781 310
1745338804462 1.4130364656448364 320
1745338811842 1.8817112445831299 330
1745338819356 2.0750255584716797 340
1745338826472 2.7859303951263428 350
1745338833887 4.18470573425293 360
1745338841466 1.5860905647277832 370
1745338848854 1.5662988424301147 380
1745338870166 1.4792561531066895 390
1745338877344 1.8235092163085938 400
1745338884615 1.6800726652145386 410
1745338891806 1.9367449283599854 420
1745338899099 1.5724598169326782 430
1745338906144 1.6934870481491089 440
1745338913343 2.2337443828582764 450
1745338920491 2.014932632446289 460
1745338927679 2.1722614765167236 470
1745338935091 5.159976005554199 480
1745338942447 1.8762049674987793 490
1745338949469 2.976182699203491 500
1745338970964 2.436199426651001 510
1745338978122 2.709902286529541 520
1745338985154 1.6704788208007812 530
1745338992389 2.468747854232788 540
1745338999816 3.173238754272461 550
1745339006994 2.448516607284546 560
1745339014184 2.7905352115631104 570
1745339021526 2.437516689300537 580
1745339028531 2.4152090549468994 590
1745339035885 2.4241809844970703 600
1745339043132 2.4388351440429688 610
1745339050347 2.368086338043213 620
1745339057811 2.89351224899292 630
1745339079092 2.81284236907959 640
1745339086253 2.756845235824585 650
1745339093455 3.3001770973205566 660
1745339100713 2.0979037284851074 670
1745339108075 3.3853116035461426 680
1745339115248 4.235123634338379 690
1745339122503 3.954019069671631 700
1745339129744 5.931049823760986 710
1745339137148 4.533438205718994 720
1745339144206 4.619233131408691 730
1745339151905 4.373929977416992 740
1745339159261 2.833448648452759 750
1745339166581 3.5238196849823 760
1745339187915 3.491914749145508 770
1745339195087 2.9340412616729736 780
1745339202404 2.0647377967834473 790
1745339209717 2.5184502601623535 800
1745339216948 2.9602904319763184 810
1745339223938 2.7753090858459473 820
1745339231242 3.795485019683838 830
1745339238411 4.74684476852417 840
1745339245646 3.0365684032440186 850
1745339252952 2.3030450344085693 860
1745339260050 2.6221485137939453 870
1745339267447 2.7669663429260254 880
1745339288925 9.72805118560791 890
1745339295945 2.2496068477630615 900
1745339303180 4.52108907699585 910
1745339310640 3.8920400142669678 920
1745339317978 3.5100271701812744 930
1745339325190 2.875521421432495 940
1745339332647 3.095010280609131 950
1745339339670 3.6425843238830566 960
1745339347026 3.112079381942749 970
1745339354369 2.8415756225585938 980
1745339361651 3.3894004821777344 990
1745339369025 3.5348961353302 1000
1745339376638 2.6051690578460693 1010
1745339398053 3.7784409523010254 1020
1745339405309 5.287957668304443 1030
1745339412636 7.75030517578125 1040
1745339419943 3.0132737159729004 1050
1745339427400 3.161959409713745 1060
1745339434860 2.636807918548584 1070
1745339442375 4.096114158630371 1080
1745339450056 2.6660139560699463 1090
1745339457568 3.3855206966400146 1100
1745339464865 4.400252819061279 1110
1745339472151 3.4262712001800537 1120
1745339479476 3.992506742477417 1130
1745339486820 2.9894824028015137 1140
1745339508241 2.5496718883514404 1150
1745339515822 2.9400525093078613 1160
1745339523068 3.6797800064086914 1170
1745339530601 2.6109073162078857 1180
1745339537774 3.033661365509033 1190
1745339545096 3.331787586212158 1200
1745339552366 2.4975473880767822 1210
1745339560143 4.130157947540283 1220
1745339567814 4.09874963760376 1230
1745339575150 4.055340766906738 1240
1745339582334 2.739762544631958 1250
1745339590072 4.118752956390381 1260
1745339597228 4.078982830047607 1270
1745339619235 3.404156446456909 1280
1745339626422 3.6103060245513916 1290
1745339633746 4.074082374572754 1300
1745339641209 5.289127826690674 1310
1745339648824 4.106690883636475 1320
1745339656202 3.36816668510437 1330
1745339663429 2.9487335681915283 1340
1745339670644 3.77632212638855 1350
1745339678421 2.3396213054656982 1360
1745339686237 4.0566887855529785 1370
1745339693741 3.1983590126037598 1380
1745339700750 2.979196548461914 1390
1745339722146 2.586068868637085 1400
1745339729671 5.120400905609131 1410
1745339736770 3.1763031482696533 1420
1745339744201 2.931946277618408 1430
1745339751856 3.3003292083740234 1440
1745339759497 2.7493984699249268 1450
1745339766926 2.7984232902526855 1460
1745339774509 2.221421480178833 1470
1745339781875 3.0187230110168457 1480
1745339789453 2.6632118225097656 1490
1745339796688 3.100816249847412 1500
1745339804017 4.205220699310303 1510
1745339811428 3.3325355052948 1520
1745339832680 2.3547847270965576 1530
1745339839938 3.9092118740081787 1540
1745339847138 3.6718976497650146 1550
1745339854428 3.743767261505127 1560
1745339861440 3.0947868824005127 1570
1745339868776 2.676905632019043 1580
1745339876211 2.524967908859253 1590
1745339883466 3.363748550415039 1600
1745339890653 3.0354807376861572 1610
1745339897969 4.0969414710998535 1620
1745339904981 2.5372109413146973 1630
1745339912158 3.50249981880188 1640
1745339919347 3.2755746841430664 1650
1745339940513 3.7522311210632324 1660
1745339947708 3.2889678478240967 1670
1745339955148 2.6309115886688232 1680
1745339962453 2.0971243381500244 1690
1745339969651 2.1462485790252686 1700
1745339976766 3.2552008628845215 1710
1745339984076 3.965088129043579 1720
1745339991335 2.3595826625823975 1730
1745339998990 2.6957409381866455 1740
1745340006660 1.9485995769500732 1750
1745340013898 2.5986764430999756 1760
1745340020954 3.1886308193206787 1770
1745340042412 3.2272934913635254 1780
1745340049869 3.015106201171875 1790
1745340057023 2.7475316524505615 1800
1745340064451 3.451221227645874 1810
1745340071742 2.518381118774414 1820
1745340078962 3.026276111602783 1830
1745340086155 3.0304763317108154 1840
1745340093524 2.259132146835327 1850
1745340100546 2.2707958221435547 1860
1745340107747 2.264620304107666 1870
1745340115395 2.2579891681671143 1880
1745340122587 2.2357473373413086 1890
1745340129799 3.401975631713867 1900
1745340151084 3.410994052886963 1910
1745340158242 2.5037841796875 1920
1745340165528 2.523254632949829 1930
1745340172802 3.7353429794311523 1940
1745340179988 2.60984206199646 1950
1745340187205 3.067533016204834 1960
1745340194622 2.7581088542938232 1970
1745340201839 3.7663116455078125 1980
1745340209206 2.5849461555480957 1990
1745340216330 2.264702558517456 2000
1745340223540 2.6790366172790527 2010
1745340230750 2.8112637996673584 2020
1745340237975 2.2307944297790527 2030
1745340259217 2.804781675338745 2040
1745340266736 3.4916203022003174 2050
1745340274208 3.289661407470703 2060
1745340281417 2.1431050300598145 2070
1745340288692 2.9333627223968506 2080
1745340295855 2.9925384521484375 2090
1745340303184 1.8220430612564087 2100
1745340310721 1.7135472297668457 2110
1745340317910 3.9336130619049072 2120
1745340325159 2.194283962249756 2130
1745340332159 4.032225608825684 2140
1745340339345 2.3898041248321533 2150
1745340360703 3.0915896892547607 2160
1745340367884 3.6303892135620117 2170
1745340375252 3.222430467605591 2180
1745340382851 2.455718517303467 2190
1745340390122 2.403589963912964 2200
1745340397391 2.3231139183044434 2210
1745340404614 4.176393985748291 2220
1745340411983 3.1161916255950928 2230
1745340419436 2.615065336227417 2240
1745340426948 3.054121971130371 2250
1745340434367 2.8184146881103516 2260
1745340441676 2.656737804412842 2270
1745340449017 2.065126657485962 2280
1745340470095 2.655998706817627 2290
1745340477287 3.326619863510132 2300
1745340484635 1.8505762815475464 2310
1745340491993 2.1150729656219482 2320
1745340499179 3.6773412227630615 2330
1745340506542 3.2185721397399902 2340
1745340513980 3.785128116607666 2350
1745340521225 2.441936492919922 2360
1745340528444 3.386087417602539 2370
1745340535622 2.656252384185791 2380
1745340542837 2.2201006412506104 2390
1745340550041 2.88932728767395 2400
1745340557582 2.31254243850708 2410
1745340578795 2.853334426879883 2420
1745340586072 3.6234242916107178 2430
1745340593230 2.450206995010376 2440
1745340600504 3.3425045013427734 2450
1745340607495 2.498673677444458 2460
1745340614702 3.9361298084259033 2470
1745340621904 2.8919742107391357 2480
1745340629094 3.0071816444396973 2490
1745340636411 2.941336154937744 2500
1745340643704 2.839665174484253 2510
1745340650727 2.6768057346343994 2520
1745340658119 2.4495904445648193 2530
1745340665012 2.4884397983551025 2540
1745340686954 3.9723923206329346 2550
1745340694518 3.6857752799987793 2560
1745340701761 2.5300848484039307 2570
1745340709052 2.9671196937561035 2580
1745340716765 2.845228910446167 2590
1745340723998 2.6641440391540527 2600
1745340730996 3.214571475982666 2610
1745340738838 3.3170924186706543 2620
1745340746871 2.7623960971832275 2630
1745340754159 3.3984508514404297 2640
1745340761568 2.9846160411834717 2650
1745340769062 2.6689512729644775 2660
1745340790428 2.417112112045288 2670
1745340797788 3.0061120986938477 2680
1745340805130 2.795823097229004 2690
1745340812173 2.6632072925567627 2700
1745340819370 2.378225564956665 2710
1745340826563 2.202483892440796 2720
1745340833779 2.432122230529785 2730
1745340840960 3.3770833015441895 2740
1745340848200 2.537968397140503 2750
1745340855191 3.1482691764831543 2760
1745340862453 2.334334135055542 2770
1745340869821 3.4468843936920166 2780
1745340877003 2.6653831005096436 2790
1745340898362 2.6281607151031494 2800
1745340905954 2.790571928024292 2810
1745340913260 2.8076789379119873 2820
1745340920459 2.4255571365356445 2830
1745340927447 2.8996634483337402 2840
1745340934749 3.332777261734009 2850
1745340941987 1.927269458770752 2860
1745340949306 3.3104159832000732 2870
1745340956506 2.746915340423584 2880
1745340963744 2.9179937839508057 2890
1745340970737 2.3687405586242676 2900
1745340978183 2.4905331134796143 2910
1745340985389 2.2662527561187744 2920
1745341006568 2.3012213706970215 2930
1745341013889 2.4946069717407227 2940
1745341021379 2.784513473510742 2950
1745341028551 2.67238712310791 2960
1745341036140 2.4166367053985596 2970
1745341043998 2.793684244155884 2980
1745341051383 2.7226955890655518 2990
1745341059004 2.9134178161621094 3000
1745341066315 2.0567352771759033 3010
1745341073650 2.5141568183898926 3020
1745341081087 3.2176997661590576 3030
1745341088539 2.218278169631958 3040
1745341109559 2.197821617126465 3050
1745341116834 2.9106979370117188 3060
1745341123919 3.4737770557403564 3070
1745341131138 2.749586343765259 3080
1745341138635 2.948117971420288 3090
1745341146220 2.4762399196624756 3100
1745341153973 2.5518767833709717 3110
1745341161572 2.3631842136383057 3120
1745341168589 2.2172584533691406 3130
1745341175874 2.646177053451538 3140
1745341183116 2.297114133834839 3150
1745341190737 2.717212438583374 3160
1745341198241 4.326814651489258 3170
1745341219914 2.2981786727905273 3180
1745341227203 2.478749990463257 3190
1745341234426 2.8138175010681152 3200
1745341241751 3.4873743057250977 3210
1745341248819 3.1559951305389404 3220
1745341256131 2.300811529159546 3230
1745341263297 2.3926100730895996 3240
1745341270501 3.8061914443969727 3250
1745341277671 2.442516565322876 3260
1745341284883 2.5031988620758057 3270
1745341291892 2.2478907108306885 3280
1745341299085 2.356422185897827 3290
1745341306323 2.985092878341675 3300
1745341327204 3.157670736312866 3310
1745341334425 2.8772616386413574 3320
1745341341609 2.4915616512298584 3330
1745341348772 1.7419469356536865 3340
1745341356172 2.8808400630950928 3350
1745341363166 2.763991594314575 3360
1745341370384 2.4226651191711426 3370
1745341377564 2.47579288482666 3380
1745341385045 2.482565402984619 3390
1745341392179 2.527325391769409 3400
1745341399394 2.6530792713165283 3410
1745341406392 2.8360683917999268 3420
1745341427664 1.779510259628296 3430
1745341434890 2.4345996379852295 3440
1745341441889 3.03214430809021 3450
1745341449200 2.605013608932495 3460
1745341456427 2.6471974849700928 3470
1745341463592 2.7905333042144775 3480
1745341470810 2.3267431259155273 3490
1745341478123 2.7917978763580322 3500
1745341485118 2.7693140506744385 3510
1745341492427 2.6623778343200684 3520
1745341499620 2.6689696311950684 3530
1745341506988 3.7701520919799805 3540
1745341514208 2.0358400344848633 3550
1745341535303 2.574047327041626 3560
1745341542512 3.0802059173583984 3570
1745341549686 2.3559699058532715 3580
1745341556634 2.3016576766967773 3590
1745341563880 3.0734570026397705 3600
1745341571086 2.1009302139282227 3610
1745341578333 2.2941813468933105 3620
1745341585607 2.5187652111053467 3630
1745341593067 1.8911796808242798 3640
1745341600193 2.5350418090820312 3650
1745341607509 2.9730417728424072 3660
1745341614894 2.5747222900390625 3670
1745341622506 2.406364679336548 3680
1745341643663 2.341092348098755 3690
1745341651022 2.1491544246673584 3700
1745341658220 1.943982720375061 3710
1745341665447 1.8962011337280273 3720
1745341672930 2.5702502727508545 3730
1745341679951 2.8007400035858154 3740
1745341687337 3.3691229820251465 3750
1745341694684 2.7706916332244873 3760
1745341702038 3.5949299335479736 3770
1745341709415 1.9951783418655396 3780
1745341717064 2.4124631881713867 3790
1745341724137 2.30377459526062 3800
1745341731076 3.7151803970336914 3810
