1745338545169 2.3622047244094487e-06 10
1745338552928 4.9868766404199475e-06 20
1745338560740 7.611548556430446e-06 30
1745338568421 1.0236220472440946e-05 40
1745338576567 1.2860892388451445e-05 50
1745338583868 1.5485564304461945e-05 60
1745338591665 1.8110236220472444e-05 70
1745338599064 2.0734908136482943e-05 80
1745338606887 2.335958005249344e-05 90
1745338614184 2.5984251968503937e-05 100
1745338621510 2.860892388451444e-05 110
1745338628577 3.1233595800524935e-05 120
1745338650503 3.385826771653544e-05 130
1745338657785 3.648293963254593e-05 140
1745338665150 3.9107611548556434e-05 150
1745338672658 4.173228346456693e-05 160
1745338679873 4.435695538057743e-05 170
1745338687116 4.698162729658793e-05 180
1745338694346 4.960629921259843e-05 190
1745338701862 5.223097112860893e-05 200
1745338709485 5.485564304461942e-05 210
1745338716729 5.748031496062992e-05 220
1745338724034 6.0104986876640425e-05 230
1745338731248 6.272965879265093e-05 240
1745338738591 6.535433070866141e-05 250
1745338759780 6.797900262467192e-05 260
1745338767173 7.060367454068241e-05 270
1745338775128 7.322834645669292e-05 280
1745338782129 7.58530183727034e-05 290
1745338789423 7.847769028871391e-05 300
1745338796989 8.110236220472441e-05 310
1745338804462 8.372703412073492e-05 320
1745338811842 8.63517060367454e-05 330
1745338819356 8.897637795275591e-05 340
1745338826472 9.16010498687664e-05 350
1745338833887 9.422572178477691e-05 360
1745338841466 9.68503937007874e-05 370
1745338848854 9.94750656167979e-05 380
1745338870166 9.999865697896888e-05 390
1745338877344 9.999320107968219e-05 400
1745338884615 9.998354882093378e-05 410
1745338891806 9.996970101292072e-05 420
1745338899099 9.99516588180087e-05 430
1745338906144 9.992942375063434e-05 440
1745338913343 9.990299767717817e-05 450
1745338920491 9.987238281580786e-05 460
1745338927679 9.98375817362921e-05 470
1745338935091 9.979859735978487e-05 480
1745338942447 9.975543295858035e-05 490
1745338949469 9.970809215583799e-05 500
1745338970964 9.965657892527868e-05 510
1745338978122 9.960089759085105e-05 520
1745338985154 9.954105282636852e-05 530
1745338992389 9.947704965511701e-05 540
1745338999816 9.940889344943329e-05 550
1745339006994 9.93365899302541e-05 560
1745339014184 9.926014516663581e-05 570
1745339021526 9.91795655752451e-05 580
1745339028531 9.909485791982029e-05 590
1745339035885 9.900602931060367e-05 600
1745339043132 9.89130872037446e-05 610
1745339050347 9.881603940067368e-05 620
1745339057811 9.871489404744796e-05 630
1745339079092 9.860965963406707e-05 640
1745339086253 9.850034499376069e-05 650
1745339093455 9.8386959302247e-05 660
1745339100713 9.826951207696258e-05 670
1745339108075 9.814801317626343e-05 680
1745339115248 9.802247279859756e-05 690
1745339122503 9.78929014816489e-05 700
1745339129744 9.775931010145279e-05 710
1745339137148 9.762170987148305e-05 720
1745339144206 9.74801123417108e-05 730
1745339151905 9.733452939763487e-05 740
1745339159261 9.718497325928424e-05 750
1745339166581 9.70314564801922e-05 760
1745339187915 9.687399194634277e-05 770
1745339195087 9.671259287508894e-05 780
1745339202404 9.654727281404327e-05 790
1745339209717 9.637804563994079e-05 800
1745339216948 9.620492555747406e-05 810
1745339223938 9.602792709810097e-05 820
1745339231242 9.584706511882497e-05 830
1745339238411 9.566235480094793e-05 840
1745339245646 9.54738116487959e-05 850
1745339252952 9.528145148841771e-05 860
1745339260050 9.508529046625648e-05 870
1745339267447 9.488534504779441e-05 880
1745339288925 9.468163201617062e-05 890
1745339295945 9.44741684707724e-05 900
1745339303180 9.426297182579993e-05 910
1745339310640 9.404805980880457e-05 920
1745339317978 9.382945045920084e-05 930
1745339325190 9.360716212675214e-05 940
1745339332647 9.338121347003054e-05 950
1745339339670 9.315162345485072e-05 960
1745339347026 9.291841135267778e-05 970
1745339354369 9.268159673900983e-05 980
1745339361651 9.24411994917347e-05 990
1745339369025 9.219723978946153e-05 1000
1745339376638 9.194973810982692e-05 1010
1745339398053 9.169871522777612e-05 1020
1745339405309 9.144419221381919e-05 1030
1745339412636 9.118619043226238e-05 1040
1745339419943 9.092473153941483e-05 1050
1745339427400 9.065983748177074e-05 1060
1745339434860 9.039153049416728e-05 1070
1745339442375 9.011983309791819e-05 1080
1745339450056 8.984476809892338e-05 1090
1745339457568 8.95663585857546e-05 1100
1745339464865 8.928462792771747e-05 1110
1745339472151 8.899959977288987e-05 1120
1745339479476 8.871129804613696e-05 1130
1745339486820 8.841974694710296e-05 1140
1745339508241 8.81249709481798e-05 1150
1745339515822 8.78269947924531e-05 1160
1745339523068 8.75258434916251e-05 1170
1745339530601 8.722154232391528e-05 1180
1745339537774 8.691411683193862e-05 1190
1745339545096 8.660359282056144e-05 1200
1745339552366 8.628999635473546e-05 1210
1745339560143 8.597335375730997e-05 1220
1745339567814 8.565369160682226e-05 1230
1745339575150 8.533103673526672e-05 1240
1745339582334 8.500541622584253e-05 1250
1745339590072 8.467685741068036e-05 1260
1745339597228 8.43453878685482e-05 1270
1745339619235 8.401103542253638e-05 1280
1745339626422 8.367382813772217e-05 1290
1745339633746 8.333379431881397e-05 1300
1745339641209 8.299096250777557e-05 1310
1745339648824 8.264536148143023e-05 1320
1745339656202 8.229702024904535e-05 1330
1745339663429 8.194596804989738e-05 1340
1745339670644 8.159223435081751e-05 1350
1745339678421 8.123584884371829e-05 1360
1745339686237 8.087684144310136e-05 1370
1745339693741 8.051524228354641e-05 1380
1745339700750 8.015108171718177e-05 1390
1745339722146 7.978439031113668e-05 1400
1745339729671 7.941519884497548e-05 1410
1745339736770 7.904353830811417e-05 1420
1745339744201 7.8669439897219e-05 1430
1745339751856 7.829293501358797e-05 1440
1745339759497 7.791405526051509e-05 1450
1745339766926 7.753283244063758e-05 1460
1745339774509 7.714929855326638e-05 1470
1745339781875 7.676348579170021e-05 1480
1745339789453 7.637542654052335e-05 1490
1745339796688 7.598515337288722e-05 1500
1745339804017 7.559269904777639e-05 1510
1745339811428 7.519809650725861e-05 1520
1745339832680 7.480137887371994e-05 1530
1745339839938 7.440257944708435e-05 1540
1745339847138 7.40017317020186e-05 1550
1745339854428 7.359886928512248e-05 1560
1745339861440 7.319402601210448e-05 1570
1745339868776 7.278723586494339e-05 1580
1745339876211 7.237853298903591e-05 1590
1745339883466 7.196795169033054e-05 1600
1745339890653 7.155552643244793e-05 1610
1745339897969 7.114129183378808e-05 1620
1745339904981 7.072528266462457e-05 1630
1745339912158 7.03075338441859e-05 1640
1745339919347 6.988808043772452e-05 1650
1745339940513 6.94669576535734e-05 1660
1745339947708 6.904420084019076e-05 1670
1745339955148 6.8619845483193e-05 1680
1745339962453 6.819392720237593e-05 1690
1745339969651 6.77664817487251e-05 1700
1745339976766 6.733754500141478e-05 1710
1745339984076 6.690715296479632e-05 1720
1745339991335 6.647534176537608e-05 1730
1745339998990 6.604214764878293e-05 1740
1745340006660 6.560760697672584e-05 1750
1745340013898 6.517175622394183e-05 1760
1745340020954 6.473463197513422e-05 1770
1745340042412 6.429627092190185e-05 1780
1745340049869 6.385670985965915e-05 1790
1745340057023 6.341598568454766e-05 1800
1745340064451 6.297413539033894e-05 1810
1745340071742 6.25311960653295e-05 1820
1745340078962 6.208720488922751e-05 1830
1745340086155 6.164219913003207e-05 1840
1745340093524 6.119621614090498e-05 1850
1745340100546 6.074929335703532e-05 1860
1745340107747 6.030146829249725e-05 1870
1745340115395 5.9852778537101116e-05 1880
1745340122587 5.940326175323819e-05 1890
1745340129799 5.895295567271939e-05 1900
1745340151084 5.850189809360804e-05 1910
1745340158242 5.805012687704726e-05 1920
1745340165528 5.759767994408187e-05 1930
1745340172802 5.7144595272475376e-05 1940
1745340179988 5.6690910893522185e-05 1950
1745340187205 5.623666488885532e-05 1960
1745340194622 5.578189538724986e-05 1970
1745340201839 5.532664056142247e-05 1980
1745340209206 5.487093862482729e-05 1990
1745340216330 5.441482782844831e-05 2000
1745340223540 5.395834645758859e-05 2010
1745340230750 5.350153282865674e-05 2020
1745340237975 5.304442528595064e-05 2030
1745340259217 5.258706219843889e-05 2040
1745340266736 5.2129481956540136e-05 2050
1745340274208 5.167172296890068e-05 2060
1745340281417 5.12138236591705e-05 2070
1745340288692 5.075582246277799e-05 2080
1745340295855 5.029775782370377e-05 2090
1745340303184 4.9839668191253794e-05 2100
1745340310721 4.938159201683186e-05 2110
1745340317910 4.892356775071216e-05 2120
1745340325159 4.8465633838811784e-05 2130
1745340332159 4.8007828719463566e-05 2140
1745340339345 4.755019082018971e-05 2150
1745340360703 4.709275855447621e-05 2160
1745340367884 4.663557031854844e-05 2170
1745340375252 4.617866448814826e-05 2180
1745340382851 4.5722079415312834e-05 2190
1745340390122 4.526585342515533e-05 2200
1745340397391 4.4810024812648063e-05 2210
1745340404614 4.435463183940799e-05 2220
1745340411983 4.3899712730485146e-05 2230
1745340419436 4.344530567115406e-05 2240
1745340426948 4.299144880370849e-05 2250
1745340434367 4.2538180224259885e-05 2260
1745340441676 4.208553797953967e-05 2270
1745340449017 4.163356006370549e-05 2280
1745340470095 4.118228441515226e-05 2290
1745340477287 4.073174891332751e-05 2300
1745340484635 4.0281991375551905e-05 2310
1745340491993 3.983304955384488e-05 2320
1745340499179 3.93849611317558e-05 2330
1745340506542 3.8937763721200874e-05 2340
1745340513980 3.8491494859306074e-05 2350
1745340521225 3.804619200525621e-05 2360
1745340528444 3.760189253715082e-05 2370
1745340535622 3.715863374886661e-05 2380
1745340542837 3.671645284692704e-05 2390
1745340550041 3.6275386947379365e-05 2400
1745340557582 3.583547307267904e-05 2410
1745340578795 3.539674814858216e-05 2420
1745340586072 3.4959249001045994e-05 2430
1745340593230 3.452301235313786e-05 2440
1745340600504 3.408807482195255e-05 2450
1745340607495 3.365447291553889e-05 2460
1745340614702 3.322224302983517e-05 2470
1745340621904 3.279142144561421e-05 2480
1745340629094 3.236204432543799e-05 2490
1745340636411 3.193414771062211e-05 2500
1745340643704 3.1507767518210725e-05 2510
1745340650727 3.1082939537961555e-05 2520
1745340658119 3.065969942934179e-05 2530
1745340665012 3.023808271853492e-05 2540
1745340686954 2.9818124795458714e-05 2550
1745340694518 2.939986091079453e-05 2560
1745340701761 2.8983326173028603e-05 2570
1745340709052 2.8568555545504932e-05 2580
1745340716765 2.8155583843490573e-05 2590
1745340723998 2.7744445731253367e-05 2600
1745340730996 2.733517571915204e-05 2610
1745340738838 2.6927808160739743e-05 2620
1745340746871 2.6522377249880248e-05 2630
1745340754159 2.611891701787783e-05 2640
1745340761568 2.5717461330620818e-05 2650
1745340769062 2.5318043885738753e-05 2660
1745340790428 2.4920698209774013e-05 2670
1745340797788 2.452545765536755e-05 2680
1745340805130 2.4132355398459443e-05 2690
1745340812173 2.3741424435503923e-05 2700
1745340819370 2.3352697580699967e-05 2710
1745340826563 2.2966207463236738e-05 2720
1745340833779 2.258198652455477e-05 2730
1745340840960 2.220006701562298e-05 2740
1745340848200 2.1820480994231374e-05 2750
1745340855191 2.1443260322300372e-05 2760
1745340862453 2.106843666320622e-05 2770
1745340869821 2.0696041479123236e-05 2780
1745340877003 2.0326106028382995e-05 2790
1745340898362 1.9958661362850452e-05 2800
1745340905954 1.9593738325317527e-05 2810
1745340913260 1.9231367546914232e-05 2820
1745340920459 1.887157944453749e-05 2830
1745340927447 1.8514404218298003e-05 2840
1745340934749 1.815987184898535e-05 2850
1745340941987 1.7808012095551336e-05 2860
1745340949306 1.745885449261212e-05 2870
1745340956506 1.71124283479692e-05 2880
1745340963744 1.6768762740149157e-05 2890
1745340970737 1.6427886515963087e-05 2900
1745340978183 1.6089828288085053e-05 2910
1745340985389 1.5754616432650444e-05 2920
1745341006568 1.542227908687418e-05 2930
1745341013889 1.5092844146688757e-05 2940
1745341021379 1.4766339264402901e-05 2950
1745341028551 1.4442791846380316e-05 2960
1745341036140 1.4122229050739294e-05 2970
1745341043998 1.3804677785073084e-05 2980
1745341051383 1.3490164704191366e-05 2990
1745341059004 1.3178716207882775e-05 3000
1745341066315 1.2870358438699004e-05 3010
1745341073650 1.2565117279760497e-05 3020
1745341081087 1.2263018352583667e-05 3030
1745341088539 1.1964087014930503e-05 3040
1745341109559 1.1668348358679887e-05 3050
1745341116834 1.1375827207721479e-05 3060
1745341123919 1.108654811587211e-05 3070
1745341131138 1.080053536481458e-05 3080
1745341138635 1.0517812962059726e-05 3090
1745341146220 1.0238404638931077e-05 3100
1745341153973 9.962333848572958e-06 3110
1745341161572 9.689623763981847e-06 3120
1745341168589 9.42029727606133e-06 3130
1745341175874 9.154376991700541e-06 3140
1745341183116 8.891885231876673e-06 3150
1745341190737 8.6328440297814e-06 3160
1745341198241 8.377275128971319e-06 3170
1745341219914 8.125199981542986e-06 3180
1745341227203 7.876639746332131e-06 3190
1745341234426 7.631615287137684e-06 3200
1745341241751 7.390147170970457e-06 3210
1745341248819 7.152255666326807e-06 3220
1745341256131 6.917960741487334e-06 3230
1745341263297 6.6872820628407216e-06 3240
1745341270501 6.4602389932330254e-06 3250
1745341277671 6.236850590342319e-06 3260
1745341284883 6.017135605079122e-06 3270
1745341291892 5.801112480012344e-06 3280
1745341299085 5.588799347821349e-06 3290
1745341306323 5.380214029773856e-06 3300
1745341327204 5.17537403423008e-06 3310
1745341334425 4.97429655517313e-06 3320
1745341341609 4.776998470765664e-06 3330
1745341348772 4.583496341933302e-06 3340
1745341356172 4.393806410974433e-06 3350
1745341363166 4.2079446001968555e-06 3360
1745341370384 4.025926510581357e-06 3370
1745341377564 3.847767420472104e-06 3380
1745341385045 3.673482284294244e-06 3390
1745341392179 3.5030857312986333e-06 3400
1745341399394 3.336592064333921e-06 3410
1745341406392 3.1740152586459127e-06 3420
1745341427664 3.0153689607045845e-06 3430
1745341434890 2.8606664870585555e-06 3440
1745341441889 2.70992082321736e-06 3450
1745341449200 2.563144622561453e-06 3460
1745341456427 2.420350205280053e-06 3470
1745341463592 2.281549557337098e-06 3480
1745341470810 2.1467543294650725e-06 3490
1745341478123 2.015975836187106e-06 3500
1745341485118 1.8892250548672386e-06 3510
1745341492427 1.7665126247889851e-06 3520
1745341499620 1.6478488462623177e-06 3530
1745341506988 1.5332436797590334e-06 3540
1745341514208 1.4227067450767128e-06 3550
1745341535303 1.3162473205312442e-06 3560
1745341542512 1.2138743421780063e-06 3570
1745341549686 1.1155964030617916e-06 3580
1745341556634 1.0214217524955272e-06 3590
1745341563880 9.31358295367829e-07 3600
1745341571086 8.454135914794659e-07 3610
1745341578333 7.635948549088334e-07 3620
1745341585607 6.859089534063779e-07 3630
1745341593067 6.123624078181511e-07 3640
1745341600193 5.429613915384546e-07 3650
1745341607509 4.777117299916478e-07 3660
1745341614894 4.16618900143162e-07 3670
1745341622506 3.596880300398009e-07 3680
1745341643663 3.0692389837926885e-07 3690
1745341651022 2.583309341090745e-07 3700
1745341658220 2.1391321605475635e-07 3710
1745341665447 1.736744725775119e-07 3720
1745341672930 1.3761808126126486e-07 3730
1745341679951 1.0574706862913619e-07 3740
1745341687337 7.806410988940305e-08 3750
1745341694684 5.457152871094495e-08 3760
1745341702038 3.5271297028216524e-08 3770
1745341709415 2.0165034875696542e-08 3780
1745341717064 9.254010251935618e-09 3790
1745341724137 2.5391390130968806e-09 3800
1745341731076 2.0984796089695835e-11 3810
