1745338545169 2.5617 10
1745338552928 2.5643 20
1745338560740 2.5552 30
1745338568421 2.56 40
1745338576567 2.5586 50
1745338583868 2.5545 60
1745338591665 2.5531 70
1745338599064 2.5475 80
1745338606887 2.5501 90
1745338614184 2.5443 100
1745338621510 2.5349 110
1745338628577 2.5293 120
1745338650503 2.5282 130
1745338657785 2.5254 140
1745338665150 2.5088 150
1745338672658 2.5174 160
1745338679873 2.5058 170
1745338687116 2.501 180
1745338694346 2.4882 190
1745338701862 2.4894 200
1745338709485 2.4714 210
1745338716729 2.4646 220
1745338724034 2.4524 230
1745338731248 2.4471 240
1745338738591 2.424 250
1745338759780 2.4031 260
1745338767173 2.3994 270
1745338775128 2.4039 280
1745338782129 2.383 290
1745338789423 2.3618 300
1745338796989 2.3496 310
1745338804462 2.3345 320
1745338811842 2.3069 330
1745338819356 2.2848 340
1745338826472 2.2905 350
1745338833887 2.275 360
1745338841466 2.2349 370
1745338848854 2.2314 380
1745338870166 2.1959 390
1745338877344 2.142 400
1745338884615 2.1737 410
1745338891806 2.185 420
1745338899099 2.112 430
1745338906144 2.0953 440
1745338913343 2.0672 450
1745338920491 2.0636 460
1745338927679 2.0498 470
1745338935091 2.0492 480
1745338942447 1.9846 490
1745338949469 1.9846 500
1745338970964 1.9924 510
1745338978122 1.9652 520
1745338985154 1.9398 530
1745338992389 1.9424 540
1745338999816 1.8618 550
1745339006994 1.8818 560
1745339014184 1.8943 570
1745339021526 1.867 580
1745339028531 1.8446 590
1745339035885 1.8351 600
1745339043132 1.7884 610
1745339050347 1.8148 620
1745339057811 1.7941 630
1745339079092 1.7766 640
1745339086253 1.7276 650
1745339093455 1.7723 660
1745339100713 1.684 670
1745339108075 1.8039 680
1745339115248 1.6631 690
1745339122503 1.719 700
1745339129744 1.714 710
1745339137148 1.6889 720
1745339144206 1.6994 730
1745339151905 1.7158 740
1745339159261 1.6689 750
1745339166581 1.7126 760
1745339187915 1.5903 770
1745339195087 1.6566 780
1745339202404 1.6112 790
1745339209717 1.6678 800
1745339216948 1.6499 810
1745339223938 1.6327 820
1745339231242 1.5768 830
1745339238411 1.6107 840
1745339245646 1.6265 850
1745339252952 1.618 860
1745339260050 1.6169 870
1745339267447 1.5964 880
1745339288925 1.5524 890
1745339295945 1.5852 900
1745339303180 1.4785 910
1745339310640 1.5558 920
1745339317978 1.5535 930
1745339325190 1.6097 940
1745339332647 1.5653 950
1745339339670 1.4929 960
1745339347026 1.5375 970
1745339354369 1.5328 980
1745339361651 1.5238 990
1745339369025 1.5399 1000
1745339376638 1.5156 1010
1745339398053 1.5134 1020
1745339405309 1.5061 1030
1745339412636 1.4996 1040
1745339419943 1.5454 1050
1745339427400 1.5019 1060
1745339434860 1.5096 1070
1745339442375 1.5022 1080
1745339450056 1.4353 1090
1745339457568 1.4269 1100
1745339464865 1.4947 1110
1745339472151 1.4983 1120
1745339479476 1.4404 1130
1745339486820 1.5096 1140
1745339508241 1.4847 1150
1745339515822 1.502 1160
1745339523068 1.4622 1170
1745339530601 1.5003 1180
1745339537774 1.4667 1190
1745339545096 1.4614 1200
1745339552366 1.4747 1210
1745339560143 1.4551 1220
1745339567814 1.4129 1230
1745339575150 1.4228 1240
1745339582334 1.4313 1250
1745339590072 1.4642 1260
1745339597228 1.4056 1270
1745339619235 1.4568 1280
1745339626422 1.4455 1290
1745339633746 1.3821 1300
1745339641209 1.4378 1310
1745339648824 1.3898 1320
1745339656202 1.3659 1330
1745339663429 1.3689 1340
1745339670644 1.4099 1350
1745339678421 1.3969 1360
1745339686237 1.4275 1370
1745339693741 1.4538 1380
1745339700750 1.3686 1390
1745339722146 1.4168 1400
1745339729671 1.4223 1410
1745339736770 1.3615 1420
1745339744201 1.3742 1430
1745339751856 1.3673 1440
1745339759497 1.4533 1450
1745339766926 1.4368 1460
1745339774509 1.3696 1470
1745339781875 1.367 1480
1745339789453 1.4092 1490
1745339796688 1.3356 1500
1745339804017 1.4638 1510
1745339811428 1.3358 1520
1745339832680 1.3249 1530
1745339839938 1.4298 1540
1745339847138 1.3212 1550
1745339854428 1.4069 1560
1745339861440 1.3474 1570
1745339868776 1.4168 1580
1745339876211 1.3362 1590
1745339883466 1.3527 1600
1745339890653 1.3203 1610
1745339897969 1.3881 1620
1745339904981 1.3695 1630
1745339912158 1.3803 1640
1745339919347 1.3121 1650
1745339940513 1.3314 1660
1745339947708 1.3014 1670
1745339955148 1.2837 1680
1745339962453 1.3688 1690
1745339969651 1.4254 1700
1745339976766 1.3309 1710
1745339984076 1.359 1720
1745339991335 1.3131 1730
1745339998990 1.3196 1740
1745340006660 1.3841 1750
1745340013898 1.2815 1760
1745340020954 1.3485 1770
1745340042412 1.333 1780
1745340049869 1.2948 1790
1745340057023 1.3454 1800
1745340064451 1.3505 1810
1745340071742 1.3381 1820
1745340078962 1.3027 1830
1745340086155 1.3047 1840
1745340093524 1.3313 1850
1745340100546 1.3351 1860
1745340107747 1.3553 1870
1745340115395 1.3316 1880
1745340122587 1.3095 1890
1745340129799 1.2859 1900
1745340151084 1.3541 1910
1745340158242 1.2989 1920
1745340165528 1.2888 1930
1745340172802 1.3281 1940
1745340179988 1.3005 1950
1745340187205 1.3311 1960
1745340194622 1.2628 1970
1745340201839 1.3069 1980
1745340209206 1.328 1990
1745340216330 1.311 2000
1745340223540 1.3773 2010
1745340230750 1.3365 2020
1745340237975 1.3296 2030
1745340259217 1.2864 2040
1745340266736 1.3337 2050
1745340274208 1.274 2060
1745340281417 1.3167 2070
1745340288692 1.2836 2080
1745340295855 1.2757 2090
1745340303184 1.2758 2100
1745340310721 1.3119 2110
1745340317910 1.2985 2120
1745340325159 1.3125 2130
1745340332159 1.2792 2140
1745340339345 1.2914 2150
1745340360703 1.2771 2160
1745340367884 1.266 2170
1745340375252 1.2586 2180
1745340382851 1.212 2190
1745340390122 1.3042 2200
1745340397391 1.3013 2210
1745340404614 1.307 2220
1745340411983 1.3206 2230
1745340419436 1.3269 2240
1745340426948 1.2444 2250
1745340434367 1.3014 2260
1745340441676 1.3407 2270
1745340449017 1.2315 2280
1745340470095 1.2993 2290
1745340477287 1.2875 2300
1745340484635 1.2602 2310
1745340491993 1.2671 2320
1745340499179 1.2559 2330
1745340506542 1.303 2340
1745340513980 1.2587 2350
1745340521225 1.2789 2360
1745340528444 1.2428 2370
1745340535622 1.265 2380
1745340542837 1.2451 2390
1745340550041 1.2823 2400
1745340557582 1.2756 2410
1745340578795 1.2356 2420
1745340586072 1.2724 2430
1745340593230 1.2759 2440
1745340600504 1.2571 2450
1745340607495 1.2118 2460
1745340614702 1.3165 2470
1745340621904 1.2655 2480
1745340629094 1.2373 2490
1745340636411 1.1902 2500
1745340643704 1.2709 2510
1745340650727 1.2832 2520
1745340658119 1.1941 2530
1745340665012 1.2985 2540
1745340686954 1.286 2550
1745340694518 1.2721 2560
1745340701761 1.2783 2570
1745340709052 1.2837 2580
1745340716765 1.2542 2590
1745340723998 1.2581 2600
1745340730996 1.2744 2610
1745340738838 1.2595 2620
1745340746871 1.2766 2630
1745340754159 1.2872 2640
1745340761568 1.2655 2650
1745340769062 1.277 2660
1745340790428 1.3027 2670
1745340797788 1.2593 2680
1745340805130 1.2408 2690
1745340812173 1.2517 2700
1745340819370 1.2703 2710
1745340826563 1.219 2720
1745340833779 1.1959 2730
1745340840960 1.2811 2740
1745340848200 1.2146 2750
1745340855191 1.2429 2760
1745340862453 1.242 2770
1745340869821 1.2717 2780
1745340877003 1.2801 2790
1745340898362 1.2255 2800
1745340905954 1.2559 2810
1745340913260 1.2471 2820
1745340920459 1.2571 2830
1745340927447 1.2641 2840
1745340934749 1.2472 2850
1745340941987 1.276 2860
1745340949306 1.1516 2870
1745340956506 1.2762 2880
1745340963744 1.2643 2890
1745340970737 1.2482 2900
1745340978183 1.2771 2910
1745340985389 1.2759 2920
1745341006568 1.2398 2930
1745341013889 1.2351 2940
1745341021379 1.2361 2950
1745341028551 1.191 2960
1745341036140 1.2767 2970
1745341043998 1.261 2980
1745341051383 1.2449 2990
1745341059004 1.2362 3000
1745341066315 1.2259 3010
1745341073650 1.2461 3020
1745341081087 1.2718 3030
1745341088539 1.2816 3040
1745341109559 1.2428 3050
1745341116834 1.2648 3060
1745341123919 1.2176 3070
1745341131138 1.252 3080
1745341138635 1.2804 3090
1745341146220 1.2085 3100
1745341153973 1.2062 3110
1745341161572 1.2763 3120
1745341168589 1.2867 3130
1745341175874 1.2114 3140
1745341183116 1.2302 3150
1745341190737 1.2468 3160
1745341198241 1.2559 3170
1745341219914 1.2511 3180
1745341227203 1.2424 3190
1745341234426 1.2236 3200
1745341241751 1.2613 3210
1745341248819 1.2241 3220
1745341256131 1.2576 3230
1745341263297 1.2454 3240
1745341270501 1.2528 3250
1745341277671 1.2058 3260
1745341284883 1.2839 3270
1745341291892 1.1923 3280
1745341299085 1.2768 3290
1745341306323 1.1938 3300
1745341327204 1.2695 3310
1745341334425 1.2718 3320
1745341341609 1.2104 3330
1745341348772 1.2688 3340
1745341356172 1.2481 3350
1745341363166 1.2738 3360
1745341370384 1.2751 3370
1745341377564 1.1941 3380
1745341385045 1.2039 3390
1745341392179 1.2284 3400
1745341399394 1.2605 3410
1745341406392 1.2342 3420
1745341427664 1.1929 3430
1745341434890 1.216 3440
1745341441889 1.1935 3450
1745341449200 1.2505 3460
1745341456427 1.2731 3470
1745341463592 1.3156 3480
1745341470810 1.2524 3490
1745341478123 1.2601 3500
1745341485118 1.2794 3510
1745341492427 1.2379 3520
1745341499620 1.2479 3530
1745341506988 1.2307 3540
1745341514208 1.2607 3550
1745341535303 1.2165 3560
1745341542512 1.2295 3570
1745341549686 1.2596 3580
1745341556634 1.2091 3590
1745341563880 1.2191 3600
1745341571086 1.2273 3610
1745341578333 1.2271 3620
1745341585607 1.2243 3630
1745341593067 1.2762 3640
1745341600193 1.2127 3650
1745341607509 1.2658 3660
1745341614894 1.2259 3670
1745341622506 1.2449 3680
1745341643663 1.2222 3690
1745341651022 1.2427 3700
1745341658220 1.2183 3710
1745341665447 1.2436 3720
1745341672930 1.2238 3730
1745341679951 1.1936 3740
1745341687337 1.1929 3750
1745341694684 1.2723 3760
1745341702038 1.2615 3770
1745341709415 1.2343 3780
1745341717064 1.1932 3790
1745341724137 1.2397 3800
1745341731076 1.2043 3810
