1745341805102 0.07874015748031496 10
1745341815937 0.15748031496062992 20
1745341826426 0.23622047244094488 30
1745341836729 0.31496062992125984 40
1745341847056 0.3937007874015748 50
1745341857452 0.47244094488188976 60
1745341867870 0.5511811023622047 70
1745341877967 0.6299212598425197 80
1745341888297 0.7086614173228346 90
1745341898586 0.7874015748031497 100
1745341909213 0.8661417322834646 110
1745341919606 0.9448818897637795 120
1745341942217 1.0 127
1745341947255 1.0236220472440944 130
1745341957902 1.1023622047244095 140
1745341968120 1.1811023622047245 150
1745341978730 1.2598425196850394 160
1745341989877 1.3385826771653544 170
1745342000196 1.4173228346456692 180
1745342010453 1.4960629921259843 190
1745342020856 1.574803149606299 200
1745342031469 1.6535433070866141 210
1745342042405 1.7322834645669292 220
1745342052848 1.811023622047244 230
1745342063266 1.889763779527559 240
1745342073452 1.968503937007874 250
1745342092284 2.0 254
1745342100483 2.047244094488189 260
1745342110675 2.1259842519685037 270
1745342121077 2.204724409448819 280
1745342131437 2.283464566929134 290
1745342141790 2.362204724409449 300
1745342152242 2.440944881889764 310
1745342162587 2.5196850393700787 320
1745342173045 2.5984251968503935 330
1745342183439 2.677165354330709 340
1745342193708 2.7559055118110236 350
1745342203791 2.8346456692913384 360
1745342213968 2.9133858267716537 370
1745342224355 2.9921259842519685 380
1745342240721 3.0 381
1745342251855 3.0708661417322833 390
1745342262179 3.1496062992125986 400
1745342272422 3.2283464566929134 410
1745342282844 3.3070866141732282 420
1745342293434 3.3858267716535435 430
1745342304019 3.4645669291338583 440
1745342314538 3.543307086614173 450
1745342324905 3.622047244094488 460
1745342335309 3.7007874015748032 470
1745342345921 3.779527559055118 480
1745342356369 3.8582677165354333 490
1745342366937 3.937007874015748 500
1745342389876 4.0 508
1745342394062 4.015748031496063 510
1745342404479 4.094488188976378 520
1745342414752 4.173228346456693 530
1745342425183 4.251968503937007 540
1745342435510 4.330708661417323 550
1745342445557 4.409448818897638 560
1745342456157 4.488188976377953 570
1745342466495 4.566929133858268 580
1745342476879 4.645669291338582 590
1745342487171 4.724409448818898 600
1745342497823 4.803149606299213 610
1745342508624 4.881889763779528 620
1745342518949 4.960629921259843 630
1745342539356 5.0 635
1745342546823 5.039370078740157 640
1745342556961 5.118110236220472 650
1745342567300 5.196850393700787 660
1745342577550 5.275590551181103 670
1745342588315 5.354330708661418 680
1745342598843 5.433070866141732 690
1745342609275 5.511811023622047 700
1745342619516 5.590551181102362 710
1745342629809 5.669291338582677 720
1745342640105 5.748031496062993 730
1745342650351 5.826771653543307 740
1745342660621 5.905511811023622 750
1745342670964 5.984251968503937 760
1745342688210 6.0 762
1745342698519 6.062992125984252 770
1745342708777 6.141732283464567 780
1745342719068 6.2204724409448815 790
1745342729584 6.299212598425197 800
1745342739918 6.377952755905512 810
1745342750428 6.456692913385827 820
1745342760656 6.535433070866142 830
1745342770831 6.6141732283464565 840
1745342780932 6.692913385826771 850
1745342791190 6.771653543307087 860
1745342801634 6.850393700787402 870
1745342811824 6.929133858267717 880
1745342836161 7.0 889
1745342839327 7.0078740157480315 890
1745342850289 7.086614173228346 900
1745342860771 7.165354330708661 910
1745342871228 7.244094488188976 920
1745342882174 7.322834645669292 930
1745342893103 7.4015748031496065 940
1745342903418 7.480314960629921 950
1745342913700 7.559055118110236 960
1745342923896 7.637795275590551 970
1745342934434 7.716535433070866 980
1745342944933 7.7952755905511815 990
1745342955255 7.874015748031496 1000
1745342965541 7.952755905511811 1010
1745342986773 8.0 1016
1745342993257 8.031496062992126 1020
1745343003952 8.11023622047244 1030
1745343014437 8.188976377952756 1040
1745343025030 8.26771653543307 1050
1745343035501 8.346456692913385 1060
1745343045999 8.4251968503937 1070
1745343056327 8.503937007874015 1080
1745343066832 8.582677165354331 1090
1745343077794 8.661417322834646 1100
1745343088091 8.740157480314961 1110
1745343098622 8.818897637795276 1120
1745343108757 8.89763779527559 1130
1745343118981 8.976377952755906 1140
1745343136793 9.0 1143
1745343146022 9.05511811023622 1150
1745343156388 9.133858267716535 1160
1745343166619 9.21259842519685 1170
1745343176963 9.291338582677165 1180
1745343187452 9.37007874015748 1190
1745343197927 9.448818897637794 1200
1745343208423 9.527559055118111 1210
1745343218466 9.606299212598426 1220
1745343229025 9.68503937007874 1230
1745343239674 9.763779527559056 1240
1745343250282 9.84251968503937 1250
1745343260595 9.921259842519685 1260
1745343270507 10.0 1270
1745343286075 10.0 1270
1745343298778 10.078740157480315 1280
1745343309193 10.15748031496063 1290
1745343319553 10.236220472440944 1300
1745343329781 10.31496062992126 1310
1745343339864 10.393700787401574 1320
1745343350160 10.472440944881889 1330
1745343360407 10.551181102362206 1340
1745343370711 10.62992125984252 1350
1745343381029 10.708661417322835 1360
1745343391367 10.78740157480315 1370
1745343401660 10.866141732283465 1380
1745343411731 10.94488188976378 1390
1745343433724 11.0 1397
1745343438857 11.023622047244094 1400
1745343449070 11.10236220472441 1410
1745343459595 11.181102362204724 1420
1745343469748 11.259842519685039 1430
1745343479963 11.338582677165354 1440
1745343490271 11.417322834645669 1450
1745343500517 11.496062992125985 1460
1745343510965 11.5748031496063 1470
1745343521505 11.653543307086615 1480
1745343531584 11.73228346456693 1490
1745343541975 11.811023622047244 1500
1745343552142 11.88976377952756 1510
1745343562515 11.968503937007874 1520
1745343581577 12.0 1524
1745343589840 12.047244094488189 1530
1745343600468 12.125984251968504 1540
1745343611362 12.204724409448819 1550
1745343621968 12.283464566929133 1560
1745343632217 12.362204724409448 1570
1745343642586 12.440944881889763 1580
1745343653035 12.519685039370078 1590
1745343663522 12.598425196850394 1600
1745343673612 12.67716535433071 1610
1745343683838 12.755905511811024 1620
1745343694120 12.834645669291339 1630
1745343704319 12.913385826771654 1640
1745343715218 12.992125984251969 1650
1745343731210 13.0 1651
1745343742865 13.070866141732283 1660
1745343753138 13.149606299212598 1670
1745343763375 13.228346456692913 1680
1745343773852 13.307086614173228 1690
1745343784385 13.385826771653543 1700
1745343794635 13.464566929133857 1710
1745343804759 13.543307086614174 1720
1745343815155 13.622047244094489 1730
1745343825493 13.700787401574804 1740
1745343835704 13.779527559055119 1750
1745343845977 13.858267716535433 1760
1745343856359 13.937007874015748 1770
1745343879346 14.0 1778
1745343883557 14.015748031496063 1780
1745343893878 14.094488188976378 1790
1745343904020 14.173228346456693 1800
1745343914309 14.251968503937007 1810
1745343924447 14.330708661417322 1820
1745343934758 14.409448818897637 1830
1745343945330 14.488188976377952 1840
1745343955851 14.566929133858268 1850
1745343966064 14.645669291338583 1860
1745343976725 14.724409448818898 1870
1745343987068 14.803149606299213 1880
1745343997275 14.881889763779528 1890
1745344007698 14.960629921259843 1900
1745344027833 15.0 1905
1745344035154 15.039370078740157 1910
1745344045249 15.118110236220472 1920
1745344055502 15.196850393700787 1930
1745344065655 15.275590551181102 1940
1745344075982 15.354330708661417 1950
1745344086455 15.433070866141732 1960
1745344096691 15.511811023622048 1970
1745344107512 15.590551181102363 1980
1745344117745 15.669291338582678 1990
1745344127976 15.748031496062993 2000
1745344138893 15.826771653543307 2010
1745344149239 15.905511811023622 2020
1745344159518 15.984251968503937 2030
1745344176529 16.0 2032
1745344186777 16.062992125984252 2040
1745344196987 16.141732283464567 2050
1745344207280 16.22047244094488 2060
1745344217494 16.299212598425196 2070
1745344227832 16.37795275590551 2080
1745344238057 16.456692913385826 2090
1745344248288 16.53543307086614 2100
1745344258718 16.614173228346456 2110
1745344269124 16.69291338582677 2120
1745344279437 16.771653543307085 2130
1745344289696 16.8503937007874 2140
1745344300040 16.929133858267715 2150
1745344324509 17.0 2159
1745344327732 17.007874015748033 2160
1745344337874 17.086614173228348 2170
1745344348039 17.165354330708663 2180
1745344358568 17.244094488188978 2190
1745344368730 17.322834645669293 2200
1745344378736 17.401574803149607 2210
1745344389010 17.480314960629922 2220
1745344399238 17.559055118110237 2230
1745344409373 17.637795275590552 2240
1745344419557 17.716535433070867 2250
1745344429588 17.79527559055118 2260
1745344439986 17.874015748031496 2270
1745344450459 17.95275590551181 2280
1745344471525 18.0 2286
1745344477883 18.031496062992126 2290
1745344488013 18.11023622047244 2300
1745344498301 18.188976377952756 2310
1745344508503 18.26771653543307 2320
1745344518644 18.346456692913385 2330
1745344528750 18.4251968503937 2340
1745344539260 18.503937007874015 2350
1745344549373 18.58267716535433 2360
1745344559500 18.661417322834644 2370
1745344569715 18.74015748031496 2380
1745344579719 18.818897637795274 2390
1745344589908 18.89763779527559 2400
1745344599925 18.976377952755904 2410
1745344617906 19.0 2413
1745344627058 19.055118110236222 2420
1745344637212 19.133858267716537 2430
1745344647496 19.212598425196852 2440
1745344657666 19.291338582677167 2450
1745344667911 19.37007874015748 2460
1745344678069 19.448818897637796 2470
1745344688375 19.52755905511811 2480
1745344698436 19.606299212598426 2490
1745344708570 19.68503937007874 2500
1745344718811 19.763779527559056 2510
1745344729056 19.84251968503937 2520
1745344739464 19.921259842519685 2530
1745344749318 20.0 2540
1745344764518 20.0 2540
1745344776943 20.078740157480315 2550
1745344787288 20.15748031496063 2560
1745344797474 20.236220472440944 2570
1745344807876 20.31496062992126 2580
1745344818120 20.393700787401574 2590
1745344828505 20.47244094488189 2600
1745344838771 20.551181102362204 2610
1745344849060 20.62992125984252 2620
1745344859477 20.708661417322833 2630
1745344870234 20.787401574803148 2640
1745344880490 20.866141732283463 2650
1745344890883 20.944881889763778 2660
1745344912523 21.0 2667
1745344917772 21.023622047244096 2670
1745344928540 21.10236220472441 2680
1745344938951 21.181102362204726 2690
1745344949355 21.25984251968504 2700
1745344959555 21.338582677165356 2710
1745344969823 21.41732283464567 2720
1745344980000 21.496062992125985 2730
1745344990804 21.5748031496063 2740
1745345001054 21.653543307086615 2750
1745345011541 21.73228346456693 2760
1745345021806 21.811023622047244 2770
1745345032076 21.88976377952756 2780
1745345042506 21.968503937007874 2790
1745345061368 22.0 2794
1745345069528 22.04724409448819 2800
1745345079818 22.125984251968504 2810
1745345090054 22.20472440944882 2820
1745345100383 22.283464566929133 2830
1745345110988 22.362204724409448 2840
1745345121331 22.440944881889763 2850
1745345131698 22.519685039370078 2860
1745345141971 22.598425196850393 2870
1745345152543 22.677165354330707 2880
1745345163065 22.755905511811022 2890
1745345173574 22.834645669291337 2900
1745345183862 22.913385826771652 2910
1745345194283 22.99212598425197 2920
1745345210569 23.0 2921
1745345221972 23.070866141732285 2930
1745345232376 23.1496062992126 2940
1745345242714 23.228346456692915 2950
1745345252877 23.30708661417323 2960
1745345262880 23.385826771653544 2970
1745345273171 23.46456692913386 2980
1745345283548 23.543307086614174 2990
1745345294301 23.62204724409449 3000
1745345304521 23.700787401574804 3010
1745345314960 23.77952755905512 3020
1745345325341 23.858267716535433 3030
1745345335341 23.937007874015748 3040
1745345358297 24.0 3048
1745345362576 24.015748031496063 3050
1745345372837 24.094488188976378 3060
1745345382862 24.173228346456693 3070
1745345393344 24.251968503937007 3080
1745345403670 24.330708661417322 3090
1745345413958 24.409448818897637 3100
1745345424726 24.488188976377952 3110
1745345435079 24.566929133858267 3120
1745345445540 24.64566929133858 3130
1745345456428 24.724409448818896 3140
1745345466754 24.80314960629921 3150
1745345477042 24.881889763779526 3160
1745345487431 24.96062992125984 3170
1745345507621 25.0 3175
1745345514975 25.03937007874016 3180
1745345525436 25.118110236220474 3190
1745345535681 25.19685039370079 3200
1745345546042 25.275590551181104 3210
1745345557171 25.35433070866142 3220
1745345567979 25.433070866141733 3230
1745345578345 25.511811023622048 3240
1745345589017 25.590551181102363 3250
1745345599838 25.669291338582678 3260
1745345610399 25.748031496062993 3270
1745345621080 25.826771653543307 3280
1745345631952 25.905511811023622 3290
1745345642301 25.984251968503937 3300
1745345659159 26.0 3302
1745345669656 26.062992125984252 3310
1745345679925 26.141732283464567 3320
1745345690371 26.22047244094488 3330
1745345700557 26.299212598425196 3340
1745345710804 26.37795275590551 3350
1745345721214 26.456692913385826 3360
1745345731337 26.53543307086614 3370
1745345742008 26.614173228346456 3380
1745345752522 26.69291338582677 3390
1745345762881 26.771653543307085 3400
1745345773162 26.8503937007874 3410
1745345783395 26.929133858267715 3420
1745345807544 27.0 3429
1745345810641 27.007874015748033 3430
1745345821186 27.086614173228348 3440
1745345831639 27.165354330708663 3450
1745345842288 27.244094488188978 3460
1745345853396 27.322834645669293 3470
1745345864062 27.401574803149607 3480
1745345874528 27.480314960629922 3490
1745345885157 27.559055118110237 3500
1745345895675 27.637795275590552 3510
1745345906369 27.716535433070867 3520
1745345916887 27.79527559055118 3530
1745345927681 27.874015748031496 3540
1745345938228 27.95275590551181 3550
1745345960136 28.0 3556
1745345966674 28.031496062992126 3560
1745345977002 28.11023622047244 3570
1745345987255 28.188976377952756 3580
1745345997676 28.26771653543307 3590
1745346008265 28.346456692913385 3600
1745346018494 28.4251968503937 3610
1745346028845 28.503937007874015 3620
1745346039266 28.58267716535433 3630
1745346049449 28.661417322834644 3640
1745346060142 28.74015748031496 3650
1745346070394 28.818897637795274 3660
1745346080505 28.89763779527559 3670
1745346090796 28.976377952755904 3680
1745346108846 29.0 3683
1745346118322 29.055118110236222 3690
1745346128542 29.133858267716537 3700
1745346138891 29.212598425196852 3710
1745346149488 29.291338582677167 3720
1745346159901 29.37007874015748 3730
1745346170480 29.448818897637796 3740
1745346180856 29.52755905511811 3750
1745346191297 29.606299212598426 3760
1745346201441 29.68503937007874 3770
1745346211554 29.763779527559056 3780
1745346221766 29.84251968503937 3790
1745346232140 29.921259842519685 3800
1745346242184 30.0 3810
1745346257946 30.0 3810
1745346259845 30.0 3810
1745346260501 30.0 0
1745346276294 30.0 3810
