1745341805102 2.3200087547302246 10
1745341815937 3.1972496509552 20
1745341826426 2.190624237060547 30
1745341836729 3.1077985763549805 40
1745341847056 3.026341199874878 50
1745341857452 3.0233659744262695 60
1745341867870 2.8056466579437256 70
1745341877967 2.735926866531372 80
1745341888297 4.110387325286865 90
1745341898586 5.426333427429199 100
1745341909213 3.5824456214904785 110
1745341919606 5.546834468841553 120
1745341947255 4.229711055755615 130
1745341957902 5.582271099090576 140
1745341968120 5.67360782623291 150
1745341978730 5.953978538513184 160
1745341989877 6.106224536895752 170
1745342000196 5.9013261795043945 180
1745342010453 4.399785041809082 190
1745342020856 4.034483432769775 200
1745342031469 6.518533706665039 210
1745342042405 4.087174415588379 220
1745342052848 6.294321537017822 230
1745342063266 4.6988420486450195 240
1745342073452 4.1838698387146 250
1745342100483 9.503307342529297 260
1745342110675 10.065014839172363 270
1745342121077 7.444147109985352 280
1745342131437 4.358294486999512 290
1745342141790 16.47066879272461 300
1745342152242 9.855958938598633 310
1745342162587 5.894202709197998 320
1745342173045 6.231027603149414 330
1745342183439 5.606119155883789 340
1745342193708 5.533250331878662 350
1745342203791 5.5013837814331055 360
1745342213968 6.8618292808532715 370
1745342224355 5.284334659576416 380
1745342251855 3.4953596591949463 390
1745342262179 7.75213623046875 400
1745342272422 6.157275199890137 410
1745342282844 5.166329860687256 420
1745342293434 4.569112300872803 430
1745342304019 7.0710225105285645 440
1745342314538 3.6060616970062256 450
1745342324905 4.465417861938477 460
1745342335309 4.417135238647461 470
1745342345921 4.935395240783691 480
1745342356369 3.681483745574951 490
1745342366937 5.9159321784973145 500
1745342394062 4.0059685707092285 510
1745342404479 3.9006989002227783 520
1745342414752 3.4864532947540283 530
1745342425183 3.7931675910949707 540
1745342435510 4.8971638679504395 550
1745342445557 3.1319034099578857 560
1745342456157 4.17141580581665 570
1745342466495 5.428987979888916 580
1745342476879 3.3155810832977295 590
1745342487171 2.791450023651123 600
1745342497823 3.809934616088867 610
1745342508624 4.726381301879883 620
1745342518949 5.527895450592041 630
1745342546823 3.208341360092163 640
1745342556961 4.790444850921631 650
1745342567300 3.0053842067718506 660
1745342577550 5.592177867889404 670
1745342588315 4.469187259674072 680
1745342598843 3.2362916469573975 690
1745342609275 4.00502872467041 700
1745342619516 7.673439979553223 710
1745342629809 3.472372531890869 720
1745342640105 3.6933834552764893 730
1745342650351 3.6283626556396484 740
1745342660621 4.187650203704834 750
1745342670964 3.4592583179473877 760
1745342698519 2.428196907043457 770
1745342708777 2.8042314052581787 780
1745342719068 2.409379720687866 790
1745342729584 7.949142932891846 800
1745342739918 4.487972259521484 810
1745342750428 2.5834922790527344 820
1745342760656 2.906277894973755 830
1745342770831 4.3118720054626465 840
1745342780932 4.184642791748047 850
1745342791190 6.641324043273926 860
1745342801634 2.7508504390716553 870
1745342811824 3.3528459072113037 880
1745342839327 3.1416914463043213 890
1745342850289 1.744171142578125 900
1745342860771 3.6055617332458496 910
1745342871228 3.218173027038574 920
1745342882174 5.558511734008789 930
1745342893103 3.945835828781128 940
1745342903418 5.1307268142700195 950
1745342913700 3.6319427490234375 960
1745342923896 3.1823525428771973 970
1745342934434 1.5929845571517944 980
1745342944933 4.328104019165039 990
1745342955255 2.9917426109313965 1000
1745342965541 4.705477237701416 1010
1745342993257 3.4359071254730225 1020
1745343003952 6.989232063293457 1030
1745343014437 5.849246025085449 1040
1745343025030 3.602994918823242 1050
1745343035501 2.3019521236419678 1060
1745343045999 4.860470771789551 1070
1745343056327 4.599435329437256 1080
1745343066832 4.985395431518555 1090
1745343077794 4.312465667724609 1100
1745343088091 3.8012306690216064 1110
1745343098622 2.764575719833374 1120
1745343108757 3.4701766967773438 1130
1745343118981 4.0100998878479 1140
1745343146022 3.8728225231170654 1150
1745343156388 3.660710334777832 1160
1745343166619 2.1826021671295166 1170
1745343176963 2.722301721572876 1180
1745343187452 3.458690643310547 1190
1745343197927 2.240474224090576 1200
1745343208423 1.995855689048767 1210
1745343218466 4.854872226715088 1220
1745343229025 2.3260655403137207 1230
1745343239674 3.473949670791626 1240
1745343250282 3.3524577617645264 1250
1745343260595 3.566398859024048 1260
1745343270507 2.188535690307617 1270
1745343298778 2.4586126804351807 1280
1745343309193 3.3239057064056396 1290
1745343319553 3.5990407466888428 1300
1745343329781 3.071155309677124 1310
1745343339864 2.8027491569519043 1320
1745343350160 4.200638771057129 1330
1745343360407 1.7936851978302002 1340
1745343370711 3.028522253036499 1350
1745343381029 3.391193151473999 1360
1745343391367 4.610645294189453 1370
1745343401660 6.532289981842041 1380
1745343411731 5.502143859863281 1390
1745343438857 2.7841060161590576 1400
1745343449070 4.895102500915527 1410
1745343459595 4.0195841789245605 1420
1745343469748 7.353732109069824 1430
1745343479963 2.7002854347229004 1440
1745343490271 2.4463939666748047 1450
1745343500517 2.4431777000427246 1460
1745343510965 2.2113535404205322 1470
1745343521505 3.41681170463562 1480
1745343531584 3.5588603019714355 1490
1745343541975 3.2013871669769287 1500
1745343552142 2.4649627208709717 1510
1745343562515 3.598938465118408 1520
1745343589840 3.4416396617889404 1530
1745343600468 2.7052745819091797 1540
1745343611362 2.5849523544311523 1550
1745343621968 2.708238363265991 1560
1745343632217 3.6797714233398438 1570
1745343642586 2.3780956268310547 1580
1745343653035 2.468705892562866 1590
1745343663522 3.3434765338897705 1600
1745343673612 2.582624673843384 1610
1745343683838 3.070742130279541 1620
1745343694120 3.9924190044403076 1630
1745343704319 2.621534824371338 1640
1745343715218 2.6643638610839844 1650
1745343742865 1.73356294631958 1660
1745343753138 4.612639904022217 1670
1745343763375 2.5552992820739746 1680
1745343773852 2.049642562866211 1690
1745343784385 2.6877012252807617 1700
1745343794635 2.8390402793884277 1710
1745343804759 2.447111129760742 1720
1745343815155 2.623042345046997 1730
1745343825493 2.5192034244537354 1740
1745343835704 2.7677183151245117 1750
1745343845977 3.523643732070923 1760
1745343856359 2.250307559967041 1770
1745343883557 2.329935312271118 1780
1745343893878 2.2714457511901855 1790
1745343904020 2.3588569164276123 1800
1745343914309 2.4976072311401367 1810
1745343924447 2.7012665271759033 1820
1745343934758 3.2594351768493652 1830
1745343945330 3.091761589050293 1840
1745343955851 2.556377649307251 1850
1745343966064 1.7718435525894165 1860
1745343976725 1.5867869853973389 1870
1745343987068 3.326367139816284 1880
1745343997275 2.615140914916992 1890
1745344007698 2.3853471279144287 1900
1745344035154 2.146087646484375 1910
1745344045249 4.459975242614746 1920
1745344055502 1.9076266288757324 1930
1745344065655 2.73311448097229 1940
1745344075982 2.9044570922851562 1950
1745344086455 4.713069438934326 1960
1745344096691 8.442526817321777 1970
1745344107512 5.389737129211426 1980
1745344117745 2.1798183917999268 1990
1745344127976 2.4126434326171875 2000
1745344138893 3.3847780227661133 2010
1745344149239 3.0820817947387695 2020
1745344159518 3.0430428981781006 2030
1745344186777 3.409520387649536 2040
1745344196987 1.9731069803237915 2050
1745344207280 2.687464952468872 2060
1745344217494 4.421481132507324 2070
1745344227832 3.102409839630127 2080
1745344238057 2.791351318359375 2090
1745344248288 1.4874919652938843 2100
1745344258718 3.083301067352295 2110
1745344269124 3.9009573459625244 2120
1745344279437 1.1328665018081665 2130
1745344289696 3.123175621032715 2140
1745344300040 3.9493367671966553 2150
1745344327732 2.424469470977783 2160
1745344337874 2.1567299365997314 2170
1745344348039 3.931316375732422 2180
1745344358568 1.6532944440841675 2190
1745344368730 3.865798234939575 2200
1745344378736 2.8607544898986816 2210
1745344389010 3.9279911518096924 2220
1745344399238 3.017961025238037 2230
1745344409373 4.0629448890686035 2240
1745344419557 2.5690488815307617 2250
1745344429588 3.0586793422698975 2260
1745344439986 3.400684118270874 2270
1745344450459 2.5442209243774414 2280
1745344477883 3.4492053985595703 2290
1745344488013 2.5786876678466797 2300
1745344498301 2.594341278076172 2310
1745344508503 2.666109323501587 2320
1745344518644 1.4519565105438232 2330
1745344528750 4.704280376434326 2340
1745344539260 4.147951602935791 2350
1745344549373 2.5536415576934814 2360
1745344559500 1.7945594787597656 2370
1745344569715 3.195091724395752 2380
1745344579719 3.3636980056762695 2390
1745344589908 5.154659271240234 2400
1745344599925 2.7572388648986816 2410
1745344627058 3.462348461151123 2420
1745344637212 2.5892739295959473 2430
1745344647496 2.8850181102752686 2440
1745344657666 3.1026031970977783 2450
1745344667911 3.131395101547241 2460
1745344678069 2.3763599395751953 2470
1745344688375 2.275371789932251 2480
1745344698436 1.4360376596450806 2490
1745344708570 2.5998315811157227 2500
1745344718811 2.0774900913238525 2510
1745344729056 2.1463427543640137 2520
1745344739464 1.9901150465011597 2530
1745344749318 1.8034578561782837 2540
1745344776943 3.0823311805725098 2550
1745344787288 3.3940505981445312 2560
1745344797474 2.5560567378997803 2570
1745344807876 3.121366024017334 2580
1745344818120 3.4657673835754395 2590
1745344828505 2.366995334625244 2600
1745344838771 1.9604427814483643 2610
1745344849060 2.5913264751434326 2620
1745344859477 2.6338093280792236 2630
1745344870234 2.4996447563171387 2640
1745344880490 4.103493690490723 2650
1745344890883 3.8062973022460938 2660
1745344917772 2.3025553226470947 2670
1745344928540 2.309007167816162 2680
1745344938951 4.265013217926025 2690
1745344949355 2.236159086227417 2700
1745344959555 1.7828071117401123 2710
1745344969823 4.672952651977539 2720
1745344980000 2.7897660732269287 2730
1745344990804 4.230325698852539 2740
1745345001054 3.209458112716675 2750
1745345011541 3.2526018619537354 2760
1745345021806 2.3319427967071533 2770
1745345032076 2.389312267303467 2780
1745345042506 3.2007813453674316 2790
1745345069528 2.910268545150757 2800
1745345079818 2.71557879447937 2810
1745345090054 2.4159555435180664 2820
1745345100383 1.5906288623809814 2830
1745345110988 3.05271315574646 2840
1745345121331 2.570787191390991 2850
1745345131698 2.1449742317199707 2860
1745345141971 2.101447582244873 2870
1745345152543 2.9816513061523438 2880
1745345163065 2.334085464477539 2890
1745345173574 1.6181633472442627 2900
1745345183862 2.8034799098968506 2910
1745345194283 3.6348729133605957 2920
1745345221972 5.365129470825195 2930
1745345232376 2.1296770572662354 2940
1745345242714 8.135832786560059 2950
1745345252877 2.332475423812866 2960
1745345262880 3.1910715103149414 2970
1745345273171 2.8559560775756836 2980
1745345283548 5.466531276702881 2990
1745345294301 2.5897207260131836 3000
1745345304521 4.839869022369385 3010
1745345314960 3.9995200634002686 3020
1745345325341 3.5576345920562744 3030
1745345335341 5.534438133239746 3040
1745345362576 4.001948833465576 3050
1745345372837 1.6764583587646484 3060
1745345382862 3.72389554977417 3070
1745345393344 4.321128845214844 3080
1745345403670 3.5189056396484375 3090
1745345413958 3.6483943462371826 3100
1745345424726 2.221737861633301 3110
1745345435079 3.1648805141448975 3120
1745345445540 1.684043049812317 3130
1745345456428 1.9463396072387695 3140
1745345466754 1.6394612789154053 3150
1745345477042 2.803844928741455 3160
1745345487431 2.4354116916656494 3170
1745345514975 3.357664108276367 3180
1745345525436 2.2169086933135986 3190
1745345535681 2.4127840995788574 3200
1745345546042 1.9787942171096802 3210
1745345557171 2.417818546295166 3220
1745345567979 5.787284851074219 3230
1745345578345 3.0195939540863037 3240
1745345589017 2.5053584575653076 3250
1745345599838 2.6867516040802 3260
1745345610399 3.7999441623687744 3270
1745345621080 2.5331838130950928 3280
1745345631952 4.4119343757629395 3290
1745345642301 2.8292043209075928 3300
1745345669656 1.7868915796279907 3310
1745345679925 3.019786834716797 3320
1745345690371 2.5279786586761475 3330
1745345700557 2.0148634910583496 3340
1745345710804 3.732144355773926 3350
1745345721214 2.948974132537842 3360
1745345731337 2.1774487495422363 3370
1745345742008 3.7204904556274414 3380
1745345752522 2.681220769882202 3390
1745345762881 2.987243890762329 3400
1745345773162 2.8696322441101074 3410
1745345783395 1.5238081216812134 3420
1745345810641 3.2331814765930176 3430
1745345821186 2.2793025970458984 3440
1745345831639 4.0622453689575195 3450
1745345842288 2.8672192096710205 3460
1745345853396 2.7544186115264893 3470
1745345864062 2.5492544174194336 3480
1745345874528 2.4538021087646484 3490
1745345885157 2.7272703647613525 3500
1745345895675 2.538482427597046 3510
1745345906369 3.445540428161621 3520
1745345916887 2.6356520652770996 3530
1745345927681 4.589288711547852 3540
1745345938228 2.190836191177368 3550
1745345966674 1.9742975234985352 3560
1745345977002 3.5680134296417236 3570
1745345987255 2.675097942352295 3580
1745345997676 3.0310986042022705 3590
1745346008265 2.816521406173706 3600
1745346018494 2.295552968978882 3610
1745346028845 2.0103437900543213 3620
1745346039266 3.048483371734619 3630
1745346049449 1.77976655960083 3640
1745346060142 1.373801350593567 3650
1745346070394 2.869737148284912 3660
1745346080505 2.5196526050567627 3670
1745346090796 3.448829174041748 3680
1745346118322 1.2903459072113037 3690
1745346128542 2.409547805786133 3700
1745346138891 0.894446611404419 3710
1745346149488 3.2754619121551514 3720
1745346159901 2.1937427520751953 3730
1745346170480 2.2684547901153564 3740
1745346180856 2.7320849895477295 3750
1745346191297 2.3989202976226807 3760
1745346201441 2.1489970684051514 3770
1745346211554 2.754946231842041 3780
1745346221766 2.6162002086639404 3790
1745346232140 2.2989137172698975 3800
1745346242184 2.5142831802368164 3810
