1745341805102 2.3622047244094487e-06 10
1745341815937 4.9868766404199475e-06 20
1745341826426 7.611548556430446e-06 30
1745341836729 1.0236220472440946e-05 40
1745341847056 1.2860892388451445e-05 50
1745341857452 1.5485564304461945e-05 60
1745341867870 1.8110236220472444e-05 70
1745341877967 2.0734908136482943e-05 80
1745341888297 2.335958005249344e-05 90
1745341898586 2.5984251968503937e-05 100
1745341909213 2.860892388451444e-05 110
1745341919606 3.1233595800524935e-05 120
1745341947255 3.385826771653544e-05 130
1745341957902 3.648293963254593e-05 140
1745341968120 3.9107611548556434e-05 150
1745341978730 4.173228346456693e-05 160
1745341989877 4.435695538057743e-05 170
1745342000196 4.698162729658793e-05 180
1745342010453 4.960629921259843e-05 190
1745342020856 5.223097112860893e-05 200
1745342031469 5.485564304461942e-05 210
1745342042405 5.748031496062992e-05 220
1745342052848 6.0104986876640425e-05 230
1745342063266 6.272965879265093e-05 240
1745342073452 6.535433070866141e-05 250
1745342100483 6.797900262467192e-05 260
1745342110675 7.060367454068241e-05 270
1745342121077 7.322834645669292e-05 280
1745342131437 7.58530183727034e-05 290
1745342141790 7.847769028871391e-05 300
1745342152242 8.110236220472441e-05 310
1745342162587 8.372703412073492e-05 320
1745342173045 8.63517060367454e-05 330
1745342183439 8.897637795275591e-05 340
1745342193708 9.16010498687664e-05 350
1745342203791 9.422572178477691e-05 360
1745342213968 9.68503937007874e-05 370
1745342224355 9.94750656167979e-05 380
1745342251855 9.999865697896888e-05 390
1745342262179 9.999320107968219e-05 400
1745342272422 9.998354882093378e-05 410
1745342282844 9.996970101292072e-05 420
1745342293434 9.99516588180087e-05 430
1745342304019 9.992942375063434e-05 440
1745342314538 9.990299767717817e-05 450
1745342324905 9.987238281580786e-05 460
1745342335309 9.98375817362921e-05 470
1745342345921 9.979859735978487e-05 480
1745342356369 9.975543295858035e-05 490
1745342366937 9.970809215583799e-05 500
1745342394062 9.965657892527868e-05 510
1745342404479 9.960089759085105e-05 520
1745342414752 9.954105282636852e-05 530
1745342425183 9.947704965511701e-05 540
1745342435510 9.940889344943329e-05 550
1745342445557 9.93365899302541e-05 560
1745342456157 9.926014516663581e-05 570
1745342466495 9.91795655752451e-05 580
1745342476879 9.909485791982029e-05 590
1745342487171 9.900602931060367e-05 600
1745342497823 9.89130872037446e-05 610
1745342508624 9.881603940067368e-05 620
1745342518949 9.871489404744796e-05 630
1745342546823 9.860965963406707e-05 640
1745342556961 9.850034499376069e-05 650
1745342567300 9.8386959302247e-05 660
1745342577550 9.826951207696258e-05 670
1745342588315 9.814801317626343e-05 680
1745342598843 9.802247279859756e-05 690
1745342609275 9.78929014816489e-05 700
1745342619516 9.775931010145279e-05 710
1745342629809 9.762170987148305e-05 720
1745342640105 9.74801123417108e-05 730
1745342650351 9.733452939763487e-05 740
1745342660621 9.718497325928424e-05 750
1745342670964 9.70314564801922e-05 760
1745342698519 9.687399194634277e-05 770
1745342708777 9.671259287508894e-05 780
1745342719068 9.654727281404327e-05 790
1745342729584 9.637804563994079e-05 800
1745342739918 9.620492555747406e-05 810
1745342750428 9.602792709810097e-05 820
1745342760656 9.584706511882497e-05 830
1745342770831 9.566235480094793e-05 840
1745342780932 9.54738116487959e-05 850
1745342791190 9.528145148841771e-05 860
1745342801634 9.508529046625648e-05 870
1745342811824 9.488534504779441e-05 880
1745342839327 9.468163201617062e-05 890
1745342850289 9.44741684707724e-05 900
1745342860771 9.426297182579993e-05 910
1745342871228 9.404805980880457e-05 920
1745342882174 9.382945045920084e-05 930
1745342893103 9.360716212675214e-05 940
1745342903418 9.338121347003054e-05 950
1745342913700 9.315162345485072e-05 960
1745342923896 9.291841135267778e-05 970
1745342934434 9.268159673900983e-05 980
1745342944933 9.24411994917347e-05 990
1745342955255 9.219723978946153e-05 1000
1745342965541 9.194973810982692e-05 1010
1745342993257 9.169871522777612e-05 1020
1745343003952 9.144419221381919e-05 1030
1745343014437 9.118619043226238e-05 1040
1745343025030 9.092473153941483e-05 1050
1745343035501 9.065983748177074e-05 1060
1745343045999 9.039153049416728e-05 1070
1745343056327 9.011983309791819e-05 1080
1745343066832 8.984476809892338e-05 1090
1745343077794 8.95663585857546e-05 1100
1745343088091 8.928462792771747e-05 1110
1745343098622 8.899959977288987e-05 1120
1745343108757 8.871129804613696e-05 1130
1745343118981 8.841974694710296e-05 1140
1745343146022 8.81249709481798e-05 1150
1745343156388 8.78269947924531e-05 1160
1745343166619 8.75258434916251e-05 1170
1745343176963 8.722154232391528e-05 1180
1745343187452 8.691411683193862e-05 1190
1745343197927 8.660359282056144e-05 1200
1745343208423 8.628999635473546e-05 1210
1745343218466 8.597335375730997e-05 1220
1745343229025 8.565369160682226e-05 1230
1745343239674 8.533103673526672e-05 1240
1745343250282 8.500541622584253e-05 1250
1745343260595 8.467685741068036e-05 1260
1745343270507 8.43453878685482e-05 1270
1745343298778 8.401103542253638e-05 1280
1745343309193 8.367382813772217e-05 1290
1745343319553 8.333379431881397e-05 1300
1745343329781 8.299096250777557e-05 1310
1745343339864 8.264536148143023e-05 1320
1745343350160 8.229702024904535e-05 1330
1745343360407 8.194596804989738e-05 1340
1745343370711 8.159223435081751e-05 1350
1745343381029 8.123584884371829e-05 1360
1745343391367 8.087684144310136e-05 1370
1745343401660 8.051524228354641e-05 1380
1745343411731 8.015108171718177e-05 1390
1745343438857 7.978439031113668e-05 1400
1745343449070 7.941519884497548e-05 1410
1745343459595 7.904353830811417e-05 1420
1745343469748 7.8669439897219e-05 1430
1745343479963 7.829293501358797e-05 1440
1745343490271 7.791405526051509e-05 1450
1745343500517 7.753283244063758e-05 1460
1745343510965 7.714929855326638e-05 1470
1745343521505 7.676348579170021e-05 1480
1745343531584 7.637542654052335e-05 1490
1745343541975 7.598515337288722e-05 1500
1745343552142 7.559269904777639e-05 1510
1745343562515 7.519809650725861e-05 1520
1745343589840 7.480137887371994e-05 1530
1745343600468 7.440257944708435e-05 1540
1745343611362 7.40017317020186e-05 1550
1745343621968 7.359886928512248e-05 1560
1745343632217 7.319402601210448e-05 1570
1745343642586 7.278723586494339e-05 1580
1745343653035 7.237853298903591e-05 1590
1745343663522 7.196795169033054e-05 1600
1745343673612 7.155552643244793e-05 1610
1745343683838 7.114129183378808e-05 1620
1745343694120 7.072528266462457e-05 1630
1745343704319 7.03075338441859e-05 1640
1745343715218 6.988808043772452e-05 1650
1745343742865 6.94669576535734e-05 1660
1745343753138 6.904420084019076e-05 1670
1745343763375 6.8619845483193e-05 1680
1745343773852 6.819392720237593e-05 1690
1745343784385 6.77664817487251e-05 1700
1745343794635 6.733754500141478e-05 1710
1745343804759 6.690715296479632e-05 1720
1745343815155 6.647534176537608e-05 1730
1745343825493 6.604214764878293e-05 1740
1745343835704 6.560760697672584e-05 1750
1745343845977 6.517175622394183e-05 1760
1745343856359 6.473463197513422e-05 1770
1745343883557 6.429627092190185e-05 1780
1745343893878 6.385670985965915e-05 1790
1745343904020 6.341598568454766e-05 1800
1745343914309 6.297413539033894e-05 1810
1745343924447 6.25311960653295e-05 1820
1745343934758 6.208720488922751e-05 1830
1745343945330 6.164219913003207e-05 1840
1745343955851 6.119621614090498e-05 1850
1745343966064 6.074929335703532e-05 1860
1745343976725 6.030146829249725e-05 1870
1745343987068 5.9852778537101116e-05 1880
1745343997275 5.940326175323819e-05 1890
1745344007698 5.895295567271939e-05 1900
1745344035154 5.850189809360804e-05 1910
1745344045249 5.805012687704726e-05 1920
1745344055502 5.759767994408187e-05 1930
1745344065655 5.7144595272475376e-05 1940
1745344075982 5.6690910893522185e-05 1950
1745344086455 5.623666488885532e-05 1960
1745344096691 5.578189538724986e-05 1970
1745344107512 5.532664056142247e-05 1980
1745344117745 5.487093862482729e-05 1990
1745344127976 5.441482782844831e-05 2000
1745344138893 5.395834645758859e-05 2010
1745344149239 5.350153282865674e-05 2020
1745344159518 5.304442528595064e-05 2030
1745344186777 5.258706219843889e-05 2040
1745344196987 5.2129481956540136e-05 2050
1745344207280 5.167172296890068e-05 2060
1745344217494 5.12138236591705e-05 2070
1745344227832 5.075582246277799e-05 2080
1745344238057 5.029775782370377e-05 2090
1745344248288 4.9839668191253794e-05 2100
1745344258718 4.938159201683186e-05 2110
1745344269124 4.892356775071216e-05 2120
1745344279437 4.8465633838811784e-05 2130
1745344289696 4.8007828719463566e-05 2140
1745344300040 4.755019082018971e-05 2150
1745344327732 4.709275855447621e-05 2160
1745344337874 4.663557031854844e-05 2170
1745344348039 4.617866448814826e-05 2180
1745344358568 4.5722079415312834e-05 2190
1745344368730 4.526585342515533e-05 2200
1745344378736 4.4810024812648063e-05 2210
1745344389010 4.435463183940799e-05 2220
1745344399238 4.3899712730485146e-05 2230
1745344409373 4.344530567115406e-05 2240
1745344419557 4.299144880370849e-05 2250
1745344429588 4.2538180224259885e-05 2260
1745344439986 4.208553797953967e-05 2270
1745344450459 4.163356006370549e-05 2280
1745344477883 4.118228441515226e-05 2290
1745344488013 4.073174891332751e-05 2300
1745344498301 4.0281991375551905e-05 2310
1745344508503 3.983304955384488e-05 2320
1745344518644 3.93849611317558e-05 2330
1745344528750 3.8937763721200874e-05 2340
1745344539260 3.8491494859306074e-05 2350
1745344549373 3.804619200525621e-05 2360
1745344559500 3.760189253715082e-05 2370
1745344569715 3.715863374886661e-05 2380
1745344579719 3.671645284692704e-05 2390
1745344589908 3.6275386947379365e-05 2400
1745344599925 3.583547307267904e-05 2410
1745344627058 3.539674814858216e-05 2420
1745344637212 3.4959249001045994e-05 2430
1745344647496 3.452301235313786e-05 2440
1745344657666 3.408807482195255e-05 2450
1745344667911 3.365447291553889e-05 2460
1745344678069 3.322224302983517e-05 2470
1745344688375 3.279142144561421e-05 2480
1745344698436 3.236204432543799e-05 2490
1745344708570 3.193414771062211e-05 2500
1745344718811 3.1507767518210725e-05 2510
1745344729056 3.1082939537961555e-05 2520
1745344739464 3.065969942934179e-05 2530
1745344749318 3.023808271853492e-05 2540
1745344776943 2.9818124795458714e-05 2550
1745344787288 2.939986091079453e-05 2560
1745344797474 2.8983326173028603e-05 2570
1745344807876 2.8568555545504932e-05 2580
1745344818120 2.8155583843490573e-05 2590
1745344828505 2.7744445731253367e-05 2600
1745344838771 2.733517571915204e-05 2610
1745344849060 2.6927808160739743e-05 2620
1745344859477 2.6522377249880248e-05 2630
1745344870234 2.611891701787783e-05 2640
1745344880490 2.5717461330620818e-05 2650
1745344890883 2.5318043885738753e-05 2660
1745344917772 2.4920698209774013e-05 2670
1745344928540 2.452545765536755e-05 2680
1745344938951 2.4132355398459443e-05 2690
1745344949355 2.3741424435503923e-05 2700
1745344959555 2.3352697580699967e-05 2710
1745344969823 2.2966207463236738e-05 2720
1745344980000 2.258198652455477e-05 2730
1745344990804 2.220006701562298e-05 2740
1745345001054 2.1820480994231374e-05 2750
1745345011541 2.1443260322300372e-05 2760
1745345021806 2.106843666320622e-05 2770
1745345032076 2.0696041479123236e-05 2780
1745345042506 2.0326106028382995e-05 2790
1745345069528 1.9958661362850452e-05 2800
1745345079818 1.9593738325317527e-05 2810
1745345090054 1.9231367546914232e-05 2820
1745345100383 1.887157944453749e-05 2830
1745345110988 1.8514404218298003e-05 2840
1745345121331 1.815987184898535e-05 2850
1745345131698 1.7808012095551336e-05 2860
1745345141971 1.745885449261212e-05 2870
1745345152543 1.71124283479692e-05 2880
1745345163065 1.6768762740149157e-05 2890
1745345173574 1.6427886515963087e-05 2900
1745345183862 1.6089828288085053e-05 2910
1745345194283 1.5754616432650444e-05 2920
1745345221972 1.542227908687418e-05 2930
1745345232376 1.5092844146688757e-05 2940
1745345242714 1.4766339264402901e-05 2950
1745345252877 1.4442791846380316e-05 2960
1745345262880 1.4122229050739294e-05 2970
1745345273171 1.3804677785073084e-05 2980
1745345283548 1.3490164704191366e-05 2990
1745345294301 1.3178716207882775e-05 3000
1745345304521 1.2870358438699004e-05 3010
1745345314960 1.2565117279760497e-05 3020
1745345325341 1.2263018352583667e-05 3030
1745345335341 1.1964087014930503e-05 3040
1745345362576 1.1668348358679887e-05 3050
1745345372837 1.1375827207721479e-05 3060
1745345382862 1.108654811587211e-05 3070
1745345393344 1.080053536481458e-05 3080
1745345403670 1.0517812962059726e-05 3090
1745345413958 1.0238404638931077e-05 3100
1745345424726 9.962333848572958e-06 3110
1745345435079 9.689623763981847e-06 3120
1745345445540 9.42029727606133e-06 3130
1745345456428 9.154376991700541e-06 3140
1745345466754 8.891885231876673e-06 3150
1745345477042 8.6328440297814e-06 3160
1745345487431 8.377275128971319e-06 3170
1745345514975 8.125199981542986e-06 3180
1745345525436 7.876639746332131e-06 3190
1745345535681 7.631615287137684e-06 3200
1745345546042 7.390147170970457e-06 3210
1745345557171 7.152255666326807e-06 3220
1745345567979 6.917960741487334e-06 3230
1745345578345 6.6872820628407216e-06 3240
1745345589017 6.4602389932330254e-06 3250
1745345599838 6.236850590342319e-06 3260
1745345610399 6.017135605079122e-06 3270
1745345621080 5.801112480012344e-06 3280
1745345631952 5.588799347821349e-06 3290
1745345642301 5.380214029773856e-06 3300
1745345669656 5.17537403423008e-06 3310
1745345679925 4.97429655517313e-06 3320
1745345690371 4.776998470765664e-06 3330
1745345700557 4.583496341933302e-06 3340
1745345710804 4.393806410974433e-06 3350
1745345721214 4.2079446001968555e-06 3360
1745345731337 4.025926510581357e-06 3370
1745345742008 3.847767420472104e-06 3380
1745345752522 3.673482284294244e-06 3390
1745345762881 3.5030857312986333e-06 3400
1745345773162 3.336592064333921e-06 3410
1745345783395 3.1740152586459127e-06 3420
1745345810641 3.0153689607045845e-06 3430
1745345821186 2.8606664870585555e-06 3440
1745345831639 2.70992082321736e-06 3450
1745345842288 2.563144622561453e-06 3460
1745345853396 2.420350205280053e-06 3470
1745345864062 2.281549557337098e-06 3480
1745345874528 2.1467543294650725e-06 3490
1745345885157 2.015975836187106e-06 3500
1745345895675 1.8892250548672386e-06 3510
1745345906369 1.7665126247889851e-06 3520
1745345916887 1.6478488462623177e-06 3530
1745345927681 1.5332436797590334e-06 3540
1745345938228 1.4227067450767128e-06 3550
1745345966674 1.3162473205312442e-06 3560
1745345977002 1.2138743421780063e-06 3570
1745345987255 1.1155964030617916e-06 3580
1745345997676 1.0214217524955272e-06 3590
1745346008265 9.31358295367829e-07 3600
1745346018494 8.454135914794659e-07 3610
1745346028845 7.635948549088334e-07 3620
1745346039266 6.859089534063779e-07 3630
1745346049449 6.123624078181511e-07 3640
1745346060142 5.429613915384546e-07 3650
1745346070394 4.777117299916478e-07 3660
1745346080505 4.16618900143162e-07 3670
1745346090796 3.596880300398009e-07 3680
1745346118322 3.0692389837926885e-07 3690
1745346128542 2.583309341090745e-07 3700
1745346138891 2.1391321605475635e-07 3710
1745346149488 1.736744725775119e-07 3720
1745346159901 1.3761808126126486e-07 3730
1745346170480 1.0574706862913619e-07 3740
1745346180856 7.806410988940305e-08 3750
1745346191297 5.457152871094495e-08 3760
1745346201441 3.5271297028216524e-08 3770
1745346211554 2.0165034875696542e-08 3780
1745346221766 9.254010251935618e-09 3790
1745346232140 2.5391390130968806e-09 3800
1745346242184 2.0984796089695835e-11 3810
