1745341805102 2.5783 10
1745341815937 2.5696 20
1745341826426 2.5391 30
1745341836729 2.5237 40
1745341847056 2.4886 50
1745341857452 2.4501 60
1745341867870 2.4191 70
1745341877967 2.383 80
1745341888297 2.3119 90
1745341898586 2.2695 100
1745341909213 2.2057 110
1745341919606 2.1604 120
1745341947255 2.0959 130
1745341957902 2.0375 140
1745341968120 1.9421 150
1745341978730 1.936 160
1745341989877 1.8353 170
1745342000196 1.8186 180
1745342010453 1.7203 190
1745342020856 1.6688 200
1745342031469 1.587 210
1745342042405 1.5549 220
1745342052848 1.4874 230
1745342063266 1.473 240
1745342073452 1.3987 250
1745342100483 1.3332 260
1745342110675 1.3006 270
1745342121077 1.3003 280
1745342131437 1.2938 290
1745342141790 1.2638 300
1745342152242 1.23 310
1745342162587 1.2295 320
1745342173045 1.2256 330
1745342183439 1.1873 340
1745342193708 1.1613 350
1745342203791 1.1462 360
1745342213968 1.1402 370
1745342224355 1.1382 380
1745342251855 1.0687 390
1745342262179 1.1069 400
1745342272422 1.1223 410
1745342282844 1.1192 420
1745342293434 1.0378 430
1745342304019 1.0951 440
1745342314538 1.0746 450
1745342324905 1.1397 460
1745342335309 1.1162 470
1745342345921 1.0793 480
1745342356369 1.0375 490
1745342366937 1.0165 500
1745342394062 1.043 510
1745342404479 1.042 520
1745342414752 1.0399 530
1745342425183 1.0414 540
1745342435510 1.0163 550
1745342445557 1.0443 560
1745342456157 1.0131 570
1745342466495 1.0213 580
1745342476879 1.0049 590
1745342487171 1.018 600
1745342497823 1.0306 610
1745342508624 1.0706 620
1745342518949 1.0402 630
1745342546823 0.9818 640
1745342556961 0.9655 650
1745342567300 0.9379 660
1745342577550 0.9446 670
1745342588315 1.0069 680
1745342598843 0.9782 690
1745342609275 0.9375 700
1745342619516 1.0176 710
1745342629809 0.9864 720
1745342640105 1.0159 730
1745342650351 0.9603 740
1745342660621 0.9687 750
1745342670964 1.001 760
1745342698519 0.9344 770
1745342708777 0.9341 780
1745342719068 0.9071 790
1745342729584 0.9628 800
1745342739918 0.9562 810
1745342750428 0.963 820
1745342760656 0.9811 830
1745342770831 0.935 840
1745342780932 0.9801 850
1745342791190 0.936 860
1745342801634 0.9302 870
1745342811824 0.93 880
1745342839327 0.9432 890
1745342850289 0.9089 900
1745342860771 0.8972 910
1745342871228 0.9182 920
1745342882174 0.9111 930
1745342893103 0.9976 940
1745342903418 0.8954 950
1745342913700 0.885 960
1745342923896 0.9341 970
1745342934434 0.9133 980
1745342944933 0.8993 990
1745342955255 0.9441 1000
1745342965541 0.9344 1010
1745342993257 0.9265 1020
1745343003952 0.9131 1030
1745343014437 0.8987 1040
1745343025030 0.9308 1050
1745343035501 0.9031 1060
1745343045999 0.9133 1070
1745343056327 0.9131 1080
1745343066832 0.8637 1090
1745343077794 0.8554 1100
1745343088091 0.9008 1110
1745343098622 0.9047 1120
1745343108757 0.9104 1130
1745343118981 0.9176 1140
1745343146022 0.918 1150
1745343156388 0.9217 1160
1745343166619 0.9099 1170
1745343176963 0.9082 1180
1745343187452 0.8699 1190
1745343197927 0.8883 1200
1745343208423 0.8667 1210
1745343218466 0.8766 1220
1745343229025 0.8635 1230
1745343239674 0.9146 1240
1745343250282 0.8671 1250
1745343260595 0.9127 1260
1745343270507 0.8917 1270
1745343298778 0.8576 1280
1745343309193 0.8642 1290
1745343319553 0.8541 1300
1745343329781 0.8995 1310
1745343339864 0.7906 1320
1745343350160 0.8363 1330
1745343360407 0.8475 1340
1745343370711 0.8536 1350
1745343381029 0.8513 1360
1745343391367 0.8449 1370
1745343401660 0.8826 1380
1745343411731 0.8253 1390
1745343438857 0.866 1400
1745343449070 0.8389 1410
1745343459595 0.8197 1420
1745343469748 0.9022 1430
1745343479963 0.8869 1440
1745343490271 0.8288 1450
1745343500517 0.875 1460
1745343510965 0.9005 1470
1745343521505 0.8453 1480
1745343531584 0.8249 1490
1745343541975 0.8558 1500
1745343552142 0.891 1510
1745343562515 0.8032 1520
1745343589840 0.822 1530
1745343600468 0.9203 1540
1745343611362 0.8178 1550
1745343621968 0.8457 1560
1745343632217 0.8281 1570
1745343642586 0.8632 1580
1745343653035 0.8316 1590
1745343663522 0.8379 1600
1745343673612 0.7892 1610
1745343683838 0.8456 1620
1745343694120 0.8504 1630
1745343704319 0.8758 1640
1745343715218 0.8265 1650
1745343742865 0.8283 1660
1745343753138 0.7954 1670
1745343763375 0.799 1680
1745343773852 0.8139 1690
1745343784385 0.8476 1700
1745343794635 0.8018 1710
1745343804759 0.8815 1720
1745343815155 0.8168 1730
1745343825493 0.8431 1740
1745343835704 0.8486 1750
1745343845977 0.8138 1760
1745343856359 0.8112 1770
1745343883557 0.8026 1780
1745343893878 0.8089 1790
1745343904020 0.801 1800
1745343914309 0.8564 1810
1745343924447 0.8659 1820
1745343934758 0.7762 1830
1745343945330 0.7947 1840
1745343955851 0.8106 1850
1745343966064 0.841 1860
1745343976725 0.8305 1870
1745343987068 0.8062 1880
1745343997275 0.8096 1890
1745344007698 0.8007 1900
1745344035154 0.8478 1910
1745344045249 0.8271 1920
1745344055502 0.8287 1930
1745344065655 0.8261 1940
1745344075982 0.785 1950
1745344086455 0.8249 1960
1745344096691 0.8084 1970
1745344107512 0.7883 1980
1745344117745 0.8003 1990
1745344127976 0.8227 2000
1745344138893 0.8082 2010
1745344149239 0.8574 2020
1745344159518 0.8068 2030
1745344186777 0.7819 2040
1745344196987 0.8108 2050
1745344207280 0.7484 2060
1745344217494 0.8051 2070
1745344227832 0.7917 2080
1745344238057 0.8004 2090
1745344248288 0.8056 2100
1745344258718 0.8224 2110
1745344269124 0.8362 2120
1745344279437 0.8096 2130
1745344289696 0.8048 2140
1745344300040 0.7647 2150
1745344327732 0.7984 2160
1745344337874 0.7601 2170
1745344348039 0.7853 2180
1745344358568 0.766 2190
1745344368730 0.8104 2200
1745344378736 0.7942 2210
1745344389010 0.7931 2220
1745344399238 0.8119 2230
1745344409373 0.8021 2240
1745344419557 0.7357 2250
1745344429588 0.788 2260
1745344439986 0.8111 2270
1745344450459 0.7453 2280
1745344477883 0.7802 2290
1745344488013 0.7692 2300
1745344498301 0.7726 2310
1745344508503 0.7667 2320
1745344518644 0.7442 2330
1745344528750 0.8151 2340
1745344539260 0.7651 2350
1745344549373 0.7675 2360
1745344559500 0.7659 2370
1745344569715 0.7569 2380
1745344579719 0.7676 2390
1745344589908 0.7653 2400
1745344599925 0.7979 2410
1745344627058 0.8151 2420
1745344637212 0.7559 2430
1745344647496 0.7534 2440
1745344657666 0.7404 2450
1745344667911 0.7588 2460
1745344678069 0.773 2470
1745344688375 0.7725 2480
1745344698436 0.7789 2490
1745344708570 0.7186 2500
1745344718811 0.7449 2510
1745344729056 0.7827 2520
1745344739464 0.7312 2530
1745344749318 0.7912 2540
1745344776943 0.7489 2550
1745344787288 0.7718 2560
1745344797474 0.7949 2570
1745344807876 0.7764 2580
1745344818120 0.7526 2590
1745344828505 0.7542 2600
1745344838771 0.77 2610
1745344849060 0.744 2620
1745344859477 0.7546 2630
1745344870234 0.7521 2640
1745344880490 0.7305 2650
1745344890883 0.7367 2660
1745344917772 0.766 2670
1745344928540 0.7138 2680
1745344938951 0.7406 2690
1745344949355 0.7516 2700
1745344959555 0.7579 2710
1745344969823 0.7605 2720
1745344980000 0.7242 2730
1745344990804 0.7496 2740
1745345001054 0.7499 2750
1745345011541 0.7089 2760
1745345021806 0.7601 2770
1745345032076 0.7344 2780
1745345042506 0.765 2790
1745345069528 0.7634 2800
1745345079818 0.7707 2810
1745345090054 0.7348 2820
1745345100383 0.7353 2830
1745345110988 0.7672 2840
1745345121331 0.746 2850
1745345131698 0.7415 2860
1745345141971 0.7117 2870
1745345152543 0.7658 2880
1745345163065 0.7312 2890
1745345173574 0.7784 2900
1745345183862 0.7561 2910
1745345194283 0.7606 2920
1745345221972 0.7727 2930
1745345232376 0.736 2940
1745345242714 0.7379 2950
1745345252877 0.7154 2960
1745345262880 0.7363 2970
1745345273171 0.7381 2980
1745345283548 0.747 2990
1745345294301 0.6964 3000
1745345304521 0.7291 3010
1745345314960 0.7227 3020
1745345325341 0.7743 3030
1745345335341 0.7648 3040
1745345362576 0.729 3050
1745345372837 0.7247 3060
1745345382862 0.7299 3070
1745345393344 0.7589 3080
1745345403670 0.8002 3090
1745345413958 0.7525 3100
1745345424726 0.7026 3110
1745345435079 0.7588 3120
1745345445540 0.7789 3130
1745345456428 0.72 3140
1745345466754 0.7661 3150
1745345477042 0.7188 3160
1745345487431 0.7186 3170
1745345514975 0.7516 3180
1745345525436 0.7426 3190
1745345535681 0.7277 3200
1745345546042 0.7447 3210
1745345557171 0.7206 3220
1745345567979 0.7553 3230
1745345578345 0.7224 3240
1745345589017 0.7234 3250
1745345599838 0.6954 3260
1745345610399 0.758 3270
1745345621080 0.7175 3280
1745345631952 0.7785 3290
1745345642301 0.6991 3300
1745345669656 0.7598 3310
1745345679925 0.7299 3320
1745345690371 0.6988 3330
1745345700557 0.7303 3340
1745345710804 0.7839 3350
1745345721214 0.735 3360
1745345731337 0.7484 3370
1745345742008 0.7131 3380
1745345752522 0.73 3390
1745345762881 0.7657 3400
1745345773162 0.7174 3410
1745345783395 0.7694 3420
1745345810641 0.7008 3430
1745345821186 0.7649 3440
1745345831639 0.7413 3450
1745345842288 0.7702 3460
1745345853396 0.742 3470
1745345864062 0.7236 3480
1745345874528 0.7427 3490
1745345885157 0.7268 3500
1745345895675 0.7278 3510
1745345906369 0.7211 3520
1745345916887 0.7232 3530
1745345927681 0.7157 3540
1745345938228 0.6941 3550
1745345966674 0.7232 3560
1745345977002 0.7089 3570
1745345987255 0.7261 3580
1745345997676 0.7345 3590
1745346008265 0.7144 3600
1745346018494 0.706 3610
1745346028845 0.7441 3620
1745346039266 0.7372 3630
1745346049449 0.7381 3640
1745346060142 0.7122 3650
1745346070394 0.7464 3660
1745346080505 0.7487 3670
1745346090796 0.7508 3680
1745346118322 0.7055 3690
1745346128542 0.7523 3700
1745346138891 0.7187 3710
1745346149488 0.7049 3720
1745346159901 0.7012 3730
1745346170480 0.6794 3740
1745346180856 0.7223 3750
1745346191297 0.714 3760
1745346201441 0.7355 3770
1745346211554 0.7088 3780
1745346221766 0.6988 3790
1745346232140 0.7538 3800
1745346242184 0.7124 3810
