1744757029691 0.20408163265306123 10
1744757046801 0.40816326530612246 20
1744757064076 0.6122448979591837 30
1744757080881 0.8163265306122449 40
1744757112672 1.0 49
1744757116978 1.0204081632653061 50
1744757134116 1.2244897959183674 60
1744757150794 1.4285714285714286 70
1744757167645 1.6326530612244898 80
1744757184018 1.836734693877551 90
1744757212269 2.0 98
1744757217907 2.0408163265306123 100
1744757234784 2.2448979591836733 110
1744757251378 2.4489795918367347 120
1744757268160 2.6530612244897958 130
1744757284785 2.857142857142857 140
1744757311557 3.0 147
1744757318881 3.061224489795918 150
1744757335382 3.2653061224489797 160
1744757351957 3.4693877551020407 170
1744757368706 3.673469387755102 180
1744757385197 3.877551020408163 190
1744757410085 4.0 196
1744757419358 4.081632653061225 200
1744757435898 4.285714285714286 210
1744757452678 4.489795918367347 220
1744757469385 4.6938775510204085 230
1744757485786 4.8979591836734695 240
1744757508469 5.0 245
1744757519355 5.1020408163265305 250
1744757535913 5.3061224489795915 260
1744757552384 5.510204081632653 270
1744757569149 5.714285714285714 280
1744757585529 5.918367346938775 290
1744757606779 6.0 294
1744757619463 6.122448979591836 300
1744757635842 6.326530612244898 310
1744757652351 6.530612244897959 320
1744757669008 6.73469387755102 330
1744757685488 6.938775510204081 340
1744757705214 7.0 343
1744757719297 7.142857142857143 350
1744757735843 7.346938775510204 360
1744757752337 7.551020408163265 370
1744757768880 7.755102040816326 380
1744757785364 7.959183673469388 390
1744757803296 8.0 392
1744757819117 8.16326530612245 400
1744757835495 8.36734693877551 410
1744757852110 8.571428571428571 420
1744757868689 8.775510204081632 430
1744757884344 8.979591836734693 440
1744757901318 9.0 441
1744757918671 9.183673469387756 450
1744757935141 9.387755102040817 460
1744757951796 9.591836734693878 470
1744757968725 9.795918367346939 480
1744757983089 10.0 490
1744758000001 10.0 490
1744758019000 10.204081632653061 500
1744758035536 10.408163265306122 510
1744758052045 10.612244897959183 520
1744758068779 10.816326530612244 530
1744758098162 11.0 539
1744758102288 11.020408163265307 540
1744758118911 11.224489795918368 550
1744758135478 11.428571428571429 560
1744758151969 11.63265306122449 570
1744758168658 11.83673469387755 580
1744758196664 12.0 588
1744758202536 12.040816326530612 590
1744758219231 12.244897959183673 600
1744758235832 12.448979591836734 610
1744758252401 12.653061224489797 620
1744758269117 12.857142857142858 630
1744758295303 13.0 637
1744758302732 13.061224489795919 640
1744758319440 13.26530612244898 650
1744758336118 13.46938775510204 660
1744758352764 13.673469387755102 670
1744758369321 13.877551020408163 680
1744758393875 14.0 686
1744758402980 14.081632653061224 690
1744758419674 14.285714285714286 700
1744758436040 14.489795918367347 710
1744758452667 14.693877551020408 720
1744758469356 14.89795918367347 730
1744758492157 15.0 735
1744758502999 15.10204081632653 740
1744758519469 15.306122448979592 750
1744758535989 15.510204081632653 760
1744758552555 15.714285714285714 770
1744758569035 15.918367346938776 780
1744758590239 16.0 784
1744758602712 16.122448979591837 790
1744758619331 16.3265306122449 800
1744758635763 16.53061224489796 810
1744758652537 16.73469387755102 820
1744758669154 16.93877551020408 830
1744758688862 17.0 833
1744758702900 17.142857142857142 840
1744758719571 17.346938775510203 850
1744758736322 17.551020408163264 860
1744758752850 17.755102040816325 870
1744758769496 17.959183673469386 880
1744758787320 18.0 882
1744758802957 18.163265306122447 890
1744758819658 18.367346938775512 900
1744758836510 18.571428571428573 910
1744758853032 18.775510204081634 920
1744758868802 18.979591836734695 930
1744758885694 19.0 931
1744758902835 19.183673469387756 940
1744758919639 19.387755102040817 950
1744758936252 19.591836734693878 960
1744758952608 19.79591836734694 970
1744758966989 20.0 980
1744758983787 20.0 980
1744759002824 20.20408163265306 990
1744759019390 20.408163265306122 1000
1744759035938 20.612244897959183 1010
1744759052516 20.816326530612244 1020
1744759082273 21.0 1029
1744759086385 21.020408163265305 1030
1744759103158 21.224489795918366 1040
1744759119926 21.428571428571427 1050
1744759136655 21.632653061224488 1060
1744759153330 21.836734693877553 1070
1744759181658 22.0 1078
1744759187495 22.040816326530614 1080
1744759204261 22.244897959183675 1090
1744759220948 22.448979591836736 1100
1744759237656 22.653061224489797 1110
1744759254414 22.857142857142858 1120
1744759280642 23.0 1127
1744759288182 23.06122448979592 1130
1744759304800 23.26530612244898 1140
1744759321232 23.46938775510204 1150
1744759337970 23.6734693877551 1160
1744759354627 23.877551020408163 1170
1744759379366 24.0 1176
1744759388403 24.081632653061224 1180
1744759404960 24.285714285714285 1190
1744759421446 24.489795918367346 1200
1744759438094 24.693877551020407 1210
1744759454903 24.897959183673468 1220
1744759477595 25.0 1225
1744759488275 25.102040816326532 1230
1744759504910 25.306122448979593 1240
1744759521455 25.510204081632654 1250
1744759537983 25.714285714285715 1260
1744759554566 25.918367346938776 1270
1744759575571 26.0 1274
1744759587913 26.122448979591837 1280
1744759604484 26.3265306122449 1290
1744759620977 26.53061224489796 1300
1744759637537 26.73469387755102 1310
1744759654253 26.93877551020408 1320
1744759673845 27.0 1323
1744759687832 27.142857142857142 1330
1744759704428 27.346938775510203 1340
1744759721008 27.551020408163264 1350
1744759737658 27.755102040816325 1360
1744759754430 27.959183673469386 1370
1744759772436 28.0 1372
1744759788013 28.163265306122447 1380
1744759804589 28.367346938775512 1390
1744759821130 28.571428571428573 1400
1744759837522 28.775510204081634 1410
1744759853214 28.979591836734695 1420
1744759870000 29.0 1421
1744759887339 29.183673469387756 1430
1744759904074 29.387755102040817 1440
1744759920676 29.591836734693878 1450
1744759937103 29.79591836734694 1460
1744759951787 30.0 1470
1744759968505 30.0 1470
1744759970062 30.0 1470
1744759970480 30.0 0
1744759987301 30.0 1470
