1744757029691 0.6033297777175903 10
1744757046801 0.716526985168457 20
1744757064076 0.7793002128601074 30
1744757080881 0.9346939921379089 40
1744757116978 1.1381125450134277 50
1744757134116 0.9647380709648132 60
1744757150794 1.3217710256576538 70
1744757167645 1.3879424333572388 80
1744757184018 1.761843204498291 90
1744757217907 1.366886854171753 100
1744757234784 1.769220232963562 110
1744757251378 1.3589733839035034 120
1744757268160 1.3045237064361572 130
1744757284785 1.3874062299728394 140
1744757318881 1.56674325466156 150
1744757335382 1.9525337219238281 160
1744757351957 1.330407977104187 170
1744757368706 1.3000962734222412 180
1744757385197 1.3843387365341187 190
1744757419358 1.178333044052124 200
1744757435898 1.6222721338272095 210
1744757452678 1.3139995336532593 220
1744757469385 1.4437423944473267 230
1744757485786 1.2348352670669556 240
1744757519355 1.2895880937576294 250
1744757535913 1.0678876638412476 260
1744757552384 0.9735839366912842 270
1744757569149 1.2316356897354126 280
1744757585529 1.0651355981826782 290
1744757619463 1.2022725343704224 300
1744757635842 1.3856029510498047 310
1744757652351 1.2500630617141724 320
1744757669008 1.1774007081985474 330
1744757685488 1.389688491821289 340
1744757719297 1.19303560256958 350
1744757735843 1.1895838975906372 360
1744757752337 1.2853457927703857 370
1744757768880 1.17893648147583 380
1744757785364 1.1622295379638672 390
1744757819117 1.4405708312988281 400
1744757835495 1.4144614934921265 410
1744757852110 1.184263825416565 420
1744757868689 1.169473648071289 430
1744757884344 1.0835822820663452 440
1744757918671 1.4580981731414795 450
1744757935141 1.0941780805587769 460
1744757951796 0.8815285563468933 470
1744757968725 0.946061909198761 480
1744757983089 3.391432046890259 490
1744758019000 1.0810816287994385 500
1744758035536 1.0246436595916748 510
1744758052045 0.9696775674819946 520
1744758068779 0.9480412602424622 530
1744758102288 1.0503215789794922 540
1744758118911 0.944272518157959 550
1744758135478 1.1185002326965332 560
1744758151969 0.9548447132110596 570
1744758168658 1.0360411405563354 580
1744758202536 1.0729906558990479 590
1744758219231 1.2027043104171753 600
1744758235832 0.9292744994163513 610
1744758252401 0.9517499208450317 620
1744758269117 0.9005042910575867 630
1744758302732 0.9073588848114014 640
1744758319440 1.190858006477356 650
1744758336118 0.8232975602149963 660
1744758352764 1.0060741901397705 670
1744758369321 0.9082527160644531 680
1744758402980 0.8491132259368896 690
1744758419674 1.0069931745529175 700
1744758436040 1.0513052940368652 710
1744758452667 1.0092778205871582 720
1744758469356 0.8768724203109741 730
1744758502999 0.9340648055076599 740
1744758519469 0.8999825119972229 750
1744758535989 1.0376993417739868 760
1744758552555 0.8736980557441711 770
1744758569035 0.9331973791122437 780
1744758602712 0.7310152053833008 790
1744758619331 1.0635967254638672 800
1744758635763 0.8979583382606506 810
1744758652537 0.8956129550933838 820
1744758669154 0.8816584944725037 830
1744758702900 0.8052911758422852 840
1744758719571 0.840618371963501 850
1744758736322 0.8341808319091797 860
1744758752850 1.0600218772888184 870
1744758769496 0.7686451077461243 880
1744758802957 0.989632785320282 890
1744758819658 1.1178792715072632 900
1744758836510 0.871910572052002 910
1744758853032 1.116963267326355 920
1744758868802 0.8377904891967773 930
1744758902835 0.7830384373664856 940
1744758919639 0.6652316451072693 950
1744758936252 0.9345659613609314 960
1744758952608 0.9469721913337708 970
1744758966989 2.0668606758117676 980
1744759002824 0.7955816388130188 990
1744759019390 0.914779007434845 1000
1744759035938 0.6723458766937256 1010
1744759052516 0.8065364360809326 1020
1744759086385 0.8236348628997803 1030
1744759103158 0.7494527101516724 1040
1744759119926 0.7721863985061646 1050
1744759136655 0.7486672401428223 1060
1744759153330 0.9288367629051208 1070
1744759187495 0.8913216590881348 1080
1744759204261 0.8877217173576355 1090
1744759220948 0.8251223564147949 1100
1744759237656 0.7872437238693237 1110
1744759254414 0.7313409447669983 1120
1744759288182 0.7575024366378784 1130
1744759304800 0.8441986441612244 1140
1744759321232 0.8733497262001038 1150
1744759337970 0.8679381012916565 1160
1744759354627 0.8429073691368103 1170
1744759388403 0.6753913164138794 1180
1744759404960 0.8031982779502869 1190
1744759421446 0.8763490319252014 1200
1744759438094 0.6937927007675171 1210
1744759454903 0.6766366958618164 1220
1744759488275 0.6983795166015625 1230
1744759504910 0.6490918397903442 1240
1744759521455 0.830280601978302 1250
1744759537983 0.8102264404296875 1260
1744759554566 0.7390550971031189 1270
1744759587913 0.7341436743736267 1280
1744759604484 0.8669834733009338 1290
1744759620977 0.7123559713363647 1300
1744759637537 0.685980498790741 1310
1744759654253 0.5804793238639832 1320
1744759687832 0.5832343101501465 1330
1744759704428 0.5157172679901123 1340
1744759721008 0.7420818209648132 1350
1744759737658 0.8216215968132019 1360
1744759754430 0.7611566781997681 1370
1744759788013 0.596660315990448 1380
1744759804589 0.7865369915962219 1390
1744759821130 0.6361845135688782 1400
1744759837522 0.5700362324714661 1410
1744759853214 0.4912682771682739 1420
1744759887339 0.7165982127189636 1430
1744759904074 0.5827341675758362 1440
1744759920676 0.6801722645759583 1450
1744759937103 0.7253665924072266 1460
1744759951787 2.0353517532348633 1470
