1744757029691 6.122448979591836e-05 10
1744757046801 0.00012925170068027212 20
1744757064076 0.00019727891156462584 30
1744757080881 0.0002653061224489796 40
1744757116978 0.0003333333333333333 50
1744757134116 0.0004013605442176871 60
1744757150794 0.00046938775510204083 70
1744757167645 0.0005374149659863947 80
1744757184018 0.0006054421768707483 90
1744757217907 0.000673469387755102 100
1744757234784 0.0007414965986394558 110
1744757251378 0.0008095238095238096 120
1744757268160 0.0008775510204081633 130
1744757284785 0.0009455782312925171 140
1744757318881 0.0009999943612967331 150
1744757335382 0.000999797020035959 160
1744757351957 0.000999317870778844 170
1744757368706 0.0009985571836912486 180
1744757385197 0.0009975153876827009 190
1744757419358 0.0009961930701645576 200
1744757435898 0.0009945909767187964 210
1744757452678 0.0009927100106776213 220
1744757469385 0.0009905512326141251 230
1744757485786 0.00098811585974429 240
1744757519355 0.0009854052652406666 250
1744757535913 0.0009824209774581174 260
1744757552384 0.0009791646790720627 270
1744757569149 0.000975638206129711 280
1744757585529 0.0009718435470148146 290
1744757619463 0.0009677828413265291 300
1744757635842 0.0009634583786730109 310
1744757652351 0.0009588725973804342 320
1744757669008 0.0009540280831181524 330
1744757685488 0.0009489275674407825 340
1744757719297 0.000943573926248031 350
1744757735843 0.0009379701781631334 360
1744757752337 0.0009321194828308184 370
1744757768880 0.0009260251391357586 380
1744757785364 0.0009196905833425111 390
1744757819117 0.0009131193871579975 400
1744757835495 0.0009063152557176148 410
1744757852110 0.0008992820254961143 420
1744757868689 0.0008920236621444242 430
1744757884344 0.0008845442582536384 440
1744757918671 0.0008768480310474293 450
1744757935141 0.0008689393200041879 460
1744757951796 0.0008608225844102311 470
1744757968725 0.0008525024008454562 480
1744757983089 0.0008439834606028593 490
1744758019000 0.000835270567043374 500
1744758035536 0.0008263686328875207 510
1744758052045 0.0008172826774453936 520
1744758068779 0.0008080178237865503 530
1744758102288 0.0007985792958513931 540
1744758118911 0.0007889724155056777 550
1744758135478 0.0007792025995398068 560
1744758151969 0.0007692753566145996 570
1744758168658 0.0007591962841552626 580
1744758202536 0.0007489710651953089 590
1744758219231 0.0007386054651722097 600
1744758235832 0.0007281053286765816 610
1744758252401 0.0007174765761567432 620
1744758269117 0.0007067252005805019 630
1744758302732 0.0006958572640560491 640
1744758319440 0.0006848788944138705 650
1744758336118 0.0006737962817516022 660
1744758352764 0.0006626156749437736 670
1744758369321 0.0006513433781184131 680
1744758402980 0.0006399857471024964 690
1744758419674 0.0006285491858382474 700
1744758436040 0.0006170401427723067 710
1744758452667 0.0006054651072198086 720
1744758469356 0.0005938306057054138 730
1744758502999 0.000582143198283362 740
1744758519469 0.0005704094748386184 750
1744758535989 0.000558636051371201 760
1744758552555 0.0005468295662657828 770
1744758569035 0.0005349966765486728 780
1744758602712 0.0005231440541342845 790
1744758619331 0.0005112783820632133 800
1744758635763 0.0004994063507340355 810
1744758652537 0.00048753465413096367 820
1744758669154 0.00047566998604947586 830
1744758702900 0.0004638190363220547 840
1744758719571 0.0004519884870461591 850
1744758736322 0.0004401850088165571 860
1744758752850 0.00042841525696414595 870
1744758769496 0.00041668586780337714 880
1744758802957 0.00040500345489040515 890
1744758819658 0.00039337460529406643 900
1744758836510 0.00038180587588179557 910
1744758853032 0.0003703037896225686 920
1744758868802 0.00035887483190895965 930
1744758902835 0.00034752544690038644 940
1744758919639 0.0003362620338896032 950
1744758936252 0.00032509094369449277 960
1744758952608 0.0003140184750771895 970
1744758966989 0.00030305087119255545 980
1744759002824 0.00029219431606800897 990
1744759019390 0.0002814549311166918 1000
1744759035938 0.0002708387716859425 1010
1744759052516 0.00026035182364301954 1020
1744759086385 0.0002500000000000001 1030
1744759103158 0.00023978913757975907 1040
1744759119926 0.0002297249937249058 1050
1744759136655 0.00021981324305153643 1060
1744759153330 0.00021005947424963028 1070
1744759187495 0.0002004691869318953 1080
1744759204261 0.0001910477885328399 1090
1744759220948 0.00018180059125981823 1100
1744759237656 0.00017273280909777016 1110
1744759254414 0.00016384955486934156 1120
1744759288182 0.00015515583735204548 1130
1744759304800 0.00014665655845408872 1140
1744759321232 0.000138356510450456 1150
1744759337970 0.0001302603732808104 1160
1744759354627 0.0001223727119107327 1170
1744759388403 0.000114697973757789 1180
1744759404960 0.00010724048618387789 1190
1744759421446 0.00010000445405526809 1200
1744759438094 9.299395737170757e-05 1210
1744759454903 8.621294896593534e-05 1220
1744759488275 7.966525227489769e-05 1230
1744759504910 7.335455918392219e-05 1240
1744759521455 6.728442794506773e-05 1250
1744759537983 6.145828117082186e-05 1260
1744759554566 5.5879403904278036e-05 1270
1744759587913 5.0550941766881075e-05 1280
1744759604484 4.547589918478456e-05 1290
1744759620977 4.0657137694820824e-05 1300
1744759637537 3.609737433103732e-05 1310
1744759654253 3.179918009271138e-05 1320
1744759687832 2.7764978494705438e-05 1330
1744759704428 2.399704420098009e-05 1340
1744759721008 2.049750174203707e-05 1350
1744759737658 1.7268324317012974e-05 1360
1744759754430 1.4311332681101463e-05 1370
1744759788013 1.1628194118929403e-05 1380
1744759804589 9.22042150446728e-06 1390
1744759821130 7.0893724480028395e-06 1400
1744759837522 5.236248530659183e-06 1410
1744759853214 3.662094626889656e-06 1420
1744759887339 2.3677983153307934e-06 1430
1744759904074 1.3540893783454688e-06 1440
1744759920676 6.215393905388278e-07 1450
1744759937103 1.7056139647897428e-07 1460
1744759951787 1.4096778039318636e-09 1470
