1744757029691 3.695 10
1744757046801 3.463 20
1744757064076 3.1393 30
1744757080881 2.8344 40
1744757116978 2.5609 50
1744757134116 2.29 60
1744757150794 2.1113 70
1744757167645 2.0432 80
1744757184018 1.9773 90
1744757217907 2.0057 100
1744757234784 1.9281 110
1744757251378 1.9625 120
1744757268160 1.9438 130
1744757284785 1.9841 140
1744757318881 2.0311 150
1744757335382 1.9678 160
1744757351957 1.9789 170
1744757368706 1.9477 180
1744757385197 1.9459 190
1744757419358 1.8978 200
1744757435898 1.8501 210
1744757452678 1.9076 220
1744757469385 1.8833 230
1744757485786 1.8813 240
1744757519355 1.7879 250
1744757535913 1.7819 260
1744757552384 1.773 270
1744757569149 1.7727 280
1744757585529 1.8323 290
1744757619463 1.8012 300
1744757635842 1.703 310
1744757652351 1.7564 320
1744757669008 1.7507 330
1744757685488 1.7753 340
1744757719297 1.7213 350
1744757735843 1.6942 360
1744757752337 1.737 370
1744757768880 1.7413 380
1744757785364 1.7388 390
1744757819117 1.6325 400
1744757835495 1.651 410
1744757852110 1.6738 420
1744757868689 1.6587 430
1744757884344 1.6556 440
1744757918671 1.5879 450
1744757935141 1.6691 460
1744757951796 1.6018 470
1744757968725 1.594 480
1744757983089 1.5716 490
1744758019000 1.5325 500
1744758035536 1.5816 510
1744758052045 1.56 520
1744758068779 1.5459 530
1744758102288 1.5381 540
1744758118911 1.5047 550
1744758135478 1.4682 560
1744758151969 1.5153 570
1744758168658 1.5295 580
1744758202536 1.4835 590
1744758219231 1.4796 600
1744758235832 1.4352 610
1744758252401 1.4223 620
1744758269117 1.4776 630
1744758302732 1.4694 640
1744758319440 1.4016 650
1744758336118 1.4314 660
1744758352764 1.3797 670
1744758369321 1.435 680
1744758402980 1.3925 690
1744758419674 1.312 700
1744758436040 1.341 710
1744758452667 1.3726 720
1744758469356 1.3744 730
1744758502999 1.2726 740
1744758519469 1.3092 750
1744758535989 1.2742 760
1744758552555 1.272 770
1744758569035 1.3195 780
1744758602712 1.2702 790
1744758619331 1.2267 800
1744758635763 1.2649 810
1744758652537 1.2262 820
1744758669154 1.2972 830
1744758702900 1.2189 840
1744758719571 1.1783 850
1744758736322 1.2131 860
1744758752850 1.1997 870
1744758769496 1.2121 880
1744758802957 1.1367 890
1744758819658 1.1845 900
1744758836510 1.1525 910
1744758853032 1.1328 920
1744758868802 1.1403 930
1744758902835 1.1453 940
1744758919639 1.1067 950
1744758936252 1.1123 960
1744758952608 1.1345 970
1744758966989 1.1342 980
1744759002824 1.1178 990
1744759019390 1.0708 1000
1744759035938 1.0747 1010
1744759052516 1.0782 1020
1744759086385 1.0854 1030
1744759103158 1.0306 1040
1744759119926 1.0304 1050
1744759136655 1.0362 1060
1744759153330 1.0106 1070
1744759187495 1.0638 1080
1744759204261 1.0219 1090
1744759220948 1.029 1100
1744759237656 1.0227 1110
1744759254414 0.9916 1120
1744759288182 1.0167 1130
1744759304800 0.9929 1140
1744759321232 1.0041 1150
1744759337970 0.9727 1160
1744759354627 1.001 1170
1744759388403 0.9743 1180
1744759404960 0.9797 1190
1744759421446 0.9662 1200
1744759438094 0.9921 1210
1744759454903 0.9456 1220
1744759488275 0.9852 1230
1744759504910 0.9603 1240
1744759521455 0.9658 1250
1744759537983 0.9299 1260
1744759554566 0.9788 1270
1744759587913 0.9553 1280
1744759604484 0.9455 1290
1744759620977 0.9458 1300
1744759637537 0.9549 1310
1744759654253 0.9521 1320
1744759687832 0.9607 1330
1744759704428 0.9386 1340
1744759721008 0.9279 1350
1744759737658 0.9537 1360
1744759754430 0.9568 1370
1744759788013 0.9409 1380
1744759804589 0.9317 1390
1744759821130 0.9582 1400
1744759837522 0.9314 1410
1744759853214 0.9375 1420
1744759887339 0.9088 1430
1744759904074 0.9272 1440
1744759920676 0.9299 1450
1744759937103 0.9307 1460
1744759951787 0.9463 1470
