1744637833812 0.057803468208092484 10
1744637877606 0.11560693641618497 20
1744637921142 0.17341040462427745 30
1744637964615 0.23121387283236994 40
1744638007895 0.28901734104046245 50
1744638050565 0.3468208092485549 60
1744638093163 0.4046242774566474 70
1744638136182 0.4624277456647399 80
1744638179060 0.5202312138728323 90
1744638222143 0.5780346820809249 100
1744638264919 0.6358381502890174 110
1744638307576 0.6936416184971098 120
1744638351348 0.7514450867052023 130
1744638394321 0.8092485549132948 140
1744638437139 0.8670520231213873 150
1744638480144 0.9248554913294798 160
1744638523247 0.9826589595375722 170
1744638707516 1.0 173
1744638741727 1.0404624277456647 180
1744638784416 1.0982658959537572 190
1744638827480 1.1560693641618498 200
1744638870066 1.2138728323699421 210
1744638912703 1.2716763005780347 220
1744638955683 1.3294797687861273 230
1744638998201 1.3872832369942196 240
1744639040600 1.4450867052023122 250
1744639083389 1.5028901734104045 260
1744639126180 1.560693641618497 270
1744639169207 1.6184971098265897 280
1744639211926 1.6763005780346822 290
1744639254543 1.7341040462427746 300
1744639297227 1.791907514450867 310
1744639339654 1.8497109826589595 320
1744639382614 1.907514450867052 330
1744639425537 1.9653179190751446 340
1744639624858 2.0 346
1744639646094 2.023121387283237 350
1744639688716 2.0809248554913293 360
1744639731337 2.138728323699422 370
1744639774027 2.1965317919075145 380
1744639817678 2.254335260115607 390
1744639860851 2.3121387283236996 400
1744639903794 2.3699421965317917 410
1744639946468 2.4277456647398843 420
1744639988743 2.485549132947977 430
1744640031117 2.5433526011560694 440
1744640073804 2.601156069364162 450
1744640116458 2.6589595375722546 460
1744640158842 2.7167630057803467 470
1744640201403 2.7745664739884393 480
1744640243621 2.832369942196532 490
1744640286187 2.8901734104046244 500
1744640328255 2.9479768786127165 510
1744640539131 3.0 519
1744640540540 3.0 519
1744640540961 3.0 0
1744640717731 3.0 519
