1744637833812 1.301888346672058 10
1744637877606 1.5325117111206055 20
1744637921142 1.6896121501922607 30
1744637964615 1.6812498569488525 40
1744638007895 1.5363069772720337 50
1744638050565 1.4258824586868286 60
1744638093163 1.4873605966567993 70
1744638136182 1.428224802017212 80
1744638179060 1.4285582304000854 90
1744638222143 1.3805205821990967 100
1744638264919 1.5438685417175293 110
1744638307576 1.4340236186981201 120
1744638351348 1.363986611366272 130
1744638394321 1.391905426979065 140
1744638437139 1.381551742553711 150
1744638480144 1.415980577468872 160
1744638523247 1.3928828239440918 170
1744638741727 1.6400163173675537 180
1744638784416 1.4513269662857056 190
1744638827480 1.3477003574371338 200
1744638870066 1.4432731866836548 210
1744638912703 1.324196457862854 220
1744638955683 1.4367167949676514 230
1744638998201 1.68733549118042 240
1744639040600 1.7834259271621704 250
1744639083389 1.4691725969314575 260
1744639126180 1.5102399587631226 270
1744639169207 1.639203667640686 280
1744639211926 1.5346219539642334 290
1744639254543 1.6074110269546509 300
1744639297227 1.5393844842910767 310
1744639339654 1.3122844696044922 320
1744639382614 1.4277704954147339 330
1744639425537 1.4759323596954346 340
1744639646094 1.515814185142517 350
1744639688716 1.5887579917907715 360
1744639731337 1.8019825220108032 370
1744639774027 1.4833625555038452 380
1744639817678 1.5698918104171753 390
1744639860851 1.6343458890914917 400
1744639903794 1.3522452116012573 410
1744639946468 1.458164930343628 420
1744639988743 1.5852751731872559 430
1744640031117 1.5512912273406982 440
1744640073804 1.4776325225830078 450
1744640116458 1.3861651420593262 460
1744640158842 1.4757925271987915 470
1744640201403 1.5234063863754272 480
1744640243621 1.5744150876998901 490
1744640286187 1.5364153385162354 500
1744640328255 1.5665860176086426 510
