1744637833812 1.9653179190751446e-05 10
1744637877606 1.926782273603083e-05 20
1744637921142 1.8882466281310214e-05 30
1744637964615 1.8497109826589598e-05 40
1744638007895 1.811175337186898e-05 50
1744638050565 1.7726396917148362e-05 60
1744638093163 1.7341040462427746e-05 70
1744638136182 1.695568400770713e-05 80
1744638179060 1.6570327552986513e-05 90
1744638222143 1.6184971098265897e-05 100
1744638264919 1.579961464354528e-05 110
1744638307576 1.5414258188824665e-05 120
1744638351348 1.5028901734104047e-05 130
1744638394321 1.464354527938343e-05 140
1744638437139 1.4258188824662815e-05 150
1744638480144 1.3872832369942197e-05 160
1744638523247 1.3487475915221582e-05 170
1744638741727 1.3102119460500964e-05 180
1744638784416 1.2716763005780348e-05 190
1744638827480 1.233140655105973e-05 200
1744638870066 1.1946050096339114e-05 210
1744638912703 1.15606936416185e-05 220
1744638955683 1.1175337186897882e-05 230
1744638998201 1.0789980732177265e-05 240
1744639040600 1.0404624277456647e-05 250
1744639083389 1.0019267822736031e-05 260
1744639126180 9.633911368015415e-06 270
1744639169207 9.248554913294799e-06 280
1744639211926 8.863198458574181e-06 290
1744639254543 8.477842003853565e-06 300
1744639297227 8.092485549132949e-06 310
1744639339654 7.707129094412332e-06 320
1744639382614 7.321772639691715e-06 330
1744639425537 6.936416184971098e-06 340
1744639646094 6.551059730250482e-06 350
1744639688716 6.165703275529865e-06 360
1744639731337 5.78034682080925e-06 370
1744639774027 5.394990366088633e-06 380
1744639817678 5.009633911368016e-06 390
1744639860851 4.6242774566473994e-06 400
1744639903794 4.238921001926782e-06 410
1744639946468 3.853564547206166e-06 420
1744639988743 3.468208092485549e-06 430
1744640031117 3.0828516377649325e-06 440
1744640073804 2.6974951830443163e-06 450
1744640116458 2.3121387283236997e-06 460
1744640158842 1.926782273603083e-06 470
1744640201403 1.5414258188824663e-06 480
1744640243621 1.1560693641618499e-06 490
1744640286187 7.707129094412331e-07 500
1744640328255 3.8535645472061657e-07 510
