1744637833812 3.9383 10
1744637877606 3.6253 20
1744637921142 3.3208 30
1744637964615 3.1075 40
1744638007895 2.9821 50
1744638050565 2.9 60
1744638093163 2.8048 70
1744638136182 2.7381 80
1744638179060 2.6912 90
1744638222143 2.6088 100
1744638264919 2.5553 110
1744638307576 2.4946 120
1744638351348 2.4621 130
1744638394321 2.4043 140
1744638437139 2.3431 150
1744638480144 2.3181 160
1744638523247 2.2463 170
1744638741727 2.2194 180
1744638784416 2.1804 190
1744638827480 2.1211 200
1744638870066 2.0942 210
1744638912703 2.072 220
1744638955683 2.0481 230
1744638998201 2.0201 240
1744639040600 1.9884 250
1744639083389 1.9599 260
1744639126180 1.921 270
1744639169207 1.9161 280
1744639211926 1.8942 290
1744639254543 1.8512 300
1744639297227 1.8799 310
1744639339654 1.8554 320
1744639382614 1.8585 330
1744639425537 1.8111 340
1744639646094 1.8063 350
1744639688716 1.8081 360
1744639731337 1.7636 370
1744639774027 1.7681 380
1744639817678 1.7582 390
1744639860851 1.7434 400
1744639903794 1.7505 410
1744639946468 1.7317 420
1744639988743 1.7233 430
1744640031117 1.7277 440
1744640073804 1.7034 450
1744640116458 1.6996 460
1744640158842 1.6918 470
1744640201403 1.7118 480
1744640243621 1.6962 490
1744640286187 1.6935 500
1744640328255 1.6688 510
