1744571802975 0.2631578947368421 10
1744571811618 0.5263157894736842 20
1744571819850 0.7894736842105263 30
1744571834836 1.0 38
1744571838442 1.0526315789473684 40
1744571846830 1.3157894736842106 50
1744571855191 1.5789473684210527 60
1744571863702 1.8421052631578947 70
1744571875181 2.0 76
1744571880282 2.1052631578947367 80
1744571888745 2.3684210526315788 90
1744571897108 2.6315789473684212 100
1744571905180 2.8947368421052633 110
1744571914706 3.0 114
1744571921537 3.1578947368421053 120
1744571929818 3.4210526315789473 130
1744571938110 3.6842105263157894 140
1744571946597 3.9473684210526314 150
1744571954450 4.0 152
1744571962973 4.2105263157894735 160
1744571971428 4.473684210526316 170
1744571979702 4.7368421052631575 180
1744571987140 5.0 190
1744571993927 5.0 190
1744572004299 5.2631578947368425 200
1744572012680 5.526315789473684 210
1744572020995 5.7894736842105265 220
1744572033730 6.0 228
1744572037505 6.052631578947368 230
1744572045804 6.315789473684211 240
1744572053855 6.578947368421053 250
1744572062177 6.842105263157895 260
1744572073870 7.0 266
1744572079442 7.105263157894737 270
1744572087766 7.368421052631579 280
1744572095943 7.631578947368421 290
1744572104450 7.894736842105263 300
1744572114760 8.0 304
1744572122058 8.157894736842104 310
1744572130620 8.421052631578947 320
1744572139067 8.68421052631579 330
1744572147398 8.947368421052632 340
1744572155420 9.0 342
1744572164219 9.210526315789474 350
1744572172357 9.473684210526315 360
1744572180659 9.736842105263158 370
1744572188310 10.0 380
1744572195179 10.0 380
1744572205749 10.263157894736842 390
1744572213839 10.526315789473685 400
1744572222107 10.789473684210526 410
1744572235380 11.0 418
1744572239051 11.052631578947368 420
1744572247504 11.31578947368421 430
1744572255605 11.578947368421053 440
1744572264033 11.842105263157894 450
1744572275189 12.0 456
1744572280521 12.105263157894736 460
1744572288839 12.368421052631579 470
1744572297407 12.631578947368421 480
1744572305805 12.894736842105264 490
1744572315815 13.0 494
1744572323071 13.157894736842104 500
1744572331368 13.421052631578947 510
1744572340052 13.68421052631579 520
1744572348608 13.947368421052632 530
1744572356230 14.0 532
1744572365111 14.210526315789474 540
1744572373212 14.473684210526315 550
1744572381776 14.736842105263158 560
1744572389045 15.0 570
1744572396187 15.0 570
1744572397929 15.0 570
1744572398512 15.0 0
1744572405276 15.0 570
