1744571802975 0.969913125038147 10
1744571811618 0.9833399057388306 20
1744571819850 0.9351611137390137 30
1744571838442 1.0572775602340698 40
1744571846830 0.9924563765525818 50
1744571855191 1.1499699354171753 60
1744571863702 1.0715545415878296 70
1744571880282 1.0291975736618042 80
1744571888745 1.12406587600708 90
1744571897108 1.0894174575805664 100
1744571905180 1.2050046920776367 110
1744571921537 1.1803842782974243 120
1744571929818 1.1342097520828247 130
1744571938110 1.28458833694458 140
1744571946597 1.2086126804351807 150
1744571962973 1.2136247158050537 160
1744571971428 1.1706516742706299 170
1744571979702 1.2644122838974 180
1744571987140 3.940082311630249 190
1744572004299 1.23184072971344 200
1744572012680 1.2467548847198486 210
1744572020995 1.230902910232544 220
1744572037505 1.378929615020752 230
1744572045804 1.3596409559249878 240
1744572053855 1.51726233959198 250
1744572062177 1.3893449306488037 260
1744572079442 1.409589171409607 270
1744572087766 1.3076292276382446 280
1744572095943 1.531323790550232 290
1744572104450 1.317219614982605 300
1744572122058 1.4250062704086304 310
1744572130620 1.3051425218582153 320
1744572139067 1.3009260892868042 330
1744572147398 1.4680207967758179 340
1744572164219 1.2842127084732056 350
1744572172357 1.349478006362915 360
1744572180659 1.438123345375061 370
1744572188310 3.766974687576294 380
1744572205749 1.5195928812026978 390
1744572213839 1.3618158102035522 400
1744572222107 1.3783570528030396 410
1744572239051 1.3955868482589722 420
1744572247504 1.4910467863082886 430
1744572255605 1.4723114967346191 440
1744572264033 1.4005062580108643 450
1744572280521 1.2753301858901978 460
1744572288839 1.4046438932418823 470
1744572297407 1.5112468004226685 480
1744572305805 1.412038803100586 490
1744572323071 1.3898624181747437 500
1744572331368 1.389801263809204 510
1744572340052 1.668463945388794 520
1744572348608 1.3934723138809204 530
1744572365111 1.4743638038635254 540
1744572373212 1.4275001287460327 550
1744572381776 1.3421794176101685 560
1744572389045 4.857615947723389 570
