1744571802975 9.842105263157896e-06 10
1744571811618 9.666666666666667e-06 20
1744571819850 9.49122807017544e-06 30
1744571838442 9.315789473684212e-06 40
1744571846830 9.140350877192983e-06 50
1744571855191 8.964912280701756e-06 60
1744571863702 8.789473684210527e-06 70
1744571880282 8.6140350877193e-06 80
1744571888745 8.43859649122807e-06 90
1744571897108 8.263157894736843e-06 100
1744571905180 8.087719298245614e-06 110
1744571921537 7.912280701754387e-06 120
1744571929818 7.736842105263158e-06 130
1744571938110 7.5614035087719305e-06 140
1744571946597 7.385964912280702e-06 150
1744571962973 7.210526315789474e-06 160
1744571971428 7.035087719298246e-06 170
1744571979702 6.859649122807019e-06 180
1744571987140 6.68421052631579e-06 190
1744572004299 6.508771929824562e-06 200
1744572012680 6.333333333333333e-06 210
1744572020995 6.157894736842106e-06 220
1744572037505 5.982456140350877e-06 230
1744572045804 5.80701754385965e-06 240
1744572053855 5.631578947368422e-06 250
1744572062177 5.4561403508771935e-06 260
1744572079442 5.280701754385965e-06 270
1744572087766 5.105263157894738e-06 280
1744572095943 4.929824561403509e-06 290
1744572104450 4.754385964912281e-06 300
1744572122058 4.578947368421053e-06 310
1744572130620 4.4035087719298245e-06 320
1744572139067 4.228070175438596e-06 330
1744572147398 4.052631578947368e-06 340
1744572164219 3.877192982456141e-06 350
1744572172357 3.7017543859649123e-06 360
1744572180659 3.5263157894736846e-06 370
1744572188310 3.3508771929824564e-06 380
1744572205749 3.1754385964912282e-06 390
1744572213839 3e-06 400
1744572222107 2.824561403508772e-06 410
1744572239051 2.649122807017544e-06 420
1744572247504 2.473684210526316e-06 430
1744572255605 2.298245614035088e-06 440
1744572264033 2.1228070175438597e-06 450
1744572280521 1.9473684210526315e-06 460
1744572288839 1.7719298245614036e-06 470
1744572297407 1.5964912280701754e-06 480
1744572305805 1.4210526315789475e-06 490
1744572323071 1.2456140350877193e-06 500
1744572331368 1.0701754385964914e-06 510
1744572340052 8.947368421052632e-07 520
1744572348608 7.192982456140352e-07 530
1744572365111 5.438596491228071e-07 540
1744572373212 3.6842105263157896e-07 550
1744572381776 1.929824561403509e-07 560
1744572389045 1.754385964912281e-08 570
