1744571802975 2.6933 10
1744571811618 2.6613 20
1744571819850 2.6313 30
1744571838442 2.6134 40
1744571846830 2.5752 50
1744571855191 2.5377 60
1744571863702 2.5045 70
1744571880282 2.4762 80
1744571888745 2.4449 90
1744571897108 2.409 100
1744571905180 2.3958 110
1744571921537 2.3261 120
1744571929818 2.32 130
1744571938110 2.2971 140
1744571946597 2.2859 150
1744571962973 2.2416 160
1744571971428 2.218 170
1744571979702 2.2042 180
1744571987140 2.1697 190
1744572004299 2.1341 200
1744572012680 2.1302 210
1744572020995 2.1025 220
1744572037505 2.0786 230
1744572045804 2.065 240
1744572053855 2.0591 250
1744572062177 2.0323 260
1744572079442 1.9922 270
1744572087766 2.0007 280
1744572095943 1.9778 290
1744572104450 1.9911 300
1744572122058 1.9747 310
1744572130620 1.9211 320
1744572139067 1.8926 330
1744572147398 1.9301 340
1744572164219 1.9062 350
1744572172357 1.8901 360
1744572180659 1.8802 370
1744572188310 1.87 380
1744572205749 1.8013 390
1744572213839 1.8447 400
1744572222107 1.8809 410
1744572239051 1.8388 420
1744572247504 1.8411 430
1744572255605 1.8195 440
1744572264033 1.7778 450
1744572280521 1.8322 460
1744572288839 1.8056 470
1744572297407 1.7876 480
1744572305805 1.7964 490
1744572323071 1.8268 500
1744572331368 1.7839 510
1744572340052 1.8021 520
1744572348608 1.7644 530
1744572365111 1.7501 540
1744572373212 1.7809 550
1744572381776 1.7981 560
1744572389045 1.8152 570
