1744797965284 0.05181347150259067 10
1744797976118 0.10362694300518134 20
1744797986302 0.15544041450777202 30
1744797996962 0.20725388601036268 40
1744798007174 0.25906735751295334 50
1744798017705 0.31088082901554404 60
1744798028452 0.3626943005181347 70
1744798038577 0.41450777202072536 80
1744798049230 0.46632124352331605 90
1744798059522 0.5181347150259067 100
1744798069955 0.5699481865284974 110
1744798080597 0.6217616580310881 120
1744798090965 0.6735751295336787 130
1744798101148 0.7253886010362695 140
1744798111234 0.7772020725388601 150
1744798121658 0.8290155440414507 160
1744798132044 0.8808290155440415 170
1744798142383 0.9326424870466321 180
1744798152689 0.9844559585492227 190
1744798179355 1.0 193
1744798188500 1.0362694300518134 200
1744798198781 1.0880829015544042 210
1744798209128 1.1398963730569949 220
1744798219375 1.1917098445595855 230
1744798229825 1.2435233160621761 240
1744798240096 1.2953367875647668 250
1744798250234 1.3471502590673574 260
1744798260481 1.3989637305699483 270
1744798270707 1.450777202072539 280
1744798281287 1.5025906735751295 290
1744798291398 1.5544041450777202 300
1744798301774 1.6062176165803108 310
1744798312152 1.6580310880829017 320
1744798322316 1.709844559585492 330
1744798332880 1.761658031088083 340
1744798343034 1.8134715025906736 350
1744798353234 1.8652849740932642 360
1744798363707 1.917098445595855 370
1744798373933 1.9689119170984455 380
1744798402665 2.0 386
1744798409041 2.0207253886010363 390
1744798419341 2.0725388601036268 400
1744798429461 2.1243523316062176 410
1744798440066 2.1761658031088085 420
1744798450573 2.227979274611399 430
1744798461028 2.2797927461139897 440
1744798471349 2.33160621761658 450
1744798481843 2.383419689119171 460
1744798492557 2.4352331606217614 470
1744798502772 2.4870466321243523 480
1744798513027 2.538860103626943 490
1744798523179 2.5906735751295336 500
1744798533480 2.6424870466321244 510
1744798543776 2.694300518134715 520
1744798553862 2.7461139896373057 530
1744798564187 2.7979274611398965 540
1744798574278 2.849740932642487 550
1744798584898 2.901554404145078 560
1744798595141 2.9533678756476682 570
1744798627105 3.0 579
1744798630245 3.005181347150259 580
1744798640586 3.05699481865285 590
1744798651331 3.1088082901554404 600
1744798661374 3.160621761658031 610
1744798671652 3.2124352331606216 620
1744798681992 3.2642487046632125 630
1744798692279 3.3160621761658033 640
1744798702564 3.3678756476683938 650
1744798712824 3.4196891191709846 660
1744798723317 3.471502590673575 670
1744798733419 3.523316062176166 680
1744798743606 3.5751295336787567 690
1744798753723 3.626943005181347 700
1744798764369 3.6787564766839376 710
1744798774913 3.7305699481865284 720
1744798785021 3.7823834196891193 730
1744798795321 3.8341968911917097 740
1744798805520 3.8860103626943006 750
1744798815780 3.937823834196891 760
1744798826010 3.989637305699482 770
1744798850076 4.0 772
1744798860761 4.041450777202073 780
1744798870813 4.0932642487046635 790
1744798881226 4.1450777202072535 800
1744798891952 4.196891191709844 810
1744798902260 4.248704663212435 820
1744798912340 4.300518134715026 830
1744798922801 4.352331606217617 840
1744798933150 4.404145077720207 850
1744798943260 4.455958549222798 860
1744798953529 4.507772020725389 870
1744798963849 4.5595854922279795 880
1744798974223 4.61139896373057 890
1744798984553 4.66321243523316 900
1744798994640 4.715025906735751 910
1744799005050 4.766839378238342 920
1744799015417 4.818652849740933 930
1744799025906 4.870466321243523 940
1744799036322 4.922279792746114 950
1744799046648 4.974093264248705 960
1744799074409 5.0 965
1744799081770 5.025906735751295 970
1744799092338 5.077720207253886 980
1744799102861 5.129533678756476 990
1744799113518 5.181347150259067 1000
1744799123629 5.233160621761658 1010
1744799134180 5.284974093264249 1020
1744799144677 5.33678756476684 1030
1744799155308 5.38860103626943 1040
1744799165622 5.4404145077720205 1050
1744799176119 5.492227979274611 1060
1744799186430 5.544041450777202 1070
1744799196681 5.595854922279793 1080
1744799207082 5.647668393782383 1090
1744799217788 5.699481865284974 1100
1744799228112 5.751295336787565 1110
1744799238344 5.803108808290156 1120
1744799248478 5.8549222797927465 1130
1744799259048 5.9067357512953365 1140
1744799269441 5.958549222797927 1150
1744799300164 6.0 1158
1744799304795 6.010362694300518 1160
1744799314947 6.062176165803109 1170
1744799325289 6.1139896373057 1180
1744799335636 6.16580310880829 1190
1744799345982 6.217616580310881 1200
1744799356256 6.269430051813472 1210
1744799366520 6.321243523316062 1220
1744799376753 6.373056994818652 1230
1744799386808 6.424870466321243 1240
1744799397043 6.476683937823834 1250
1744799407412 6.528497409326425 1260
1744799417741 6.580310880829016 1270
1744799428100 6.632124352331607 1280
1744799438257 6.683937823834197 1290
1744799448514 6.7357512953367875 1300
1744799458697 6.787564766839378 1310
1744799468991 6.839378238341969 1320
1744799479156 6.891191709844559 1330
1744799489453 6.94300518134715 1340
1744799499652 6.994818652849741 1350
1744799523314 7.0 1351
1744799534661 7.046632124352332 1360
1744799544942 7.098445595854923 1370
1744799555343 7.150259067357513 1380
1744799565660 7.2020725388601035 1390
1744799575912 7.253886010362694 1400
1744799586813 7.305699481865285 1410
1744799597342 7.357512953367876 1420
1744799607634 7.409326424870466 1430
1744799617948 7.461139896373057 1440
1744799628283 7.512953367875648 1450
1744799638606 7.564766839378239 1460
1744799649106 7.616580310880829 1470
1744799660074 7.668393782383419 1480
1744799670544 7.72020725388601 1490
1744799680903 7.772020725388601 1500
1744799690992 7.823834196891192 1510
1744799701520 7.875647668393782 1520
1744799711757 7.927461139896373 1530
1744799721864 7.979274611398964 1540
1744799748505 8.0 1544
1744799756822 8.031088082901555 1550
1744799767185 8.082901554404145 1560
1744799777695 8.134715025906736 1570
1744799788134 8.186528497409327 1580
1744799798316 8.238341968911918 1590
1744799808671 8.290155440414507 1600
1744799818885 8.341968911917098 1610
1744799828983 8.393782383419689 1620
1744799839258 8.44559585492228 1630
1744799849326 8.49740932642487 1640
1744799859486 8.549222797927461 1650
1744799869962 8.601036269430052 1660
1744799880079 8.652849740932643 1670
1744799890286 8.704663212435234 1680
1744799900440 8.756476683937823 1690
1744799910878 8.808290155440414 1700
1744799921037 8.860103626943005 1710
1744799931371 8.911917098445596 1720
1744799941819 8.963730569948186 1730
1744799971197 9.0 1737
1744799976416 9.015544041450777 1740
1744799986785 9.067357512953368 1750
1744799997100 9.119170984455959 1760
1744800007655 9.17098445595855 1770
1744800018200 9.22279792746114 1780
1744800028358 9.27461139896373 1790
1744800038803 9.32642487046632 1800
1744800049239 9.378238341968911 1810
1744800059730 9.430051813471502 1820
1744800070046 9.481865284974093 1830
1744800080225 9.533678756476684 1840
1744800090737 9.585492227979275 1850
1744800101315 9.637305699481866 1860
1744800111883 9.689119170984457 1870
1744800122090 9.740932642487046 1880
1744800132190 9.792746113989637 1890
1744800142603 9.844559585492227 1900
1744800152787 9.896373056994818 1910
1744800163145 9.94818652849741 1920
1744800172689 10.0 1930
1744800195968 10.0 1930
1744800208544 10.05181347150259 1940
1744800218646 10.103626943005182 1950
1744800228858 10.155440414507773 1960
1744800239099 10.207253886010363 1970
1744800249348 10.259067357512953 1980
1744800259578 10.310880829015543 1990
1744800270273 10.362694300518134 2000
1744800280601 10.414507772020725 2010
1744800290764 10.466321243523316 2020
1744800301365 10.518134715025907 2030
1744800311616 10.569948186528498 2040
1744800322405 10.621761658031089 2050
1744800332893 10.67357512953368 2060
1744800343189 10.72538860103627 2070
1744800353468 10.77720207253886 2080
1744800363724 10.82901554404145 2090
1744800373949 10.880829015544041 2100
1744800384459 10.932642487046632 2110
1744800394894 10.984455958549223 2120
1744800420476 11.0 2123
1744800429726 11.036269430051814 2130
1744800440460 11.088082901554404 2140
1744800451237 11.139896373056995 2150
1744800461343 11.191709844559586 2160
1744800471584 11.243523316062177 2170
1744800482265 11.295336787564766 2180
1744800492968 11.347150259067357 2190
1744800503298 11.398963730569948 2200
1744800513582 11.450777202072539 2210
1744800524043 11.50259067357513 2220
1744800534680 11.55440414507772 2230
1744800544979 11.606217616580311 2240
1744800555086 11.658031088082902 2250
1744800565512 11.709844559585493 2260
1744800575781 11.761658031088082 2270
1744800586155 11.813471502590673 2280
1744800596243 11.865284974093264 2290
1744800606529 11.917098445595855 2300
1744800616909 11.968911917098445 2310
1744800645180 12.0 2316
1744800651433 12.020725388601036 2320
1744800661599 12.072538860103627 2330
1744800672209 12.124352331606218 2340
1744800682395 12.176165803108809 2350
1744800692874 12.2279792746114 2360
1744800703669 12.279792746113989 2370
1744800714266 12.33160621761658 2380
1744800724591 12.38341968911917 2390
1744800734844 12.435233160621761 2400
1744800745179 12.487046632124352 2410
1744800755503 12.538860103626943 2420
1744800765654 12.590673575129534 2430
1744800775902 12.642487046632125 2440
1744800786042 12.694300518134716 2450
1744800796244 12.746113989637305 2460
1744800806406 12.797927461139896 2470
1744800816950 12.849740932642487 2480
1744800827652 12.901554404145077 2490
1744800837799 12.953367875647668 2500
1744800869773 13.0 2509
1744800872839 13.005181347150259 2510
1744800882994 13.05699481865285 2520
1744800893100 13.10880829015544 2530
1744800903749 13.160621761658032 2540
1744800914506 13.212435233160623 2550
1744800924738 13.264248704663212 2560
1744800935228 13.316062176165802 2570
1744800945390 13.367875647668393 2580
1744800956057 13.419689119170984 2590
1744800966449 13.471502590673575 2600
1744800976900 13.523316062176166 2610
1744800987317 13.575129533678757 2620
1744800997475 13.626943005181348 2630
1744801007824 13.678756476683938 2640
1744801017935 13.73056994818653 2650
1744801028381 13.782383419689118 2660
1744801038805 13.83419689119171 2670
1744801049141 13.8860103626943 2680
1744801059643 13.937823834196891 2690
1744801069887 13.989637305699482 2700
1744801094785 14.0 2702
1744801105101 14.041450777202073 2710
1744801115424 14.093264248704664 2720
1744801125760 14.145077720207254 2730
1744801135866 14.196891191709845 2740
1744801146182 14.248704663212436 2750
1744801156496 14.300518134715025 2760
1744801166886 14.352331606217616 2770
1744801177028 14.404145077720207 2780
1744801187445 14.455958549222798 2790
1744801197805 14.507772020725389 2800
1744801207918 14.55958549222798 2810
1744801218325 14.61139896373057 2820
1744801228440 14.663212435233161 2830
1744801238893 14.715025906735752 2840
1744801249204 14.766839378238341 2850
1744801259471 14.818652849740932 2860
1744801269954 14.870466321243523 2870
1744801280434 14.922279792746114 2880
1744801290918 14.974093264248705 2890
1744801318739 15.0 2895
1744801325969 15.025906735751295 2900
1744801336423 15.077720207253886 2910
1744801346599 15.129533678756477 2920
1744801356997 15.181347150259068 2930
1744801367245 15.233160621761659 2940
1744801377486 15.284974093264248 2950
1744801387782 15.336787564766839 2960
1744801398255 15.38860103626943 2970
1744801408920 15.44041450777202 2980
1744801419226 15.492227979274611 2990
1744801429822 15.544041450777202 3000
1744801440399 15.595854922279793 3010
1744801450867 15.647668393782384 3020
1744801461111 15.699481865284975 3030
1744801471447 15.751295336787564 3040
1744801481726 15.803108808290155 3050
1744801492071 15.854922279792746 3060
1744801502590 15.906735751295336 3070
1744801512683 15.958549222797927 3080
1744801543858 16.0 3088
1744801548055 16.010362694300518 3090
1744801558470 16.06217616580311 3100
1744801568973 16.1139896373057 3110
1744801579257 16.16580310880829 3120
1744801589454 16.21761658031088 3130
1744801599594 16.269430051813472 3140
1744801610146 16.321243523316063 3150
1744801620399 16.373056994818654 3160
1744801630526 16.424870466321245 3170
1744801640885 16.476683937823836 3180
1744801651048 16.528497409326423 3190
1744801661748 16.580310880829014 3200
1744801671858 16.632124352331605 3210
1744801682132 16.683937823834196 3220
1744801692332 16.735751295336787 3230
1744801702431 16.787564766839377 3240
1744801712669 16.83937823834197 3250
1744801723002 16.89119170984456 3260
1744801733505 16.94300518134715 3270
1744801743637 16.99481865284974 3280
1744801767326 17.0 3281
1744801778713 17.04663212435233 3290
1744801789076 17.098445595854923 3300
1744801799247 17.150259067357513 3310
1744801809543 17.202072538860104 3320
1744801819959 17.253886010362695 3330
1744801830163 17.305699481865286 3340
1744801840415 17.357512953367877 3350
1744801850687 17.409326424870468 3360
1744801860797 17.46113989637306 3370
1744801871091 17.512953367875646 3380
1744801881248 17.564766839378237 3390
1744801891571 17.616580310880828 3400
1744801901766 17.66839378238342 3410
1744801912012 17.72020725388601 3420
1744801922455 17.7720207253886 3430
1744801932559 17.82383419689119 3440
1744801943300 17.875647668393782 3450
1744801953513 17.927461139896373 3460
1744801963886 17.979274611398964 3470
1744801990763 18.0 3474
1744801999138 18.031088082901555 3480
1744802009389 18.082901554404145 3490
1744802019858 18.134715025906736 3500
1744802030155 18.186528497409327 3510
1744802040933 18.238341968911918 3520
1744802051182 18.29015544041451 3530
1744802061588 18.3419689119171 3540
1744802072319 18.39378238341969 3550
1744802082612 18.44559585492228 3560
1744802093132 18.497409326424872 3570
1744802103341 18.54922279792746 3580
1744802113714 18.60103626943005 3590
1744802124147 18.65284974093264 3600
1744802134824 18.704663212435232 3610
1744802144931 18.756476683937823 3620
1744802155188 18.808290155440414 3630
1744802165313 18.860103626943005 3640
1744802175576 18.911917098445596 3650
1744802185830 18.963730569948186 3660
1744802215446 19.0 3667
1744802220708 19.015544041450777 3670
1744802231185 19.067357512953368 3680
1744802241527 19.11917098445596 3690
1744802251636 19.17098445595855 3700
1744802262120 19.22279792746114 3710
1744802272196 19.27461139896373 3720
1744802282845 19.326424870466322 3730
1744802293058 19.378238341968913 3740
1744802303181 19.430051813471504 3750
1744802313410 19.481865284974095 3760
1744802323479 19.533678756476682 3770
1744802334102 19.585492227979273 3780
1744802344394 19.637305699481864 3790
1744802354930 19.689119170984455 3800
1744802365301 19.740932642487046 3810
1744802375475 19.792746113989637 3820
1744802385942 19.844559585492227 3830
1744802396190 19.89637305699482 3840
1744802406628 19.94818652849741 3850
1744802416410 20.0 3860
1744802439792 20.0 3860
1744802452140 20.05181347150259 3870
1744802462288 20.10362694300518 3880
1744802472548 20.155440414507773 3890
1744802482673 20.207253886010363 3900
1744802492906 20.259067357512954 3910
1744802503116 20.310880829015545 3920
1744802513228 20.362694300518136 3930
1744802523605 20.414507772020727 3940
1744802534137 20.466321243523318 3950
1744802544951 20.518134715025905 3960
1744802555252 20.569948186528496 3970
1744802565712 20.621761658031087 3980
1744802576548 20.673575129533678 3990
1744802586984 20.72538860103627 4000
1744802597535 20.77720207253886 4010
1744802608203 20.82901554404145 4020
1744802618817 20.88082901554404 4030
1744802629211 20.932642487046632 4040
1744802639295 20.984455958549223 4050
1744802664647 21.0 4053
1744802673809 21.036269430051814 4060
1744802684079 21.088082901554404 4070
1744802694191 21.139896373056995 4080
1744802704442 21.191709844559586 4090
1744802714534 21.243523316062177 4100
1744802724814 21.295336787564768 4110
1744802735137 21.34715025906736 4120
1744802745380 21.39896373056995 4130
1744802755771 21.45077720207254 4140
1744802766049 21.502590673575128 4150
1744802776404 21.55440414507772 4160
1744802786830 21.60621761658031 4170
1744802797022 21.6580310880829 4180
1744802807298 21.70984455958549 4190
1744802817774 21.761658031088082 4200
1744802828354 21.813471502590673 4210
1744802838447 21.865284974093264 4220
1744802848872 21.917098445595855 4230
1744802859364 21.968911917098445 4240
1744802888053 22.0 4246
1744802894474 22.020725388601036 4250
1744802904723 22.072538860103627 4260
1744802915132 22.124352331606218 4270
1744802925228 22.17616580310881 4280
1744802935441 22.2279792746114 4290
1744802946099 22.27979274611399 4300
1744802956467 22.33160621761658 4310
1744802967113 22.383419689119172 4320
1744802977863 22.435233160621763 4330
1744802988096 22.487046632124354 4340
1744802998195 22.53886010362694 4350
1744803008524 22.590673575129532 4360
1744803018908 22.642487046632123 4370
1744803029093 22.694300518134714 4380
1744803039356 22.746113989637305 4390
1744803049539 22.797927461139896 4400
1744803060028 22.849740932642487 4410
1744803070499 22.901554404145077 4420
1744803080945 22.95336787564767 4430
1744803112869 23.0 4439
1744803115993 23.00518134715026 4440
1744803126597 23.05699481865285 4450
1744803137108 23.10880829015544 4460
1744803147602 23.16062176165803 4470
1744803158014 23.212435233160623 4480
1744803168253 23.264248704663213 4490
1744803178653 23.316062176165804 4500
1744803189194 23.367875647668395 4510
1744803199447 23.419689119170986 4520
1744803209689 23.471502590673577 4530
1744803219946 23.523316062176164 4540
1744803230301 23.575129533678755 4550
1744803240609 23.626943005181346 4560
1744803251190 23.678756476683937 4570
1744803261473 23.730569948186528 4580
1744803271757 23.78238341968912 4590
1744803281966 23.83419689119171 4600
1744803292567 23.8860103626943 4610
1744803302972 23.93782383419689 4620
1744803313075 23.989637305699482 4630
1744803337550 24.0 4632
1744803347914 24.041450777202073 4640
1744803358153 24.093264248704664 4650
1744803368247 24.145077720207254 4660
1744803378529 24.196891191709845 4670
1744803388737 24.248704663212436 4680
1744803399233 24.300518134715027 4690
1744803409558 24.352331606217618 4700
1744803419653 24.40414507772021 4710
1744803429928 24.4559585492228 4720
1744803440278 24.50777202072539 4730
1744803450991 24.559585492227978 4740
1744803461155 24.61139896373057 4750
1744803471405 24.66321243523316 4760
1744803481826 24.71502590673575 4770
1744803492049 24.76683937823834 4780
1744803502462 24.818652849740932 4790
1744803513011 24.870466321243523 4800
1744803523307 24.922279792746114 4810
1744803534248 24.974093264248705 4820
1744803561713 25.0 4825
1744803569373 25.025906735751295 4830
1744803579463 25.077720207253886 4840
1744803589680 25.129533678756477 4850
1744803599926 25.181347150259068 4860
1744803610586 25.23316062176166 4870
1744803621528 25.28497409326425 4880
1744803631942 25.33678756476684 4890
1744803642517 25.38860103626943 4900
1744803653107 25.440414507772022 4910
1744803663364 25.49222797927461 4920
1744803673522 25.5440414507772 4930
1744803683780 25.59585492227979 4940
1744803694110 25.647668393782382 4950
1744803704249 25.699481865284973 4960
1744803714564 25.751295336787564 4970
1744803724809 25.803108808290155 4980
1744803735034 25.854922279792746 4990
1744803745142 25.906735751295336 5000
1744803755453 25.958549222797927 5010
1744803786020 26.0 5018
1744803790288 26.010362694300518 5020
1744803800688 26.06217616580311 5030
1744803811096 26.1139896373057 5040
1744803821504 26.16580310880829 5050
1744803831838 26.21761658031088 5060
1744803842583 26.269430051813472 5070
1744803853207 26.321243523316063 5080
1744803863440 26.373056994818654 5090
1744803873752 26.424870466321245 5100
1744803884026 26.476683937823836 5110
1744803894335 26.528497409326423 5120
1744803904892 26.580310880829014 5130
1744803915150 26.632124352331605 5140
1744803925658 26.683937823834196 5150
1744803936157 26.735751295336787 5160
1744803946755 26.787564766839377 5170
1744803956972 26.83937823834197 5180
1744803967468 26.89119170984456 5190
1744803977871 26.94300518134715 5200
1744803987789 26.99481865284974 5210
1744804011616 27.0 5211
1744804022987 27.04663212435233 5220
1744804033391 27.098445595854923 5230
1744804043616 27.150259067357513 5240
1744804054162 27.202072538860104 5250
1744804064749 27.253886010362695 5260
1744804075256 27.305699481865286 5270
1744804085842 27.357512953367877 5280
1744804095972 27.409326424870468 5290
1744804106216 27.46113989637306 5300
1744804116448 27.512953367875646 5310
1744804126686 27.564766839378237 5320
1744804137120 27.616580310880828 5330
1744804147248 27.66839378238342 5340
1744804157828 27.72020725388601 5350
1744804168184 27.7720207253886 5360
1744804178380 27.82383419689119 5370
1744804188987 27.875647668393782 5380
1744804199264 27.927461139896373 5390
1744804209574 27.979274611398964 5400
1744804236075 28.0 5404
1744804244397 28.031088082901555 5410
1744804254776 28.082901554404145 5420
1744804265133 28.134715025906736 5430
1744804275518 28.186528497409327 5440
1744804286131 28.238341968911918 5450
1744804296771 28.29015544041451 5460
1744804307160 28.3419689119171 5470
1744804317388 28.39378238341969 5480
1744804327525 28.44559585492228 5490
1744804337822 28.497409326424872 5500
1744804348021 28.54922279792746 5510
1744804358307 28.60103626943005 5520
1744804368776 28.65284974093264 5530
1744804379224 28.704663212435232 5540
1744804389489 28.756476683937823 5550
1744804399628 28.808290155440414 5560
1744804409826 28.860103626943005 5570
1744804420071 28.911917098445596 5580
1744804430644 28.963730569948186 5590
1744804460891 29.0 5597
1744804466155 29.015544041450777 5600
1744804476846 29.067357512953368 5610
1744804487236 29.11917098445596 5620
1744804497389 29.17098445595855 5630
1744804507787 29.22279792746114 5640
1744804518223 29.27461139896373 5650
1744804528737 29.326424870466322 5660
1744804539105 29.378238341968913 5670
1744804549376 29.430051813471504 5680
1744804559875 29.481865284974095 5690
1744804570219 29.533678756476682 5700
1744804580488 29.585492227979273 5710
1744804590805 29.637305699481864 5720
1744804601233 29.689119170984455 5730
1744804611345 29.740932642487046 5740
1744804621761 29.792746113989637 5750
1744804631972 29.844559585492227 5760
1744804642203 29.89637305699482 5770
1744804652603 29.94818652849741 5780
1744804662428 30.0 5790
1744804686028 30.0 5790
1744804687811 30.0 5790
1744804688357 30.0 0
1744804711493 30.0 5790
