1744797965284 3.3866512775421143 10
1744797976118 3.3647119998931885 20
1744797986302 3.1941144466400146 30
1744797996962 3.1813149452209473 40
1744798007174 3.2989845275878906 50
1744798017705 3.483365774154663 60
1744798028452 4.151253700256348 70
1744798038577 4.222471237182617 80
1744798049230 4.551825046539307 90
1744798059522 5.658675193786621 100
1744798069955 4.853870391845703 110
1744798080597 4.757883071899414 120
1744798090965 4.596956729888916 130
1744798101148 4.973133087158203 140
1744798111234 5.004485607147217 150
1744798121658 5.34014892578125 160
1744798132044 5.397557735443115 170
1744798142383 5.4011054039001465 180
1744798152689 4.922579765319824 190
1744798188500 4.8086042404174805 200
1744798198781 5.704085350036621 210
1744798209128 4.836971282958984 220
1744798219375 5.378270149230957 230
1744798229825 5.4898457527160645 240
1744798240096 5.4689812660217285 250
1744798250234 5.364716053009033 260
1744798260481 5.441940784454346 270
1744798270707 5.475099086761475 280
1744798281287 4.896223068237305 290
1744798291398 4.8293609619140625 300
1744798301774 5.8189921379089355 310
1744798312152 5.035162448883057 320
1744798322316 4.365243911743164 330
1744798332880 5.960309028625488 340
1744798343034 4.70978307723999 350
1744798353234 5.394843101501465 360
1744798363707 5.736214637756348 370
1744798373933 5.2014546394348145 380
1744798409041 5.886595726013184 390
1744798419341 4.771787643432617 400
1744798429461 4.512314319610596 410
1744798440066 5.634368896484375 420
1744798450573 4.601859092712402 430
1744798461028 5.33461856842041 440
1744798471349 5.623978137969971 450
1744798481843 5.371259689331055 460
1744798492557 5.187229633331299 470
1744798502772 4.342215538024902 480
1744798513027 4.625604629516602 490
1744798523179 5.410568714141846 500
1744798533480 5.113541603088379 510
1744798543776 4.502338886260986 520
1744798553862 6.4516921043396 530
1744798564187 5.4942755699157715 540
1744798574278 4.6814727783203125 550
1744798584898 5.002346038818359 560
1744798595141 4.682845115661621 570
1744798630245 5.635660171508789 580
1744798640586 4.670661926269531 590
1744798651331 4.195660591125488 600
1744798661374 4.225274085998535 610
1744798671652 4.230439186096191 620
1744798681992 4.507720470428467 630
1744798692279 4.987734317779541 640
1744798702564 4.838475227355957 650
1744798712824 5.113827705383301 660
1744798723317 5.039174556732178 670
1744798733419 4.5350189208984375 680
1744798743606 4.1937994956970215 690
1744798753723 4.556258201599121 700
1744798764369 4.063053131103516 710
1744798774913 4.7958526611328125 720
1744798785021 4.829655170440674 730
1744798795321 4.1448822021484375 740
1744798805520 4.570340156555176 750
1744798815780 4.647773742675781 760
1744798826010 3.7418477535247803 770
1744798860761 4.604868412017822 780
1744798870813 4.004477500915527 790
1744798881226 3.992274761199951 800
1744798891952 4.433384895324707 810
1744798902260 4.582891941070557 820
1744798912340 4.707834720611572 830
1744798922801 4.331192970275879 840
1744798933150 3.887925148010254 850
1744798943260 4.949655532836914 860
1744798953529 3.944767475128174 870
1744798963849 4.442633628845215 880
1744798974223 5.461062908172607 890
1744798984553 4.030115127563477 900
1744798994640 4.67053747177124 910
1744799005050 4.4045867919921875 920
1744799015417 3.9539852142333984 930
1744799025906 5.074345111846924 940
1744799036322 5.26639986038208 950
1744799046648 3.7492496967315674 960
1744799081770 4.253757476806641 970
1744799092338 4.050928592681885 980
1744799102861 3.6327033042907715 990
1744799113518 5.023293972015381 1000
1744799123629 4.167062282562256 1010
1744799134180 3.424396514892578 1020
1744799144677 4.452804088592529 1030
1744799155308 3.903317451477051 1040
1744799165622 4.741885185241699 1050
1744799176119 4.427008152008057 1060
1744799186430 5.057788372039795 1070
1744799196681 4.961658000946045 1080
1744799207082 4.17808723449707 1090
1744799217788 4.259710311889648 1100
1744799228112 3.8113651275634766 1110
1744799238344 4.515214443206787 1120
1744799248478 5.285454273223877 1130
1744799259048 4.572723865509033 1140
1744799269441 3.8743245601654053 1150
1744799304795 3.6037464141845703 1160
1744799314947 4.621425151824951 1170
1744799325289 4.296656608581543 1180
1744799335636 4.132663726806641 1190
1744799345982 4.545937538146973 1200
1744799356256 4.268906593322754 1210
1744799366520 3.650360584259033 1220
1744799376753 3.440016031265259 1230
1744799386808 4.322179317474365 1240
1744799397043 3.2811408042907715 1250
1744799407412 4.006700038909912 1260
1744799417741 3.8870902061462402 1270
1744799428100 4.823385238647461 1280
1744799438257 3.725708484649658 1290
1744799448514 3.99467134475708 1300
1744799458697 5.323396682739258 1310
1744799468991 4.779351711273193 1320
1744799479156 3.947652578353882 1330
1744799489453 4.771769046783447 1340
1744799499652 3.316985607147217 1350
1744799534661 3.8832225799560547 1360
1744799544942 3.917605400085449 1370
1744799555343 3.829805612564087 1380
1744799565660 4.960690498352051 1390
1744799575912 3.9468512535095215 1400
1744799586813 3.5483882427215576 1410
1744799597342 3.0934531688690186 1420
1744799607634 4.004650592803955 1430
1744799617948 3.629589796066284 1440
1744799628283 4.767333507537842 1450
1744799638606 3.26570725440979 1460
1744799649106 3.6828954219818115 1470
1744799660074 3.8629112243652344 1480
1744799670544 4.6511921882629395 1490
1744799680903 4.6874494552612305 1500
1744799690992 4.775476932525635 1510
1744799701520 3.4417052268981934 1520
1744799711757 4.555323123931885 1530
1744799721864 3.677851676940918 1540
1744799756822 3.2245235443115234 1550
1744799767185 3.6722028255462646 1560
1744799777695 3.6707358360290527 1570
1744799788134 3.432347297668457 1580
1744799798316 3.732879877090454 1590
1744799808671 4.633871555328369 1600
1744799818885 4.284864902496338 1610
1744799828983 3.0097413063049316 1620
1744799839258 4.286057949066162 1630
1744799849326 3.6572840213775635 1640
1744799859486 3.8491337299346924 1650
1744799869962 3.6961841583251953 1660
1744799880079 4.503636837005615 1670
1744799890286 4.277031421661377 1680
1744799900440 3.9279606342315674 1690
1744799910878 4.596937656402588 1700
1744799921037 2.763664960861206 1710
1744799931371 3.8387672901153564 1720
1744799941819 4.092100620269775 1730
1744799976416 5.327596187591553 1740
1744799986785 3.8224573135375977 1750
1744799997100 4.917759418487549 1760
1744800007655 4.225521087646484 1770
1744800018200 3.605181932449341 1780
1744800028358 3.3718369007110596 1790
1744800038803 3.386854410171509 1800
1744800049239 4.42245626449585 1810
1744800059730 4.426352500915527 1820
1744800070046 3.4756059646606445 1830
1744800080225 3.9226248264312744 1840
1744800090737 3.6524620056152344 1850
1744800101315 3.7742137908935547 1860
1744800111883 4.104922294616699 1870
1744800122090 3.85715913772583 1880
1744800132190 4.838784694671631 1890
1744800142603 3.7074391841888428 1900
1744800152787 4.200064182281494 1910
1744800163145 4.611579418182373 1920
1744800172689 4.888514041900635 1930
1744800208544 4.003256320953369 1940
1744800218646 4.398447036743164 1950
1744800228858 3.3489134311676025 1960
1744800239099 3.8974976539611816 1970
1744800249348 4.3766865730285645 1980
1744800259578 4.5140252113342285 1990
1744800270273 3.764514207839966 2000
1744800280601 3.652970790863037 2010
1744800290764 3.9502267837524414 2020
1744800301365 3.8458595275878906 2030
1744800311616 4.722585678100586 2040
1744800322405 4.06562614440918 2050
1744800332893 3.7436132431030273 2060
1744800343189 3.3376102447509766 2070
1744800353468 3.7401533126831055 2080
1744800363724 3.101893901824951 2090
1744800373949 4.154105186462402 2100
1744800384459 4.761605262756348 2110
1744800394894 3.633733034133911 2120
1744800429726 3.425384521484375 2130
1744800440460 3.8135428428649902 2140
1744800451237 3.6658880710601807 2150
1744800461343 3.812774658203125 2160
1744800471584 3.688424587249756 2170
1744800482265 3.8261311054229736 2180
1744800492968 3.3567757606506348 2190
1744800503298 3.7195184230804443 2200
1744800513582 3.687849998474121 2210
1744800524043 4.047746181488037 2220
1744800534680 4.036518573760986 2230
1744800544979 3.1256213188171387 2240
1744800555086 3.694979190826416 2250
1744800565512 4.295208930969238 2260
1744800575781 3.002018451690674 2270
1744800586155 4.569179534912109 2280
1744800596243 3.8280751705169678 2290
1744800606529 3.682180881500244 2300
1744800616909 4.501809120178223 2310
1744800651433 2.875429630279541 2320
1744800661599 4.067348003387451 2330
1744800672209 3.7859532833099365 2340
1744800682395 2.558915853500366 2350
1744800692874 4.305173397064209 2360
1744800703669 3.812293767929077 2370
1744800714266 3.858891248703003 2380
1744800724591 3.6217100620269775 2390
1744800734844 4.5369553565979 2400
1744800745179 3.3605122566223145 2410
1744800755503 3.8569467067718506 2420
1744800765654 3.313328742980957 2430
1744800775902 4.114095211029053 2440
1744800786042 4.381228446960449 2450
1744800796244 3.807004690170288 2460
1744800806406 3.758450746536255 2470
1744800816950 4.000612258911133 2480
1744800827652 4.340606689453125 2490
1744800837799 3.2886760234832764 2500
1744800872839 3.44120717048645 2510
1744800882994 3.848555088043213 2520
1744800893100 3.1964900493621826 2530
1744800903749 3.475588321685791 2540
1744800914506 3.388193368911743 2550
1744800924738 3.6789703369140625 2560
1744800935228 3.921145439147949 2570
1744800945390 4.193032264709473 2580
1744800956057 3.018928289413452 2590
1744800966449 3.4748239517211914 2600
1744800976900 4.077032089233398 2610
1744800987317 4.731950759887695 2620
1744800997475 3.6246492862701416 2630
1744801007824 4.023260116577148 2640
1744801017935 3.5559144020080566 2650
1744801028381 4.939423084259033 2660
1744801038805 4.338312149047852 2670
1744801049141 4.968658447265625 2680
1744801059643 3.142075777053833 2690
1744801069887 3.368619441986084 2700
1744801105101 3.5525379180908203 2710
1744801115424 4.105042934417725 2720
1744801125760 3.917250633239746 2730
1744801135866 3.6418843269348145 2740
1744801146182 4.267348289489746 2750
1744801156496 2.632554292678833 2760
1744801166886 4.123134136199951 2770
1744801177028 4.297942161560059 2780
1744801187445 2.9384543895721436 2790
1744801197805 4.848324775695801 2800
1744801207918 4.898072242736816 2810
1744801218325 4.027889728546143 2820
1744801228440 3.321199655532837 2830
1744801238893 3.0372750759124756 2840
1744801249204 4.508836269378662 2850
1744801259471 3.961308479309082 2860
1744801269954 3.9952890872955322 2870
1744801280434 4.2623820304870605 2880
1744801290918 3.079279899597168 2890
1744801325969 3.6401872634887695 2900
1744801336423 4.1368913650512695 2910
1744801346599 4.229739665985107 2920
1744801356997 4.035902976989746 2930
1744801367245 3.698265790939331 2940
1744801377486 3.0466742515563965 2950
1744801387782 3.4466567039489746 2960
1744801398255 3.6801953315734863 2970
1744801408920 3.4453108310699463 2980
1744801419226 3.5257906913757324 2990
1744801429822 4.094751834869385 3000
1744801440399 3.201495885848999 3010
1744801450867 4.029104232788086 3020
1744801461111 4.820381164550781 3030
1744801471447 3.507399559020996 3040
1744801481726 4.7109808921813965 3050
1744801492071 3.9174318313598633 3060
1744801502590 3.203854560852051 3070
1744801512683 4.243566513061523 3080
1744801548055 2.937053918838501 3090
1744801558470 3.810047149658203 3100
1744801568973 2.8752543926239014 3110
1744801579257 2.9991259574890137 3120
1744801589454 3.3670461177825928 3130
1744801599594 2.2840254306793213 3140
1744801610146 4.279501914978027 3150
1744801620399 4.764041423797607 3160
1744801630526 3.0120856761932373 3170
1744801640885 3.330639123916626 3180
1744801651048 3.173591136932373 3190
1744801661748 4.156167984008789 3200
1744801671858 3.207930326461792 3210
1744801682132 3.734985589981079 3220
1744801692332 3.6766061782836914 3230
1744801702431 3.898083209991455 3240
1744801712669 3.2860043048858643 3250
1744801723002 2.848615884780884 3260
1744801733505 3.3748161792755127 3270
1744801743637 3.4647436141967773 3280
1744801778713 4.451831817626953 3290
1744801789076 3.778050661087036 3300
1744801799247 3.303689479827881 3310
1744801809543 3.39551043510437 3320
1744801819959 2.9526424407958984 3330
1744801830163 4.065413951873779 3340
1744801840415 3.5955405235290527 3350
1744801850687 3.912076473236084 3360
1744801860797 3.753253936767578 3370
1744801871091 3.3249073028564453 3380
1744801881248 3.7276031970977783 3390
1744801891571 3.649061679840088 3400
1744801901766 3.5679008960723877 3410
1744801912012 3.6471340656280518 3420
1744801922455 3.522210121154785 3430
1744801932559 3.3503365516662598 3440
1744801943300 4.339068412780762 3450
1744801953513 3.743001699447632 3460
1744801963886 4.560619831085205 3470
1744801999138 3.270969867706299 3480
1744802009389 2.88082218170166 3490
1744802019858 4.690906047821045 3500
1744802030155 3.656208038330078 3510
1744802040933 3.1481590270996094 3520
1744802051182 3.8391358852386475 3530
1744802061588 3.8763575553894043 3540
1744802072319 3.383852958679199 3550
1744802082612 3.954097032546997 3560
1744802093132 3.829693555831909 3570
1744802103341 3.4316418170928955 3580
1744802113714 3.3134052753448486 3590
1744802124147 3.9227397441864014 3600
1744802134824 3.1147119998931885 3610
1744802144931 3.112617254257202 3620
1744802155188 3.1570849418640137 3630
1744802165313 3.0891776084899902 3640
1744802175576 3.004819393157959 3650
1744802185830 3.734630584716797 3660
1744802220708 3.4914016723632812 3670
1744802231185 2.8375322818756104 3680
1744802241527 3.8579463958740234 3690
1744802251636 3.4042418003082275 3700
1744802262120 4.0098347663879395 3710
1744802272196 3.873061180114746 3720
1744802282845 3.6409759521484375 3730
1744802293058 3.068939208984375 3740
1744802303181 3.482792377471924 3750
1744802313410 3.351672649383545 3760
1744802323479 3.955022096633911 3770
1744802334102 3.850709915161133 3780
1744802344394 4.398836135864258 3790
1744802354930 4.079217910766602 3800
1744802365301 3.7108218669891357 3810
1744802375475 3.7103283405303955 3820
1744802385942 3.8956663608551025 3830
1744802396190 3.9562411308288574 3840
1744802406628 3.1192610263824463 3850
1744802416410 4.626869201660156 3860
1744802452140 2.4484846591949463 3870
1744802462288 4.308135509490967 3880
1744802472548 2.9250612258911133 3890
1744802482673 3.1923491954803467 3900
1744802492906 4.549152374267578 3910
1744802503116 3.6509406566619873 3920
1744802513228 4.462104797363281 3930
1744802523605 3.296501874923706 3940
1744802534137 4.354301452636719 3950
1744802544951 2.6772987842559814 3960
1744802555252 2.895918369293213 3970
1744802565712 3.6725521087646484 3980
1744802576548 2.5351531505584717 3990
1744802586984 2.8663408756256104 4000
1744802597535 3.0495941638946533 4010
1744802608203 4.604751110076904 4020
1744802618817 3.438951015472412 4030
1744802629211 3.764951467514038 4040
1744802639295 3.8318634033203125 4050
1744802673809 2.7736501693725586 4060
1744802684079 2.6238694190979004 4070
1744802694191 4.177541255950928 4080
1744802704442 3.0061657428741455 4090
1744802714534 3.9776785373687744 4100
1744802724814 3.2524969577789307 4110
1744802735137 3.6997220516204834 4120
1744802745380 4.36959981918335 4130
1744802755771 4.025319576263428 4140
1744802766049 3.8229620456695557 4150
1744802776404 3.0112924575805664 4160
1744802786830 3.4988763332366943 4170
1744802797022 4.14634895324707 4180
1744802807298 3.349545955657959 4190
1744802817774 3.647520065307617 4200
1744802828354 3.3114778995513916 4210
1744802838447 3.4632678031921387 4220
1744802848872 4.078773021697998 4230
1744802859364 3.6757566928863525 4240
1744802894474 3.7389941215515137 4250
1744802904723 3.779794931411743 4260
1744802915132 3.852034568786621 4270
1744802925228 2.9666748046875 4280
1744802935441 3.0543174743652344 4290
1744802946099 4.90238094329834 4300
1744802956467 3.396678924560547 4310
1744802967113 3.977175712585449 4320
1744802977863 4.2036356925964355 4330
1744802988096 4.124317646026611 4340
1744802998195 4.092438697814941 4350
1744803008524 3.689497232437134 4360
1744803018908 3.578038215637207 4370
1744803029093 2.984391689300537 4380
1744803039356 3.10030198097229 4390
1744803049539 3.0339300632476807 4400
1744803060028 3.521108627319336 4410
1744803070499 3.101924419403076 4420
1744803080945 4.2056355476379395 4430
1744803115993 3.219313144683838 4440
1744803126597 3.138842821121216 4450
1744803137108 3.7819936275482178 4460
1744803147602 2.2545244693756104 4470
1744803158014 2.8811838626861572 4480
1744803168253 3.494734048843384 4490
1744803178653 4.641545295715332 4500
1744803189194 2.395158529281616 4510
1744803199447 3.9516353607177734 4520
1744803209689 3.8717570304870605 4530
1744803219946 5.338766574859619 4540
1744803230301 3.9568967819213867 4550
1744803240609 3.309070110321045 4560
1744803251190 3.7028696537017822 4570
1744803261473 3.2796988487243652 4580
1744803271757 3.8340537548065186 4590
1744803281966 2.9480855464935303 4600
1744803292567 4.510573863983154 4610
1744803302972 3.3920905590057373 4620
1744803313075 3.190140962600708 4630
1744803347914 3.7964344024658203 4640
1744803358153 2.99312686920166 4650
1744803368247 4.063051223754883 4660
1744803378529 3.5345826148986816 4670
1744803388737 3.2673451900482178 4680
1744803399233 3.4903995990753174 4690
1744803409558 3.3671681880950928 4700
1744803419653 2.6518356800079346 4710
1744803429928 1.9282468557357788 4720
1744803440278 3.5248847007751465 4730
1744803450991 5.296730041503906 4740
1744803461155 3.859591007232666 4750
1744803471405 4.745199680328369 4760
1744803481826 2.436039686203003 4770
1744803492049 3.3574748039245605 4780
1744803502462 3.1946542263031006 4790
1744803513011 3.8021023273468018 4800
1744803523307 4.0659098625183105 4810
1744803534248 4.338222980499268 4820
1744803569373 3.6014902591705322 4830
1744803579463 3.6026008129119873 4840
1744803589680 2.607938766479492 4850
1744803599926 3.00838565826416 4860
1744803610586 4.5604753494262695 4870
1744803621528 3.664236545562744 4880
1744803631942 4.7617363929748535 4890
1744803642517 3.9078164100646973 4900
1744803653107 3.69268536567688 4910
1744803663364 3.4992454051971436 4920
1744803673522 3.3671276569366455 4930
1744803683780 3.4329092502593994 4940
1744803694110 2.898048162460327 4950
1744803704249 3.6277570724487305 4960
1744803714564 1.808293342590332 4970
1744803724809 3.0666582584381104 4980
1744803735034 4.053741455078125 4990
1744803745142 3.1687982082366943 5000
1744803755453 3.2429308891296387 5010
1744803790288 3.102905511856079 5020
1744803800688 4.795894145965576 5030
1744803811096 5.2647013664245605 5040
1744803821504 3.49096417427063 5050
1744803831838 3.26763916015625 5060
1744803842583 3.377641201019287 5070
1744803853207 3.5679941177368164 5080
1744803863440 3.759148359298706 5090
1744803873752 3.8510355949401855 5100
1744803884026 2.4888992309570312 5110
1744803894335 2.55578351020813 5120
1744803904892 3.605649709701538 5130
1744803915150 3.3340816497802734 5140
1744803925658 3.470961332321167 5150
1744803936157 3.8005614280700684 5160
1744803946755 3.0313918590545654 5170
1744803956972 2.6136200428009033 5180
1744803967468 2.50791597366333 5190
1744803977871 3.136784791946411 5200
1744803987789 4.219360828399658 5210
1744804022987 2.9491922855377197 5220
1744804033391 3.5922703742980957 5230
1744804043616 3.098273992538452 5240
1744804054162 2.6307969093322754 5250
1744804064749 3.255056381225586 5260
1744804075256 4.424629211425781 5270
1744804085842 2.610056161880493 5280
1744804095972 3.2593331336975098 5290
1744804106216 2.9334797859191895 5300
1744804116448 3.43237566947937 5310
1744804126686 4.064266681671143 5320
1744804137120 3.5803418159484863 5330
1744804147248 2.797943115234375 5340
1744804157828 3.136101722717285 5350
1744804168184 3.3355486392974854 5360
1744804178380 3.7543156147003174 5370
1744804188987 3.1888437271118164 5380
1744804199264 3.977910280227661 5390
1744804209574 2.8793179988861084 5400
1744804244397 4.549151420593262 5410
1744804254776 3.735928535461426 5420
1744804265133 2.9045674800872803 5430
1744804275518 4.096254825592041 5440
1744804286131 3.820878028869629 5450
1744804296771 3.1370058059692383 5460
1744804307160 2.2922327518463135 5470
1744804317388 3.1792521476745605 5480
1744804327525 4.607850551605225 5490
1744804337822 3.909458875656128 5500
1744804348021 3.742645502090454 5510
1744804358307 3.427490234375 5520
1744804368776 3.8559865951538086 5530
1744804379224 4.3249030113220215 5540
1744804389489 4.536748886108398 5550
1744804399628 4.038311958312988 5560
1744804409826 2.4542834758758545 5570
1744804420071 4.480493068695068 5580
1744804430644 4.064441204071045 5590
1744804466155 3.862035036087036 5600
1744804476846 2.3904359340667725 5610
1744804487236 3.4317989349365234 5620
1744804497389 3.2960619926452637 5630
1744804507787 3.3428232669830322 5640
1744804518223 3.6238391399383545 5650
1744804528737 4.092041492462158 5660
1744804539105 2.4769833087921143 5670
1744804549376 4.286833763122559 5680
1744804559875 3.2195143699645996 5690
1744804570219 3.061373710632324 5700
1744804580488 3.5479187965393066 5710
1744804590805 4.330416202545166 5720
1744804601233 3.8189237117767334 5730
1744804611345 3.2794487476348877 5740
1744804621761 3.158188819885254 5750
1744804631972 2.8767619132995605 5760
1744804642203 3.9260685443878174 5770
1744804652603 3.7973875999450684 5780
1744804662428 3.5114903450012207 5790
