1744797965284 7.772020725388602e-07 10
1744797976118 1.6407599309153715e-06 20
1744797986302 2.504317789291883e-06 30
1744797996962 3.367875647668394e-06 40
1744798007174 4.2314335060449055e-06 50
1744798017705 5.094991364421417e-06 60
1744798028452 5.958549222797928e-06 70
1744798038577 6.822107081174439e-06 80
1744798049230 7.68566493955095e-06 90
1744798059522 8.549222797927462e-06 100
1744798069955 9.412780656303973e-06 110
1744798080597 1.0276338514680484e-05 120
1744798090965 1.1139896373056995e-05 130
1744798101148 1.2003454231433506e-05 140
1744798111234 1.2867012089810018e-05 150
1744798121658 1.3730569948186529e-05 160
1744798132044 1.459412780656304e-05 170
1744798142383 1.5457685664939554e-05 180
1744798152689 1.6321243523316064e-05 190
1744798188500 1.7184801381692577e-05 200
1744798198781 1.8048359240069086e-05 210
1744798209128 1.89119170984456e-05 220
1744798219375 1.9775474956822108e-05 230
1744798229825 2.063903281519862e-05 240
1744798240096 2.150259067357513e-05 250
1744798250234 2.2366148531951643e-05 260
1744798260481 2.3229706390328153e-05 270
1744798270707 2.4093264248704665e-05 280
1744798281287 2.4956822107081175e-05 290
1744798291398 2.5820379965457688e-05 300
1744798301774 2.6683937823834197e-05 310
1744798312152 2.754749568221071e-05 320
1744798322316 2.841105354058722e-05 330
1744798332880 2.9274611398963732e-05 340
1744798343034 3.013816925734024e-05 350
1744798353234 3.1001727115716754e-05 360
1744798363707 3.186528497409327e-05 370
1744798373933 3.272884283246977e-05 380
1744798409041 3.3592400690846286e-05 390
1744798419341 3.44559585492228e-05 400
1744798429461 3.531951640759931e-05 410
1744798440066 3.6183074265975825e-05 420
1744798450573 3.704663212435233e-05 430
1744798461028 3.791018998272884e-05 440
1744798471349 3.8773747841105356e-05 450
1744798481843 3.963730569948187e-05 460
1744798492557 4.0500863557858375e-05 470
1744798502772 4.136442141623489e-05 480
1744798513027 4.22279792746114e-05 490
1744798523179 4.3091537132987913e-05 500
1744798533480 4.3955094991364426e-05 510
1744798543776 4.481865284974093e-05 520
1744798553862 4.5682210708117445e-05 530
1744798564187 4.654576856649396e-05 540
1744798574278 4.740932642487047e-05 550
1744798584898 4.827288428324698e-05 560
1744798595141 4.913644214162349e-05 570
1744798630245 5e-05 580
1744798640586 4.999954567535423e-05 590
1744798651331 4.999818271792977e-05 600
1744798661374 4.9995911177264626e-05 610
1744798671652 4.999273113592017e-05 620
1744798681992 4.998864270947808e-05 630
1744798692279 4.9983646046536206e-05 640
1744798702564 4.99777413287031e-05 650
1744798712824 4.997092877059147e-05 660
1744798723317 4.9963208619810374e-05 670
1744798733419 4.995458115695618e-05 680
1744798743606 4.994504669560241e-05 690
1744798753723 4.993460558228834e-05 700
1744798764369 4.992325819650636e-05 710
1744798774913 4.991100495068823e-05 720
1744798785021 4.98978462901901e-05 730
1744798795321 4.988378269327625e-05 740
1744798805520 4.986881467110178e-05 750
1744798815780 4.985294276769401e-05 760
1744798826010 4.983616755993267e-05 770
1744798860761 4.9818489657529e-05 780
1744798870813 4.979990970300354e-05 790
1744798881226 4.9780428371662796e-05 800
1744798891952 4.9760046371574676e-05 810
1744798902260 4.973876444354277e-05 820
1744798912340 4.971658336107945e-05 830
1744798922801 4.96935039303777e-05 840
1744798933150 4.966952699028186e-05 850
1744798943260 4.96446534122571e-05 860
1744798953529 4.96188841003578e-05 870
1744798963849 4.959221999119463e-05 880
1744798974223 4.956466205390055e-05 890
1744798984553 4.953621129009556e-05 900
1744798994640 4.950686873385033e-05 910
1744799005050 4.947663545164857e-05 920
1744799015417 4.944551254234829e-05 930
1744799025906 4.941350113714189e-05 940
1744799036322 4.9380602399514973e-05 950
1744799046648 4.934681752520415e-05 960
1744799081770 4.931214774215348e-05 970
1744799092338 4.9276594310469924e-05 980
1744799102861 4.9240158522377506e-05 990
1744799113518 4.9202841702170345e-05 1000
1744799123629 4.9164645206164536e-05 1010
1744799134180 4.912557042264883e-05 1020
1744799144677 4.9085618771834215e-05 1030
1744799155308 4.904479170580225e-05 1040
1744799165622 4.900309070845232e-05 1050
1744799176119 4.8960517295447694e-05 1060
1744799186430 4.891707301416043e-05 1070
1744799196681 4.8872759443615155e-05 1080
1744799207082 4.882757819443165e-05 1090
1744799217788 4.8781530908766303e-05 1100
1744799228112 4.873461926025247e-05 1110
1744799238344 4.868684495393958e-05 1120
1744799248478 4.863820972623123e-05 1130
1744799259048 4.8588715344822036e-05 1140
1744799269441 4.853836360863335e-05 1150
1744799304795 4.8487156347747986e-05 1160
1744799314947 4.843509542334358e-05 1170
1744799325289 4.838218272762501e-05 1180
1744799335636 4.8328420183755617e-05 1190
1744799345982 4.827380974578731e-05 1200
1744799356256 4.8218353398589504e-05 1210
1744799366520 4.816205315777703e-05 1220
1744799376753 4.8104911069636846e-05 1230
1744799386808 4.804692921105367e-05 1240
1744799397043 4.798810968943449e-05 1250
1744799407412 4.792845464263196e-05 1260
1744799417741 4.786796623886674e-05 1270
1744799428100 4.780664667664863e-05 1280
1744799438257 4.774449818469669e-05 1290
1744799448514 4.7681523021858265e-05 1300
1744799458697 4.7617723477026824e-05 1310
1744799468991 4.755310186905883e-05 1320
1744799479156 4.74876605466894e-05 1330
1744799489453 4.7421401888447006e-05 1340
1744799499652 4.735432830256694e-05 1350
1744799534661 4.728644222690386e-05 1360
1744799544942 4.721774612884314e-05 1370
1744799555343 4.7148242505211235e-05 1380
1744799565660 4.7077933882184864e-05 1390
1744799575912 4.700682281519925e-05 1400
1744799586813 4.6934911888855226e-05 1410
1744799597342 4.686220371682527e-05 1420
1744799607634 4.678870094175855e-05 1430
1744799617948 4.6714406235184835e-05 1440
1744799628283 4.6639322297417445e-05 1450
1744799638606 4.6563451857455046e-05 1460
1744799649106 4.648679767288249e-05 1470
1744799660074 4.64093625297706e-05 1480
1744799670544 4.63311492425749e-05 1490
1744799680903 4.6252160654033314e-05 1500
1744799690992 4.6172399635062826e-05 1510
1744799701520 4.609186908465519e-05 1520
1744799711757 4.601057192977149e-05 1530
1744799721864 4.592851112523583e-05 1540
1744799756822 4.584568965362788e-05 1550
1744799767185 4.5762110525174496e-05 1560
1744799777695 4.5677776777640314e-05 1570
1744799788134 4.559269147621734e-05 1580
1744799798316 4.550685771341352e-05 1590
1744799808671 4.5420278608940364e-05 1600
1744799818885 4.533295730959956e-05 1610
1744799828983 4.5244896989168566e-05 1620
1744799839258 4.51561008482853e-05 1630
1744799849326 4.5066572114331785e-05 1640
1744799859486 4.497631404131684e-05 1650
1744799869962 4.488532990975783e-05 1660
1744799880079 4.4793623026561436e-05 1670
1744799890286 4.470119672490343e-05 1680
1744799900440 4.460805436410753e-05 1690
1744799910878 4.4514199329523374e-05 1700
1744799921037 4.441963503240338e-05 1710
1744799931371 4.4324364909778804e-05 1720
1744799941819 4.422839242433482e-05 1730
1744799976416 4.413172106428468e-05 1740
1744799986785 4.403435434324288e-05 1750
1744799997100 4.393629580009752e-05 1760
1744800007655 4.3837548998881614e-05 1770
1744800018200 4.373811752864361e-05 1780
1744800028358 4.363800500331691e-05 1790
1744800038803 4.353721506158852e-05 1800
1744800049239 4.3435751366766805e-05 1810
1744800059730 4.333361760664834e-05 1820
1744800070046 4.323081749338388e-05 1830
1744800080225 4.312735476334342e-05 1840
1744800090737 4.302323317698043e-05 1850
1744800101315 4.291845651869512e-05 1860
1744800111883 4.281302859669695e-05 1870
1744800122090 4.270695324286619e-05 1880
1744800132190 4.260023431261464e-05 1890
1744800142603 4.249287568474551e-05 1900
1744800152787 4.238488126131246e-05 1910
1744800163145 4.2276254967477734e-05 1920
1744800172689 4.216700075136953e-05 1930
1744800208544 4.205712258393849e-05 1940
1744800218646 4.1946624458813375e-05 1950
1744800228858 4.183551039215591e-05 1960
1744800239099 4.172378442251481e-05 1970
1744800249348 4.161145061067902e-05 1980
1744800259578 4.149851303953004e-05 1990
1744800270273 4.138497581389368e-05 2000
1744800280601 4.127084306039069e-05 2010
1744800290764 4.11561189272869e-05 2020
1744800301365 4.1040807584342424e-05 2030
1744800311616 4.092491322266003e-05 2040
1744800322405 4.080844005453294e-05 2050
1744800332893 4.069139231329159e-05 2060
1744800343189 4.057377425314989e-05 2070
1744800353468 4.04555901490505e-05 2080
1744800363724 4.033684429650954e-05 2090
1744800373949 4.0217541011460394e-05 2100
1744800384459 4.009768463009686e-05 2110
1744800394894 3.997727950871562e-05 2120
1744800429726 3.9856330023557764e-05 2130
1744800440460 3.9734840570649865e-05 2140
1744800451237 3.9612815565644146e-05 2150
1744800461343 3.949025944365796e-05 2160
1744800471584 3.936717665911267e-05 2170
1744800482265 3.9243571685571654e-05 2180
1744800492968 3.9119449015577794e-05 2190
1744800503298 3.899481316049012e-05 2200
1744800513582 3.8869668650319903e-05 2210
1744800524043 3.8744020033565946e-05 2220
1744800534680 3.861787187704933e-05 2230
1744800544979 3.8491228765747375e-05 2240
1744800555086 3.8364095302627004e-05 2250
1744800565512 3.823647610847748e-05 2260
1744800575781 3.81083758217424e-05 2270
1744800586155 3.797979909835117e-05 2280
1744800596243 3.7850750611549734e-05 2290
1744800606529 3.772123505173074e-05 2300
1744800616909 3.759125712626304e-05 2310
1744800651433 3.7460821559320625e-05 2320
1744800661599 3.732993309171095e-05 2330
1744800672209 3.71985964807025e-05 2340
1744800682395 3.7066816499852065e-05 2350
1744800692874 3.693459793883105e-05 2360
1744800703669 3.680194560325157e-05 2370
1744800714266 3.6668864314491636e-05 2380
1744800724591 3.6535358909519985e-05 2390
1744800734844 3.64014342407203e-05 2400
1744800745179 3.62670951757148e-05 2410
1744800755503 3.613234659718732e-05 2420
1744800765654 3.5997193402705886e-05 2430
1744800775902 3.5861640504544674e-05 2440
1744800786042 3.572569282950548e-05 2450
1744800796244 3.5589355318738646e-05 2460
1744800806406 3.545263292756348e-05 2470
1744800816950 3.531553062528813e-05 2480
1744800827652 3.5178053395028986e-05 2490
1744800837799 3.504020623352958e-05 2500
1744800872839 3.490199415097892e-05 2510
1744800882994 3.476342217082945e-05 2520
1744800893100 3.4624495329614435e-05 2530
1744800903749 3.448521867676491e-05 2540
1744800914506 3.434559727442614e-05 2550
1744800924738 3.4205636197273684e-05 2560
1744800935228 3.406534053232886e-05 2570
1744800945390 3.392471537877393e-05 2580
1744800956057 3.378376584776676e-05 2590
1744800966449 3.3642497062255e-05 2600
1744800976900 3.350091415678992e-05 2610
1744800987317 3.3359022277339794e-05 2620
1744800997475 3.3216826581102855e-05 2630
1744801007824 3.307433223631984e-05 2640
1744801017935 3.293154442208618e-05 2650
1744801028381 3.278846832816371e-05 2660
1744801038805 3.2645109154792095e-05 2670
1744801049141 3.250147211249979e-05 2680
1744801059643 3.235756242191466e-05 2690
1744801069887 3.221338531357424e-05 2700
1744801105101 3.206894602773561e-05 2710
1744801115424 3.1924249814184985e-05 2720
1744801125760 3.177930193204684e-05 2730
1744801135866 3.163410764959277e-05 2740
1744801146182 3.1488672244050066e-05 2750
1744801156496 3.134300100140985e-05 2760
1744801166886 3.1197099216235e-05 2770
1744801177028 3.105097219146763e-05 2780
1744801187445 3.090462523823647e-05 2790
1744801197805 3.075806367566372e-05 2800
1744801207918 3.0611292830671795e-05 2810
1744801218325 3.0464318037789648e-05 2820
1744801228440 3.031714463895895e-05 2830
1744801238893 3.0169777983339882e-05 2840
1744801249204 3.0022223427116724e-05 2850
1744801259471 2.9874486333303214e-05 2860
1744801269954 2.9726572071547553e-05 2870
1744801280434 2.9578486017937335e-05 2880
1744801290918 2.9430233554804045e-05 2890
1744801325969 2.928182007052751e-05 2900
1744801336423 2.913325095934004e-05 2910
1744801346599 2.898453162113032e-05 2920
1744801356997 2.8835667461247216e-05 2930
1744801367245 2.8686663890303263e-05 2940
1744801377486 2.8537526323978014e-05 2950
1744801387782 2.8388260182821248e-05 2960
1744801398255 2.8238870892055892e-05 2970
1744801408920 2.8089363881380877e-05 2980
1744801419226 2.793974458477377e-05 2990
1744801429822 2.7790018440293292e-05 3000
1744801440399 2.764019088988165e-05 3010
1744801450867 2.7490267379166733e-05 3020
1744801461111 2.7340253357264228e-05 3030
1744801471447 2.719015427657952e-05 3040
1744801481726 2.7039975592609536e-05 3050
1744801492071 2.6889722763744473e-05 3060
1744801502590 2.6739401251069384e-05 3070
1744801512683 2.658901651816572e-05 3080
1744801548055 2.6438574030912715e-05 3090
1744801558470 2.6288079257288744e-05 3100
1744801568973 2.6137537667172595e-05 3110
1744801579257 2.5986954732144625e-05 3120
1744801589454 2.5836335925287937e-05 3130
1744801599594 2.56856867209894e-05 3140
1744801610146 2.5535012594740736e-05 3150
1744801620399 2.5384319022939464e-05 3160
1744801630526 2.5233611482689872e-05 3170
1744801640885 2.508289545160395e-05 3180
1744801651048 2.49321764076023e-05 3190
1744801661748 2.478145982871501e-05 3200
1744801671858 2.46307511928826e-05 3210
1744801682132 2.448005597775687e-05 3220
1744801692332 2.4329379660501836e-05 3230
1744801702431 2.4178727717594644e-05 3240
1744801712669 2.4028105624626573e-05 3250
1744801723002 2.3877518856103924e-05 3260
1744801733505 2.372697288524912e-05 3270
1744801743637 2.357647318380176e-05 3280
1744801778713 2.3426025221819708e-05 3290
1744801789076 2.327563446748035e-05 3300
1744801799247 2.3125306386881777e-05 3310
1744801809543 2.2975046443844138e-05 3320
1744801819959 2.2824860099711068e-05 3330
1744801830163 2.2674752813151166e-05 3340
1744801840415 2.2524730039959637e-05 3350
1744801850687 2.2374797232859928e-05 3360
1744801860797 2.2224959841305605e-05 3370
1744801871091 2.2075223311282248e-05 3380
1744801881248 2.1925593085109528e-05 3390
1744801891571 2.1776074601243426e-05 3400
1744801901766 2.162667329407851e-05 3410
1744801912012 2.147739459375045e-05 3420
1744801922455 2.132824392593867e-05 3430
1744801932559 2.117922671166909e-05 3440
1744801943300 2.103034836711719e-05 3450
1744801953513 2.0881614303411046e-05 3460
1744801963886 2.0733029926434726e-05 3470
1744801999138 2.058460063663178e-05 3480
1744802009389 2.043633182880897e-05 3490
1744802019858 2.0288228891940188e-05 3500
1744802030155 2.0140297208970583e-05 3510
1744802040933 1.99925421566209e-05 3520
1744802051182 1.98449691051921e-05 3530
1744802061588 1.969758341837011e-05 3540
1744802072319 1.9550390453030948e-05 3550
1744802082612 1.940339555904594e-05 3560
1744802093132 1.925660407908736e-05 3570
1744802103341 1.911002134843416e-05 3580
1744802113714 1.896365269477812e-05 3590
1744802124147 1.8817503438030175e-05 3600
1744802134824 1.8671578890127082e-05 3610
1744802144931 1.852588435483831e-05 3620
1744802155188 1.838042512757332e-05 3630
1744802165313 1.8235206495189048e-05 3640
1744802175576 1.809023373579781e-05 3650
1744802185830 1.794551211857541e-05 3660
1744802220708 1.7801046903569632e-05 3670
1744802231185 1.7656843341509096e-05 3680
1744802241527 1.7512906673612373e-05 3690
1744802251636 1.7369242131397536e-05 3700
1744802262120 1.7225854936491944e-05 3710
1744802272196 1.7082750300442534e-05 3720
1744802282845 1.6939933424526347e-05 3730
1744802293058 1.6797409499561497e-05 3740
1744802303181 1.665518370571854e-05 3750
1744802313410 1.6513261212332146e-05 3760
1744802323479 1.637164717771323e-05 3770
1744802334102 1.6230346748961486e-05 3780
1744802344394 1.6089365061778283e-05 3790
1744802354930 1.5948707240280043e-05 3800
1744802365301 1.5808378396811957e-05 3810
1744802375475 1.566838363176219e-05 3820
1744802385942 1.5528728033376506e-05 3830
1744802396190 1.5389416677573326e-05 3840
1744802406628 1.5250454627759231e-05 3850
1744802416410 1.5111846934644962e-05 3860
1744802452140 1.49735986360618e-05 3870
1744802462288 1.4835714756778484e-05 3880
1744802472548 1.4698200308318583e-05 3890
1744802482673 1.4561060288778344e-05 3900
1744802492906 1.4424299682645037e-05 3910
1744802503116 1.4287923460615777e-05 3920
1744802513228 1.4151936579416858e-05 3930
1744802523605 1.4016343981623612e-05 3940
1744802534137 1.3881150595480749e-05 3950
1744802544951 1.3746361334723268e-05 3960
1744802555252 1.3611981098397814e-05 3970
1744802565712 1.3478014770684644e-05 3980
1744802576548 1.3344467220720114e-05 3990
1744802586984 1.3211343302419676e-05 4000
1744802597535 1.3078647854301512e-05 4010
1744802608203 1.2946385699310614e-05 4020
1744802618817 1.2814561644643516e-05 4030
1744802629211 1.2683180481573573e-05 4040
1744802639295 1.2552246985276806e-05 4050
1744802673809 1.2421765914658378e-05 4060
1744802684079 1.2291742012179578e-05 4070
1744802694191 1.216218000368548e-05 4080
1744802704442 1.2033084598233163e-05 4090
1744802714534 1.1904460487920593e-05 4100
1744802724814 1.1776312347716034e-05 4110
1744802735137 1.1648644835288152e-05 4120
1744802745380 1.1521462590836729e-05 4130
1744802755771 1.139477023692404e-05 4140
1744802766049 1.1268572378306777e-05 4150
1744802776404 1.1142873601768732e-05 4160
1744802786830 1.1017678475954069e-05 4170
1744802797022 1.0892991551201297e-05 4180
1744802807298 1.0768817359377847e-05 4190
1744802817774 1.0645160413715366e-05 4200
1744802828354 1.0522025208645708e-05 4210
1744802838447 1.0399416219637549e-05 4220
1744802848872 1.0277337903033716e-05 4230
1744802859364 1.0155794695889256e-05 4240
1744802894474 1.0034791015810117e-05 4250
1744802904723 9.914331260792645e-06 4260
1744802915132 9.794419809063676e-06 4270
1744802925228 9.675061018921434e-06 4280
1744802935441 9.556259228577121e-06 4290
1744802946099 9.438018755997239e-06 4300
1744802956467 9.320343898746664e-06 4310
1744802967113 9.203238933832422e-06 4320
1744802977863 9.086708117548245e-06 4330
1744802988096 8.970755685319881e-06 4340
1744802998195 8.855385851551135e-06 4350
1744803008524 8.740602809470735e-06 4360
1744803018908 8.62641073097987e-06 4370
1744803029093 8.512813766500583e-06 4380
1744803039356 8.399816044824927e-06 4390
1744803049539 8.287421672964887e-06 4400
1744803060028 8.175634736003131e-06 4410
1744803070499 8.064459296944496e-06 4420
1744803080945 7.953899396568338e-06 4430
1744803115993 7.843959053281663e-06 4440
1744803126597 7.734642262973068e-06 4450
1744803137108 7.625952998867528e-06 4460
1744803147602 7.517895211381948e-06 4470
1744803158014 7.410472827981612e-06 4480
1744803168253 7.303689753037421e-06 4490
1744803178653 7.197549867683987e-06 4500
1744803189194 7.092057029678584e-06 4510
1744803199447 6.987215073260911e-06 4520
1744803209689 6.883027809013743e-06 4530
1744803219946 6.779499023724434e-06 4540
1744803230301 6.676632480247272e-06 4550
1744803240609 6.574431917366747e-06 4560
1744803251190 6.472901049661614e-06 4570
1744803261473 6.372043567369912e-06 4580
1744803271757 6.271863136254838e-06 4590
1744803281966 6.1723633974714895e-06 4600
1744803292567 6.073547967434573e-06 4610
1744803302972 5.975420437686896e-06 4620
1744803313075 5.877984374768877e-06 4630
1744803347914 5.7812433200889e-06 4640
1744803358153 5.685200789794584e-06 4650
1744803368247 5.589860274645031e-06 4660
1744803378529 5.495225239883897e-06 4670
1744803388737 5.401299125113471e-06 4680
1744803399233 5.308085344169661e-06 4690
1744803409558 5.2155872849979e-06 4700
1744803419653 5.123808309530037e-06 4710
1744803429928 5.032751753562109e-06 4720
1744803440278 4.9424209266331175e-06 4730
1744803450991 4.852819111904744e-06 4740
1744803461155 4.763949566041992e-06 4750
1744803471405 4.675815519094876e-06 4760
1744803481826 4.588420174380959e-06 4770
1744803492049 4.501766708368968e-06 4780
1744803502462 4.415858270563317e-06 4790
1744803513011 4.330697983389659e-06 4800
1744803523307 4.246288942081364e-06 4810
1744803534248 4.162634214567074e-06 4820
1744803569373 4.079736841359139e-06 4830
1744803579463 3.99759983544313e-06 4840
1744803589680 3.916226182168337e-06 4850
1744803599926 3.835618839139265e-06 4860
1744803610586 3.7557807361081167e-06 4870
1744803621528 3.676714774868317e-06 4880
1744803631942 3.5984238291490503e-06 4890
1744803642517 3.5209107445108194e-06 4900
1744803653107 3.444178338242002e-06 4910
1744803663364 3.368229399256459e-06 4920
1744803673522 3.2930666879921664e-06 4930
1744803683780 3.218692936310913e-06 4940
1744803694110 3.1451108473989604e-06 4950
1744803704249 3.07232309566883e-06 4960
1744803714564 3.0003323266620783e-06 4970
1744803724809 2.9291411569531664e-06 4980
1744803735034 2.8587521740543245e-06 4990
1744803745142 2.7891679363215295e-06 5000
1744803755453 2.7203909728615084e-06 5010
1744803790288 2.652423783439839e-06 5020
1744803800688 2.585268838390059e-06 5030
1744803811096 2.518928578523891e-06 5040
1744803821504 2.4534054150425477e-06 5050
1744803831838 2.388701729449061e-06 5060
1744803842583 2.32481987346177e-06 5070
1744803853207 2.261762168928791e-06 5080
1744803863440 2.1995309077436715e-06 5090
1744803873752 2.1381283517620615e-06 5100
1744803884026 2.077556732719521e-06 5110
1744803894335 2.0178182521504052e-06 5120
1744803904892 1.958915081307833e-06 5130
1744803915150 1.9008493610847832e-06 5140
1744803925658 1.843623201936276e-06 5150
1744803936157 1.7872386838026667e-06 5160
1744803946755 1.7316978560340646e-06 5170
1744803956972 1.677002737315811e-06 5180
1744803967468 1.6231553155951484e-06 5190
1744803977871 1.5701575480089353e-06 5200
1744803987789 1.5180113608125295e-06 5210
1744804022987 1.4667186493097784e-06 5220
1744804033391 1.4162812777841205e-06 5230
1744804043616 1.3667010794308293e-06 5240
1744804054162 1.3179798562903884e-06 5250
1744804064749 1.2701193791829934e-06 5260
1744804075256 1.223121387644191e-06 5270
1744804085842 1.1769875898616528e-06 5280
1744804095972 1.1317196626130817e-06 5290
1744804106216 1.0873192512052765e-06 5300
1744804116448 1.0437879694143337e-06 5310
1744804126686 1.0011273994269931e-06 5320
1744804137120 9.593390917831153e-07 5330
1744804147248 9.184245653193507e-07 5340
1744804157828 8.783853071139159e-07 5350
1744804168184 8.392227724325518e-07 5360
1744804178380 8.009383846756424e-07 5370
1744804188987 7.63533535326455e-07 5380
1744804199264 7.270095839005842e-07 5390
1744804209574 6.913678578965355e-07 5400
1744804244397 6.566096527474697e-07 5410
1744804254776 6.227362317741293e-07 5420
1744804265133 5.897488261389083e-07 5430
1744804275518 5.576486348011223e-07 5440
1744804286131 5.264368244734141e-07 5450
1744804296771 4.961145295793557e-07 5460
1744804307160 4.6668285221222184e-07 5470
1744804317388 4.381428620949202e-07 5480
1744804327525 4.1049559654112445e-07 5490
1744804337822 3.8374206041756345e-07 5500
1744804348021 3.5788322610750545e-07 5510
1744804358307 3.32920033475409e-07 5520
1744804368776 3.0885338983276666e-07 5530
1744804379224 2.8568416990512324e-07 5540
1744804389489 2.634132158002928e-07 5550
1744804399628 2.4204133697773854e-07 5560
1744804409826 2.2156931021916626e-07 5570
1744804420071 2.0199787960027972e-07 5580
1744804430644 1.8332775646374146e-07 5590
1744804466155 1.6555961939331565e-07 5600
1744804476846 1.486941141892101e-07 5610
1744804487236 1.3273185384460318e-07 5620
1744804497389 1.1767341852335079e-07 5630
1744804507787 1.035193555389169e-07 5640
1744804518223 9.027017933447845e-08 5650
1744804528737 7.792637146421256e-08 5660
1744804539105 6.648838057581597e-08 5670
1744804549376 5.595662239417932e-08 5680
1744804559875 4.6331479706282485e-08 5690
1744804570219 3.7613302347294656e-08 5700
1744804580488 2.9802407187842776e-08 5710
1744804590805 2.289907812249581e-08 5720
1744804601233 1.6903566059461863e-08 5730
1744804611345 1.1816088911451028e-08 5740
1744804621761 7.636831587762295e-09 5750
1744804631972 4.365945987563902e-09 5760
1744804642203 2.0035509943727714e-09 5770
1744804652603 5.497324717301799e-10 5780
1744804662428 4.543260082034984e-12 5790
