1744797965284 3.7717 10
1744797976118 3.7631 20
1744797986302 3.7309 30
1744797996962 3.6464 40
1744798007174 3.5587 50
1744798017705 3.4981 60
1744798028452 3.4104 70
1744798038577 3.3039 80
1744798049230 3.1734 90
1744798059522 3.024 100
1744798069955 3.0494 110
1744798080597 2.8564 120
1744798090965 2.8272 130
1744798101148 2.7707 140
1744798111234 2.7057 150
1744798121658 2.6278 160
1744798132044 2.6289 170
1744798142383 2.4932 180
1744798152689 2.4484 190
1744798188500 2.3844 200
1744798198781 2.2895 210
1744798209128 2.2233 220
1744798219375 2.1792 230
1744798229825 2.2382 240
1744798240096 2.0937 250
1744798250234 2.109 260
1744798260481 2.0447 270
1744798270707 1.9113 280
1744798281287 2.0994 290
1744798291398 1.9656 300
1744798301774 1.9368 310
1744798312152 1.9203 320
1744798322316 1.9344 330
1744798332880 1.8767 340
1744798343034 1.9235 350
1744798353234 1.8158 360
1744798363707 1.8236 370
1744798373933 1.9404 380
1744798409041 1.7913 390
1744798419341 1.7455 400
1744798429461 1.7512 410
1744798440066 1.7865 420
1744798450573 1.6974 430
1744798461028 1.7351 440
1744798471349 1.7249 450
1744798481843 1.7817 460
1744798492557 1.7818 470
1744798502772 1.7284 480
1744798513027 1.6604 490
1744798523179 1.707 500
1744798533480 1.6963 510
1744798543776 1.6729 520
1744798553862 1.6946 530
1744798564187 1.7133 540
1744798574278 1.613 550
1744798584898 1.6826 560
1744798595141 1.6519 570
1744798630245 1.62 580
1744798640586 1.5445 590
1744798651331 1.5721 600
1744798661374 1.6157 610
1744798671652 1.5818 620
1744798681992 1.5798 630
1744798692279 1.6577 640
1744798702564 1.5743 650
1744798712824 1.6162 660
1744798723317 1.6018 670
1744798733419 1.6281 680
1744798743606 1.5646 690
1744798753723 1.5903 700
1744798764369 1.6208 710
1744798774913 1.5946 720
1744798785021 1.5872 730
1744798795321 1.5286 740
1744798805520 1.5557 750
1744798815780 1.5553 760
1744798826010 1.5639 770
1744798860761 1.4672 780
1744798870813 1.481 790
1744798881226 1.4659 800
1744798891952 1.5143 810
1744798902260 1.4604 820
1744798912340 1.5362 830
1744798922801 1.5122 840
1744798933150 1.4983 850
1744798943260 1.4881 860
1744798953529 1.4884 870
1744798963849 1.4664 880
1744798974223 1.4907 890
1744798984553 1.5212 900
1744798994640 1.481 910
1744799005050 1.4426 920
1744799015417 1.477 930
1744799025906 1.5582 940
1744799036322 1.4425 950
1744799046648 1.4406 960
1744799081770 1.3576 970
1744799092338 1.4404 980
1744799102861 1.3339 990
1744799113518 1.4094 1000
1744799123629 1.3909 1010
1744799134180 1.3841 1020
1744799144677 1.3526 1030
1744799155308 1.3924 1040
1744799165622 1.4526 1050
1744799176119 1.3403 1060
1744799186430 1.4211 1070
1744799196681 1.4546 1080
1744799207082 1.3919 1090
1744799217788 1.3782 1100
1744799228112 1.3895 1110
1744799238344 1.4875 1120
1744799248478 1.4407 1130
1744799259048 1.4788 1140
1744799269441 1.4208 1150
1744799304795 1.3696 1160
1744799314947 1.3903 1170
1744799325289 1.3032 1180
1744799335636 1.3408 1190
1744799345982 1.3607 1200
1744799356256 1.3053 1210
1744799366520 1.3091 1220
1744799376753 1.365 1230
1744799386808 1.3351 1240
1744799397043 1.3342 1250
1744799407412 1.3646 1260
1744799417741 1.3141 1270
1744799428100 1.3305 1280
1744799438257 1.3921 1290
1744799448514 1.3702 1300
1744799458697 1.3834 1310
1744799468991 1.3114 1320
1744799479156 1.3815 1330
1744799489453 1.3261 1340
1744799499652 1.3601 1350
1744799534661 1.3253 1360
1744799544942 1.3013 1370
1744799555343 1.2443 1380
1744799565660 1.2778 1390
1744799575912 1.3254 1400
1744799586813 1.2734 1410
1744799597342 1.3371 1420
1744799607634 1.3117 1430
1744799617948 1.3608 1440
1744799628283 1.3478 1450
1744799638606 1.33 1460
1744799649106 1.3548 1470
1744799660074 1.2778 1480
1744799670544 1.2921 1490
1744799680903 1.2798 1500
1744799690992 1.3059 1510
1744799701520 1.2524 1520
1744799711757 1.2653 1530
1744799721864 1.4018 1540
1744799756822 1.2211 1550
1744799767185 1.2404 1560
1744799777695 1.2791 1570
1744799788134 1.2896 1580
1744799798316 1.2647 1590
1744799808671 1.279 1600
1744799818885 1.2816 1610
1744799828983 1.2682 1620
1744799839258 1.3009 1630
1744799849326 1.3503 1640
1744799859486 1.2637 1650
1744799869962 1.2974 1660
1744799880079 1.2677 1670
1744799890286 1.1985 1680
1744799900440 1.2169 1690
1744799910878 1.2697 1700
1744799921037 1.219 1710
1744799931371 1.2405 1720
1744799941819 1.236 1730
1744799976416 1.2563 1740
1744799986785 1.2483 1750
1744799997100 1.2281 1760
1744800007655 1.1314 1770
1744800018200 1.181 1780
1744800028358 1.2234 1790
1744800038803 1.21 1800
1744800049239 1.2348 1810
1744800059730 1.2407 1820
1744800070046 1.2408 1830
1744800080225 1.2048 1840
1744800090737 1.1837 1850
1744800101315 1.2758 1860
1744800111883 1.2 1870
1744800122090 1.2134 1880
1744800132190 1.1934 1890
1744800142603 1.1822 1900
1744800152787 1.2211 1910
1744800163145 1.1771 1920
1744800172689 1.2657 1930
1744800208544 1.1768 1940
1744800218646 1.1434 1950
1744800228858 1.1724 1960
1744800239099 1.1643 1970
1744800249348 1.1827 1980
1744800259578 1.2124 1990
1744800270273 1.1854 2000
1744800280601 1.1667 2010
1744800290764 1.2232 2020
1744800301365 1.1902 2030
1744800311616 1.1626 2040
1744800322405 1.1999 2050
1744800332893 1.1819 2060
1744800343189 1.1516 2070
1744800353468 1.1681 2080
1744800363724 1.1952 2090
1744800373949 1.1388 2100
1744800384459 1.1821 2110
1744800394894 1.1747 2120
1744800429726 1.2025 2130
1744800440460 1.1127 2140
1744800451237 1.1256 2150
1744800461343 1.2168 2160
1744800471584 1.1437 2170
1744800482265 1.0925 2180
1744800492968 1.1525 2190
1744800503298 1.1236 2200
1744800513582 1.1159 2210
1744800524043 1.1552 2220
1744800534680 1.2073 2230
1744800544979 1.1588 2240
1744800555086 1.1365 2250
1744800565512 1.1419 2260
1744800575781 1.1463 2270
1744800586155 1.1848 2280
1744800596243 1.1462 2290
1744800606529 1.1205 2300
1744800616909 1.1242 2310
1744800651433 1.0892 2320
1744800661599 1.1012 2330
1744800672209 1.1314 2340
1744800682395 1.0738 2350
1744800692874 1.1428 2360
1744800703669 1.1083 2370
1744800714266 1.1323 2380
1744800724591 1.0723 2390
1744800734844 1.1353 2400
1744800745179 1.0925 2410
1744800755503 1.092 2420
1744800765654 1.1731 2430
1744800775902 1.0701 2440
1744800786042 1.0823 2450
1744800796244 1.1309 2460
1744800806406 1.1549 2470
1744800816950 1.1544 2480
1744800827652 1.1337 2490
1744800837799 1.1356 2500
1744800872839 1.1061 2510
1744800882994 1.1189 2520
1744800893100 1.0978 2530
1744800903749 1.0968 2540
1744800914506 1.0335 2550
1744800924738 1.0695 2560
1744800935228 1.1225 2570
1744800945390 1.0621 2580
1744800956057 1.0425 2590
1744800966449 1.0741 2600
1744800976900 1.1402 2610
1744800987317 1.0403 2620
1744800997475 1.1152 2630
1744801007824 1.059 2640
1744801017935 1.116 2650
1744801028381 1.1584 2660
1744801038805 1.098 2670
1744801049141 1.0993 2680
1744801059643 1.0845 2690
1744801069887 1.0936 2700
1744801105101 1.0311 2710
1744801115424 1.1109 2720
1744801125760 1.048 2730
1744801135866 1.0206 2740
1744801146182 1.0909 2750
1744801156496 1.0195 2760
1744801166886 1.0226 2770
1744801177028 1.0918 2780
1744801187445 1.0881 2790
1744801197805 1.1093 2800
1744801207918 1.1013 2810
1744801218325 1.0764 2820
1744801228440 1.0854 2830
1744801238893 1.0804 2840
1744801249204 1.0876 2850
1744801259471 1.096 2860
1744801269954 1.0966 2870
1744801280434 1.0028 2880
1744801290918 1.0339 2890
1744801325969 1.046 2900
1744801336423 1.0753 2910
1744801346599 1.0925 2920
1744801356997 1.0476 2930
1744801367245 1.0595 2940
1744801377486 1.0891 2950
1744801387782 1.0416 2960
1744801398255 1.0131 2970
1744801408920 1.0597 2980
1744801419226 1.0824 2990
1744801429822 1.0469 3000
1744801440399 1.0425 3010
1744801450867 1.0767 3020
1744801461111 1.0606 3030
1744801471447 1.0235 3040
1744801481726 1.0528 3050
1744801492071 1.0415 3060
1744801502590 1.0492 3070
1744801512683 1.0818 3080
1744801548055 1.0274 3090
1744801558470 1.0671 3100
1744801568973 1.0049 3110
1744801579257 1.0789 3120
1744801589454 1.0636 3130
1744801599594 1.01 3140
1744801610146 1.0444 3150
1744801620399 1.0583 3160
1744801630526 1.0527 3170
1744801640885 0.9944 3180
1744801651048 0.9701 3190
1744801661748 1.0077 3200
1744801671858 1.0274 3210
1744801682132 1.0238 3220
1744801692332 1.0161 3230
1744801702431 1.0573 3240
1744801712669 1.0134 3250
1744801723002 1.026 3260
1744801733505 1.018 3270
1744801743637 1.0712 3280
1744801778713 1.0271 3290
1744801789076 0.9902 3300
1744801799247 0.999 3310
1744801809543 1.0311 3320
1744801819959 1.0129 3330
1744801830163 1.0228 3340
1744801840415 1.0606 3350
1744801850687 1.0482 3360
1744801860797 1.0238 3370
1744801871091 1.0201 3380
1744801881248 1.0584 3390
1744801891571 1.0076 3400
1744801901766 1.0308 3410
1744801912012 1.0015 3420
1744801922455 1.0106 3430
1744801932559 1.0436 3440
1744801943300 0.9887 3450
1744801953513 1.0357 3460
1744801963886 1.0221 3470
1744801999138 0.9946 3480
1744802009389 0.9744 3490
1744802019858 0.9733 3500
1744802030155 0.9949 3510
1744802040933 0.9865 3520
1744802051182 1.057 3530
1744802061588 0.9898 3540
1744802072319 1.0241 3550
1744802082612 1.0083 3560
1744802093132 0.9764 3570
1744802103341 1.0085 3580
1744802113714 1.0395 3590
1744802124147 1.0353 3600
1744802134824 0.9816 3610
1744802144931 0.9615 3620
1744802155188 1.0356 3630
1744802165313 1.0007 3640
1744802175576 0.9772 3650
1744802185830 1.0206 3660
1744802220708 0.998 3670
1744802231185 0.9923 3680
1744802241527 1.0321 3690
1744802251636 1.0247 3700
1744802262120 1.0155 3710
1744802272196 0.9619 3720
1744802282845 0.9635 3730
1744802293058 0.9484 3740
1744802303181 0.9686 3750
1744802313410 1.0069 3760
1744802323479 0.9634 3770
1744802334102 0.9669 3780
1744802344394 0.9848 3790
1744802354930 0.9666 3800
1744802365301 0.962 3810
1744802375475 1.0022 3820
1744802385942 1.0023 3830
1744802396190 1.0106 3840
1744802406628 1.0046 3850
1744802416410 1.0053 3860
1744802452140 0.9465 3870
1744802462288 1.0173 3880
1744802472548 0.9818 3890
1744802482673 1.0012 3900
1744802492906 1.0136 3910
1744802503116 0.9438 3920
1744802513228 0.9164 3930
1744802523605 0.9641 3940
1744802534137 1.0158 3950
1744802544951 0.9744 3960
1744802555252 1.008 3970
1744802565712 0.9358 3980
1744802576548 0.9874 3990
1744802586984 0.9673 4000
1744802597535 0.9488 4010
1744802608203 0.9842 4020
1744802618817 0.9657 4030
1744802629211 0.9558 4040
1744802639295 1.0013 4050
1744802673809 0.9927 4060
1744802684079 0.9191 4070
1744802694191 0.9896 4080
1744802704442 0.9423 4090
1744802714534 0.9823 4100
1744802724814 0.9498 4110
1744802735137 0.9451 4120
1744802745380 0.984 4130
1744802755771 0.9276 4140
1744802766049 0.9153 4150
1744802776404 0.9858 4160
1744802786830 0.9154 4170
1744802797022 0.9513 4180
1744802807298 0.9314 4190
1744802817774 0.9045 4200
1744802828354 0.9873 4210
1744802838447 0.9788 4220
1744802848872 0.9969 4230
1744802859364 0.9618 4240
1744802894474 0.9735 4250
1744802904723 0.9747 4260
1744802915132 0.9859 4270
1744802925228 0.9304 4280
1744802935441 0.9488 4290
1744802946099 0.9664 4300
1744802956467 1.0006 4310
1744802967113 0.9949 4320
1744802977863 0.9382 4330
1744802988096 0.9559 4340
1744802998195 0.9429 4350
1744803008524 0.9327 4360
1744803018908 0.953 4370
1744803029093 0.9516 4380
1744803039356 0.9162 4390
1744803049539 0.9548 4400
1744803060028 0.9353 4410
1744803070499 0.9445 4420
1744803080945 0.9335 4430
1744803115993 0.9854 4440
1744803126597 0.9554 4450
1744803137108 0.944 4460
1744803147602 0.9413 4470
1744803158014 0.9752 4480
1744803168253 0.9176 4490
1744803178653 0.9637 4500
1744803189194 0.9308 4510
1744803199447 0.9219 4520
1744803209689 0.943 4530
1744803219946 0.9218 4540
1744803230301 0.987 4550
1744803240609 0.8892 4560
1744803251190 0.9059 4570
1744803261473 0.9911 4580
1744803271757 0.9555 4590
1744803281966 0.9367 4600
1744803292567 1.0078 4610
1744803302972 0.9077 4620
1744803313075 0.9442 4630
1744803347914 0.9382 4640
1744803358153 0.9043 4650
1744803368247 0.8987 4660
1744803378529 0.9198 4670
1744803388737 0.9431 4680
1744803399233 0.9331 4690
1744803409558 0.9395 4700
1744803419653 0.9455 4710
1744803429928 0.918 4720
1744803440278 0.9353 4730
1744803450991 0.9357 4740
1744803461155 0.9411 4750
1744803471405 0.9633 4760
1744803481826 0.9732 4770
1744803492049 0.9051 4780
1744803502462 0.8871 4790
1744803513011 0.9192 4800
1744803523307 0.9535 4810
1744803534248 0.945 4820
1744803569373 0.9423 4830
1744803579463 0.9346 4840
1744803589680 0.9221 4850
1744803599926 0.9658 4860
1744803610586 0.961 4870
1744803621528 0.9063 4880
1744803631942 0.9092 4890
1744803642517 0.9381 4900
1744803653107 0.9595 4910
1744803663364 0.8891 4920
1744803673522 0.8985 4930
1744803683780 0.9248 4940
1744803694110 0.9311 4950
1744803704249 0.9156 4960
1744803714564 0.9441 4970
1744803724809 0.971 4980
1744803735034 0.9652 4990
1744803745142 0.9137 5000
1744803755453 0.9339 5010
1744803790288 0.9213 5020
1744803800688 0.9315 5030
1744803811096 0.9527 5040
1744803821504 0.9142 5050
1744803831838 0.9297 5060
1744803842583 0.9077 5070
1744803853207 0.953 5080
1744803863440 0.8818 5090
1744803873752 0.9247 5100
1744803884026 0.9071 5110
1744803894335 0.9043 5120
1744803904892 0.9433 5130
1744803915150 0.9118 5140
1744803925658 0.9079 5150
1744803936157 0.9812 5160
1744803946755 0.9263 5170
1744803956972 0.9105 5180
1744803967468 0.9286 5190
1744803977871 0.9654 5200
1744803987789 0.9625 5210
1744804022987 0.9526 5220
1744804033391 0.9384 5230
1744804043616 0.9238 5240
1744804054162 0.9137 5250
1744804064749 0.9168 5260
1744804075256 0.9567 5270
1744804085842 0.8825 5280
1744804095972 0.9134 5290
1744804106216 0.9393 5300
1744804116448 0.9087 5310
1744804126686 0.8971 5320
1744804137120 0.8961 5330
1744804147248 0.9211 5340
1744804157828 0.942 5350
1744804168184 0.9583 5360
1744804178380 0.9099 5370
1744804188987 0.967 5380
1744804199264 0.9774 5390
1744804209574 0.9293 5400
1744804244397 0.9411 5410
1744804254776 0.9637 5420
1744804265133 0.9326 5430
1744804275518 0.9346 5440
1744804286131 0.941 5450
1744804296771 0.8925 5460
1744804307160 0.8943 5470
1744804317388 0.9428 5480
1744804327525 0.9222 5490
1744804337822 0.9595 5500
1744804348021 0.9846 5510
1744804358307 0.9387 5520
1744804368776 0.9259 5530
1744804379224 0.9248 5540
1744804389489 0.9581 5550
1744804399628 0.9112 5560
1744804409826 0.9318 5570
1744804420071 0.9297 5580
1744804430644 0.9351 5590
1744804466155 0.8909 5600
1744804476846 0.9126 5610
1744804487236 0.9147 5620
1744804497389 0.8802 5630
1744804507787 0.9367 5640
1744804518223 0.9165 5650
1744804528737 0.9036 5660
1744804539105 0.9367 5670
1744804549376 0.9289 5680
1744804559875 0.8947 5690
1744804570219 0.9099 5700
1744804580488 0.9294 5710
1744804590805 0.8913 5720
1744804601233 0.9141 5730
1744804611345 0.9304 5740
1744804621761 0.9426 5750
1744804631972 0.9573 5760
1744804642203 0.8993 5770
1744804652603 0.9322 5780
1744804662428 0.9274 5790
