1744578909126 0.2631578947368421 10
1744578917472 0.5263157894736842 20
1744578925699 0.7894736842105263 30
1744578941685 1.0 38
1744578945367 1.0526315789473684 40
1744578953805 1.3157894736842106 50
1744578962389 1.5789473684210527 60
1744578970612 1.8421052631578947 70
1744578982146 2.0 76
1744578987413 2.1052631578947367 80
1744578996122 2.3684210526315788 90
1744579005088 2.6315789473684212 100
1744579013260 2.8947368421052633 110
1744579022603 3.0 114
1744579029543 3.1578947368421053 120
1744579037823 3.4210526315789473 130
1744579045879 3.6842105263157894 140
1744579054240 3.9473684210526314 150
1744579061950 4.0 152
1744579070564 4.2105263157894735 160
1744579079105 4.473684210526316 170
1744579087228 4.7368421052631575 180
1744579094782 5.0 190
1744579101599 5.0 190
1744579103358 5.0 190
1744579103955 5.0 0
1744579111364 5.0 190
