1744578909126 3.1224701404571533 10
1744578917472 1.0470616817474365 20
1744578925699 0.9876047372817993 30
1744578945367 1.09445059299469 40
1744578953805 1.1936089992523193 50
1744578962389 1.193234920501709 60
1744578970612 1.1852259635925293 70
1744578987413 1.1949762105941772 80
1744578996122 1.2076036930084229 90
1744579005088 1.155934453010559 100
1744579013260 1.180307388305664 110
1744579029543 1.2766448259353638 120
1744579037823 1.1935420036315918 130
1744579045879 1.319305658340454 140
1744579054240 1.2415664196014404 150
1744579070564 1.2307056188583374 160
1744579079105 1.2345836162567139 170
1744579087228 1.1791584491729736 180
1744579094782 3.684981346130371 190
