1744578909126 1.9052631578947368e-05 10
1744578917472 1.8e-05 20
1744578925699 1.6947368421052633e-05 30
1744578945367 1.5894736842105266e-05 40
1744578953805 1.4842105263157895e-05 50
1744578962389 1.3789473684210528e-05 60
1744578970612 1.2736842105263159e-05 70
1744578987413 1.1684210526315792e-05 80
1744578996122 1.0631578947368421e-05 90
1744579005088 9.578947368421054e-06 100
1744579013260 8.526315789473685e-06 110
1744579029543 7.473684210526316e-06 120
1744579037823 6.421052631578948e-06 130
1744579045879 5.36842105263158e-06 140
1744579054240 4.315789473684211e-06 150
1744579070564 3.2631578947368423e-06 160
1744579079105 2.2105263157894738e-06 170
1744579087228 1.1578947368421053e-06 180
1744579094782 1.0526315789473685e-07 190
