1744583076195 0.2631578947368421 10
1744583084542 0.5263157894736842 20
1744583092677 0.7894736842105263 30
1744583108137 1.0 38
1744583111982 1.0526315789473684 40
1744583120762 1.3157894736842106 50
1744583129585 1.5789473684210527 60
1744583138100 1.8421052631578947 70
1744583149197 2.0 76
1744583154334 2.1052631578947367 80
1744583162818 2.3684210526315788 90
1744583171115 2.6315789473684212 100
1744583179459 2.8947368421052633 110
1744583188795 3.0 114
1744583195603 3.1578947368421053 120
1744583203903 3.4210526315789473 130
1744583212042 3.6842105263157894 140
1744583220607 3.9473684210526314 150
1744583228625 4.0 152
1744583237339 4.2105263157894735 160
1744583245631 4.473684210526316 170
1744583253893 4.7368421052631575 180
1744583261252 5.0 190
1744583268294 5.0 190
1744583270041 5.0 190
1744583270594 5.0 0
1744583278193 5.0 190
