1744583076195 1.0022530555725098 10
1744583084542 1.0023622512817383 20
1744583092677 1.0427610874176025 30
1744583111982 1.1426359415054321 40
1744583120762 1.1258023977279663 50
1744583129585 1.2297396659851074 60
1744583138100 1.1642677783966064 70
1744583154334 1.1746309995651245 80
1744583162818 1.1016130447387695 90
1744583171115 1.3884085416793823 100
1744583179459 1.348956823348999 110
1744583195603 1.2726367712020874 120
1744583203903 1.258569598197937 130
1744583212042 1.2496364116668701 140
1744583220607 1.2777546644210815 150
1744583237339 1.3058123588562012 160
1744583245631 1.3516255617141724 170
1744583253893 1.3150862455368042 180
1744583261252 3.3201441764831543 190
