1744583076195 1.9052631578947368e-05 10
1744583084542 1.8e-05 20
1744583092677 1.6947368421052633e-05 30
1744583111982 1.5894736842105266e-05 40
1744583120762 1.4842105263157895e-05 50
1744583129585 1.3789473684210528e-05 60
1744583138100 1.2736842105263159e-05 70
1744583154334 1.1684210526315792e-05 80
1744583162818 1.0631578947368421e-05 90
1744583171115 9.578947368421054e-06 100
1744583179459 8.526315789473685e-06 110
1744583195603 7.473684210526316e-06 120
1744583203903 6.421052631578948e-06 130
1744583212042 5.36842105263158e-06 140
1744583220607 4.315789473684211e-06 150
1744583237339 3.2631578947368423e-06 160
1744583245631 2.2105263157894738e-06 170
1744583253893 1.1578947368421053e-06 180
1744583261252 1.0526315789473685e-07 190
