1744600200832 0.2631578947368421 10
1744600209512 0.5263157894736842 20
1744600217672 0.7894736842105263 30
1744600233401 1.0 38
1744600237170 1.0526315789473684 40
1744600245528 1.3157894736842106 50
1744600253986 1.5789473684210527 60
1744600262139 1.8421052631578947 70
1744600273176 2.0 76
1744600278365 2.1052631578947367 80
1744600286785 2.3684210526315788 90
1744600295095 2.6315789473684212 100
1744600303252 2.8947368421052633 110
1744600312601 3.0 114
1744600319349 3.1578947368421053 120
1744600327520 3.4210526315789473 130
1744600335553 3.6842105263157894 140
1744600343867 3.9473684210526314 150
1744600351519 4.0 152
1744600360097 4.2105263157894735 160
1744600368414 4.473684210526316 170
1744600376557 4.7368421052631575 180
1744600383920 5.0 190
1744600390692 5.0 190
1744600400976 5.2631578947368425 200
1744600409412 5.526315789473684 210
1744600417473 5.7894736842105265 220
1744600430093 6.0 228
1744600433766 6.052631578947368 230
1744600442132 6.315789473684211 240
1744600450208 6.578947368421053 250
1744600458433 6.842105263157895 260
1744600469341 7.0 266
1744600474699 7.105263157894737 270
1744600482889 7.368421052631579 280
1744600490960 7.631578947368421 290
1744600499246 7.894736842105263 300
1744600508562 8.0 304
1744600515524 8.157894736842104 310
1744600523825 8.421052631578947 320
1744600531855 8.68421052631579 330
1744600540156 8.947368421052632 340
1744600547639 9.0 342
1744600556282 9.210526315789474 350
1744600564370 9.473684210526315 360
1744600572728 9.736842105263158 370
1744600580127 10.0 380
1744600586828 10.0 380
1744600588560 10.0 380
1744600589138 10.0 0
1744600596194 10.0 380
