1744600200832 1.1006436347961426 10
1744600209512 1.1211107969284058 20
1744600217672 1.1856733560562134 30
1744600237170 1.3062115907669067 40
1744600245528 1.2318707704544067 50
1744600253986 1.3985087871551514 60
1744600262139 1.457277536392212 70
1744600278365 1.2965898513793945 80
1744600286785 1.3993712663650513 90
1744600295095 1.734887957572937 100
1744600303252 1.5903918743133545 110
1744600319349 1.5871882438659668 120
1744600327520 1.5470858812332153 130
1744600335553 1.8653181791305542 140
1744600343867 1.8848572969436646 150
1744600360097 1.7049283981323242 160
1744600368414 1.8851284980773926 170
1744600376557 1.5579766035079956 180
1744600383920 3.7800328731536865 190
1744600400976 1.7223292589187622 200
1744600409412 2.107435703277588 210
1744600417473 2.8247053623199463 220
1744600433766 1.7424789667129517 230
1744600442132 2.064649820327759 240
1744600450208 2.0418269634246826 250
1744600458433 2.0786800384521484 260
1744600474699 1.7671314477920532 270
1744600482889 1.9622316360473633 280
1744600490960 2.8253824710845947 290
1744600499246 2.0304787158966064 300
1744600515524 3.2303762435913086 310
1744600523825 2.7965686321258545 320
1744600531855 1.9129713773727417 330
1744600540156 2.7241411209106445 340
1744600556282 2.2099528312683105 350
1744600564370 2.3540282249450684 360
1744600572728 2.382970094680786 370
1744600580127 4.130033493041992 380
