1744600200832 4.881578947368421e-05 10
1744600209512 4.75e-05 20
1744600217672 4.618421052631579e-05 30
1744600237170 4.486842105263158e-05 40
1744600245528 4.355263157894737e-05 50
1744600253986 4.223684210526316e-05 60
1744600262139 4.092105263157895e-05 70
1744600278365 3.960526315789474e-05 80
1744600286785 3.828947368421053e-05 90
1744600295095 3.6973684210526316e-05 100
1744600303252 3.5657894736842106e-05 110
1744600319349 3.4342105263157895e-05 120
1744600327520 3.302631578947369e-05 130
1744600335553 3.1710526315789473e-05 140
1744600343867 3.0394736842105266e-05 150
1744600360097 2.9078947368421055e-05 160
1744600368414 2.776315789473684e-05 170
1744600376557 2.644736842105263e-05 180
1744600383920 2.5131578947368423e-05 190
1744600400976 2.3815789473684212e-05 200
1744600409412 2.25e-05 210
1744600417473 2.118421052631579e-05 220
1744600433766 1.986842105263158e-05 230
1744600442132 1.855263157894737e-05 240
1744600450208 1.723684210526316e-05 250
1744600458433 1.5921052631578948e-05 260
1744600474699 1.4605263157894739e-05 270
1744600482889 1.3289473684210526e-05 280
1744600490960 1.1973684210526315e-05 290
1744600499246 1.0657894736842106e-05 300
1744600515524 9.342105263157895e-06 310
1744600523825 8.026315789473685e-06 320
1744600531855 6.710526315789474e-06 330
1744600540156 5.394736842105263e-06 340
1744600556282 4.078947368421053e-06 350
1744600564370 2.763157894736842e-06 360
1744600572728 1.4473684210526317e-06 370
1744600580127 1.3157894736842107e-07 380
