1744600200832 2.6475 10
1744600209512 2.505 20
1744600217672 2.3745 30
1744600237170 2.2107 40
1744600245528 2.0648 50
1744600253986 1.9534 60
1744600262139 1.8803 70
1744600278365 1.7247 80
1744600286785 1.6918 90
1744600295095 1.6074 100
1744600303252 1.5349 110
1744600319349 1.4661 120
1744600327520 1.3983 130
1744600335553 1.3271 140
1744600343867 1.3366 150
1744600360097 1.2196 160
1744600368414 1.2288 170
1744600376557 1.1697 180
1744600383920 1.1052 190
1744600400976 1.0919 200
1744600409412 1.0885 210
1744600417473 1.0867 220
1744600433766 1.0743 230
1744600442132 1.0237 240
1744600450208 1.0191 250
1744600458433 0.953 260
1744600474699 0.9332 270
1744600482889 0.9454 280
1744600490960 0.953 290
1744600499246 0.9167 300
1744600515524 0.8683 310
1744600523825 0.9088 320
1744600531855 0.8602 330
1744600540156 0.9073 340
1744600556282 0.8498 350
1744600564370 0.8493 360
1744600572728 0.9139 370
1744600580127 0.8457 380
