1744583943412 0.5263157894736842 10
1744583962792 1.0 19
1744583966456 1.0526315789473684 20
1744583979694 1.5789473684210527 30
1744583995470 2.0 38
1744584000723 2.1052631578947367 40
1744584013928 2.6315789473684212 50
1744584028059 3.0 57
1744584034325 3.1578947368421053 60
1744584047784 3.6842105263157894 70
1744584060326 4.0 76
1744584068055 4.2105263157894735 80
1744584081176 4.7368421052631575 90
1744584093289 5.0 95
1744584102227 5.2631578947368425 100
1744584115252 5.7894736842105265 110
1744584125238 6.0 114
1744584135759 6.315789473684211 120
1744584149003 6.842105263157895 130
1744584158235 7.0 133
1744584171073 7.368421052631579 140
1744584184378 7.894736842105263 150
1744584191873 8.0 152
1744584205057 8.421052631578947 160
1744584217802 8.947368421052632 170
1744584224149 9.0 171
1744584238506 9.473684210526315 180
1744584250191 10.0 190
1744584256527 10.0 190
1744584258318 10.0 190
1744584258862 10.0 0
1744584265368 10.0 190
