1744583943412 0.7195261716842651 10
1744583966456 0.8174547553062439 20
1744583979694 0.8782835602760315 30
1744584000723 0.9148411750793457 40
1744584013928 0.9370625019073486 50
1744584034325 1.0154775381088257 60
1744584047784 0.946046769618988 70
1744584068055 0.9802689552307129 80
1744584081176 1.0121783018112183 90
1744584102227 1.0908414125442505 100
1744584115252 1.116943597793579 110
1744584135759 1.0932259559631348 120
1744584149003 1.1594626903533936 130
1744584171073 1.0732760429382324 140
1744584184378 1.0792847871780396 150
1744584205057 1.104154109954834 160
1744584217802 1.0602930784225464 170
1744584238506 1.0208526849746704 180
1744584250191 1.2982364892959595 190
