1744583943412 1.9052631578947368e-05 10
1744583966456 1.8e-05 20
1744583979694 1.6947368421052633e-05 30
1744584000723 1.5894736842105266e-05 40
1744584013928 1.4842105263157895e-05 50
1744584034325 1.3789473684210528e-05 60
1744584047784 1.2736842105263159e-05 70
1744584068055 1.1684210526315792e-05 80
1744584081176 1.0631578947368421e-05 90
1744584102227 9.578947368421054e-06 100
1744584115252 8.526315789473685e-06 110
1744584135759 7.473684210526316e-06 120
1744584149003 6.421052631578948e-06 130
1744584171073 5.36842105263158e-06 140
1744584184378 4.315789473684211e-06 150
1744584205057 3.2631578947368423e-06 160
1744584217802 2.2105263157894738e-06 170
1744584238506 1.1578947368421053e-06 180
1744584250191 1.0526315789473685e-07 190
