1744725180031 0.4 10
1744725210930 0.8 20
1744725239500 1.0 25
1744725258476 1.2 30
1744725289605 1.6 40
1744725315947 2.0 50
1744725332207 2.0 50
1744725366271 2.4 60
1744725396771 2.8 70
1744725423618 3.0 75
1744725442541 3.2 80
1744725473287 3.6 90
1744725499661 4.0 100
1744725516550 4.0 100
1744725550970 4.4 110
1744725581554 4.8 120
1744725608674 5.0 125
1744725627680 5.2 130
1744725658256 5.6 140
1744725684510 6.0 150
1744725700864 6.0 150
1744725735106 6.4 160
1744725765685 6.8 170
1744725792474 7.0 175
1744725811707 7.2 180
1744725842064 7.6 190
1744725868336 8.0 200
1744725884434 8.0 200
1744725918458 8.4 210
1744725948863 8.8 220
1744725975812 9.0 225
1744725994541 9.2 230
1744726025115 9.6 240
1744726051323 10.0 250
1744726067095 10.0 250
1744726101063 10.4 260
1744726131575 10.8 270
1744726158608 11.0 275
1744726177250 11.2 280
1744726207941 11.6 290
1744726233954 12.0 300
1744726250306 12.0 300
1744726284010 12.4 310
1744726314566 12.8 320
1744726341342 13.0 325
1744726360025 13.2 330
1744726390552 13.6 340
1744726416602 14.0 350
1744726432848 14.0 350
1744726467031 14.4 360
1744726497332 14.8 370
1744726524286 15.0 375
1744726542937 15.2 380
1744726573332 15.6 390
1744726599050 16.0 400
1744726615106 16.0 400
1744726649110 16.4 410
1744726679575 16.8 420
1744726707199 17.0 425
1744726725628 17.2 430
1744726756169 17.6 440
1744726782031 18.0 450
1744726798113 18.0 450
1744726832142 18.4 460
1744726862795 18.8 470
1744726889898 19.0 475
1744726908783 19.2 480
1744726938985 19.6 490
1744726964684 20.0 500
1744726981162 20.0 500
1744727014834 20.4 510
1744727045573 20.8 520
1744727072391 21.0 525
1744727090955 21.2 530
1744727121823 21.6 540
1744727147957 22.0 550
1744727163858 22.0 550
1744727197915 22.4 560
1744727228053 22.8 570
1744727254954 23.0 575
1744727273697 23.2 580
1744727304206 23.6 590
1744727330067 24.0 600
1744727346519 24.0 600
1744727380649 24.4 610
1744727411179 24.8 620
1744727438030 25.0 625
1744727456710 25.2 630
1744727487218 25.6 640
1744727513108 26.0 650
1744727529026 26.0 650
1744727562706 26.4 660
1744727593086 26.8 670
1744727620146 27.0 675
1744727638794 27.2 680
1744727669343 27.6 690
1744727695436 28.0 700
1744727712106 28.0 700
1744727746235 28.4 710
1744727776915 28.8 720
1744727803831 29.0 725
1744727822422 29.2 730
1744727853258 29.6 740
1744727879074 30.0 750
1744727895234 30.0 750
1744727896852 30.0 750
1744727897291 30.0 0
1744727913320 30.0 750
