1744725180031 0.6203257441520691 10
1744725210930 0.604040801525116 20
1744725258476 0.627985417842865 30
1744725289605 0.7186224460601807 40
1744725315947 1.399451494216919 50
1744725366271 0.665121853351593 60
1744725396771 0.7051733732223511 70
1744725442541 0.8190569281578064 80
1744725473287 0.7894201874732971 90
1744725499661 1.7514564990997314 100
1744725550970 1.0355730056762695 110
1744725581554 0.9134772419929504 120
1744725627680 0.9253491163253784 130
1744725658256 0.9288419485092163 140
1744725684510 2.986109733581543 150
1744725735106 1.236354112625122 160
1744725765685 1.066409945487976 170
1744725811707 1.2622714042663574 180
1744725842064 1.4117951393127441 190
1744725868336 2.5007004737854004 200
1744725918458 1.2956258058547974 210
1744725948863 1.3594895601272583 220
1744725994541 1.3200404644012451 230
1744726025115 1.4572694301605225 240
1744726051323 4.165640830993652 250
1744726101063 1.3737099170684814 260
1744726131575 1.510250449180603 270
1744726177250 2.2507364749908447 280
1744726207941 1.5904998779296875 290
1744726233954 5.327230930328369 300
1744726284010 1.2778687477111816 310
1744726314566 1.632927417755127 320
1744726360025 1.5958982706069946 330
1744726390552 1.8011558055877686 340
1744726416602 4.160092353820801 350
1744726467031 3.68367600440979 360
1744726497332 1.6376451253890991 370
1744726542937 1.711523413658142 380
1744726573332 1.5719300508499146 390
1744726599050 5.02791166305542 400
1744726649110 1.732848048210144 410
1744726679575 1.566384196281433 420
1744726725628 2.1550960540771484 430
1744726756169 2.1067569255828857 440
1744726782031 4.436683654785156 450
1744726832142 1.498835802078247 460
1744726862795 1.7537672519683838 470
1744726908783 1.7883509397506714 480
1744726938985 1.6240978240966797 490
1744726964684 9.358312606811523 500
1744727014834 1.9720160961151123 510
1744727045573 1.8151336908340454 520
1744727090955 1.643935203552246 530
1744727121823 2.122725009918213 540
1744727147957 5.244207382202148 550
1744727197915 1.840806484222412 560
1744727228053 1.6056121587753296 570
1744727273697 1.7818408012390137 580
1744727304206 1.8333181142807007 590
1744727330067 7.264608860015869 600
1744727380649 1.775477647781372 610
1744727411179 1.437608003616333 620
1744727456710 1.8508789539337158 630
1744727487218 1.8666198253631592 640
1744727513108 4.515338897705078 650
1744727562706 1.6021851301193237 660
1744727593086 1.7670133113861084 670
1744727638794 1.5643492937088013 680
1744727669343 3.108130931854248 690
1744727695436 7.423369407653809 700
1744727746235 1.668691873550415 710
1744727776915 1.688408374786377 720
1744727822422 1.7657713890075684 730
1744727853258 2.0254576206207275 740
1744727879074 9.841543197631836 750
