1744725180031 6e-06 10
1744725210930 1.2666666666666668e-05 20
1744725258476 1.9333333333333333e-05 30
1744725289605 2.6000000000000002e-05 40
1744725315947 3.266666666666667e-05 50
1744725366271 3.933333333333333e-05 60
1744725396771 4.600000000000001e-05 70
1744725442541 4.99956677884892e-05 80
1744725473287 4.99469476505012e-05 90
1744725499661 4.984419797901491e-05 100
1744725550970 4.968764130693877e-05 110
1744725581554 4.94776167011629e-05 120
1744725627680 4.9214579028215776e-05 130
1744725658256 4.889909796912454e-05 140
1744725684510 4.8531856785612794e-05 150
1744725735106 4.8113650840307834e-05 160
1744725765685 4.764538587416233e-05 170
1744725811707 4.712807604482108e-05 180
1744725842064 4.656284173018144e-05 190
1744725868336 4.595090710190418e-05 200
1744725918458 4.529359747413037e-05 210
1744725948863 4.4592336433146e-05 220
1744725994541 4.3848642754211086e-05 230
1744726025115 4.30641271122307e-05 240
1744726051323 4.224048859339175e-05 250
1744726101063 4.1379511015320626e-05 260
1744726131575 4.0483059063731504e-05 270
1744726177250 3.955307425393224e-05 280
1744726207941 3.859157072593458e-05 290
1744726233954 3.7600630882275416e-05 300
1744726284010 3.6582400877996546e-05 310
1744726314566 3.553908597255078e-05 320
1744726360025 3.447294575370103e-05 330
1744726390552 3.338628924375638e-05 340
1744726416602 3.228146989874389e-05 350
1744726467031 3.116088051134695e-05 360
1744726497332 3.002694802864912e-05 370
1744726542937 2.888212829590719e-05 380
1744726573332 2.77289007377372e-05 390
1744726599050 2.656976298823284e-05 400
1744726649110 2.5407225481646147e-05 410
1744726679575 2.4243806015345984e-05 420
1744726725628 2.3082024296829536e-05 430
1744726756169 2.192439648659699e-05 440
1744726782031 2.0773429748708153e-05 450
1744726832142 1.963161682082342e-05 460
1744726862795 1.850143061548907e-05 470
1744726908783 1.7385318864359305e-05 480
1744726938985 1.6285698816954624e-05 490
1744726964684 1.520495200543754e-05 500
1744727014834 1.4145419086744299e-05 510
1744727045573 1.3109394773243117e-05 520
1744727090955 1.2099122862898212e-05 530
1744727121823 1.111679137970303e-05 540
1744727147957 1.0164527834907467e-05 550
1744727197915 9.244394619302338e-06 560
1744727228053 8.35838453654009e-06 570
1744727273697 7.508416487165862e-06 580
1744727304206 6.696331312706244e-06 590
1744727330067 5.923887808816372e-06 600
1744727380649 5.192758916120236e-06 610
1744727411179 4.504528096993785e-06 620
1744727456710 3.86068590613804e-06 630
1744727487218 3.262626762369525e-06 640
1744727513108 2.7116459286195883e-06 650
1744727562706 2.208936706683351e-06 660
1744727593086 1.7555878527937164e-06 670
1744727638794 1.3525812196178239e-06 680
1744727669343 1.0007896297828113e-06 690
1744727695436 7.009749855363456e-07 700
1744727746235 4.537866186360207e-07 710
1744727776915 2.59759884041369e-07 720
1744727822422 1.193150004542204e-07 730
1744727853258 3.2756140218576095e-08 740
1744727879074 2.7077055103075235e-10 750
