1744725180031 3.7257 10
1744725210930 3.6914 20
1744725258476 3.6234 30
1744725289605 3.5048 40
1744725315947 3.3584 50
1744725366271 3.2019 60
1744725396771 3.062 70
1744725442541 2.8886 80
1744725473287 2.7683 90
1744725499661 2.6287 100
1744725550970 2.5008 110
1744725581554 2.4113 120
1744725627680 2.2885 130
1744725658256 2.1798 140
1744725684510 2.1166 150
1744725735106 2.0101 160
1744725765685 1.9723 170
1744725811707 1.9109 180
1744725842064 1.8487 190
1744725868336 1.746 200
1744725918458 1.7393 210
1744725948863 1.6969 220
1744725994541 1.6054 230
1744726025115 1.6181 240
1744726051323 1.5734 250
1744726101063 1.541 260
1744726131575 1.5168 270
1744726177250 1.4934 280
1744726207941 1.4513 290
1744726233954 1.4527 300
1744726284010 1.3935 310
1744726314566 1.3543 320
1744726360025 1.3932 330
1744726390552 1.3485 340
1744726416602 1.3118 350
1744726467031 1.2961 360
1744726497332 1.3226 370
1744726542937 1.2945 380
1744726573332 1.2952 390
1744726599050 1.242 400
1744726649110 1.2447 410
1744726679575 1.2038 420
1744726725628 1.2189 430
1744726756169 1.2125 440
1744726782031 1.1926 450
1744726832142 1.1627 460
1744726862795 1.1548 470
1744726908783 1.1539 480
1744726938985 1.1415 490
1744726964684 1.1791 500
1744727014834 1.1279 510
1744727045573 1.1229 520
1744727090955 1.1185 530
1744727121823 1.1089 540
1744727147957 1.0886 550
1744727197915 1.1066 560
1744727228053 1.0868 570
1744727273697 1.124 580
1744727304206 1.0896 590
1744727330067 1.1073 600
1744727380649 1.0843 610
1744727411179 1.0693 620
1744727456710 1.0346 630
1744727487218 1.0752 640
1744727513108 1.0504 650
1744727562706 1.0619 660
1744727593086 1.0685 670
1744727638794 1.0537 680
1744727669343 1.0804 690
1744727695436 1.1021 700
1744727746235 1.0614 710
1744727776915 1.0933 720
1744727822422 1.0654 730
1744727853258 1.06 740
1744727879074 1.0883 750
