1744599774293 0.2631578947368421 10
1744599782667 0.5263157894736842 20
1744599790909 0.7894736842105263 30
1744599806629 1.0 38
1744599810478 1.0526315789473684 40
1744599819083 1.3157894736842106 50
1744599827932 1.5789473684210527 60
1744599836384 1.8421052631578947 70
1744599848139 2.0 76
1744599853552 2.1052631578947367 80
1744599862061 2.3684210526315788 90
1744599870447 2.6315789473684212 100
1744599878593 2.8947368421052633 110
1744599887970 3.0 114
1744599894808 3.1578947368421053 120
1744599903196 3.4210526315789473 130
1744599911273 3.6842105263157894 140
1744599919516 3.9473684210526314 150
1744599927297 4.0 152
1744599935788 4.2105263157894735 160
1744599944021 4.473684210526316 170
1744599952093 4.7368421052631575 180
1744599959544 5.0 190
1744599966327 5.0 190
1744599968056 5.0 190
1744599968599 5.0 0
1744599975700 5.0 190
