1744599774293 1.047340989112854 10
1744599782667 1.1415163278579712 20
1744599790909 1.1781584024429321 30
1744599810478 1.2341207265853882 40
1744599819083 1.1981092691421509 50
1744599827932 1.362773060798645 60
1744599836384 1.265118956565857 70
1744599853552 1.3118292093276978 80
1744599862061 1.3933590650558472 90
1744599870447 1.4732528924942017 100
1744599878593 1.5097835063934326 110
1744599894808 1.697893500328064 120
1744599903196 1.6725847721099854 130
1744599911273 1.363713026046753 140
1744599919516 1.5432045459747314 150
1744599935788 1.6954344511032104 160
1744599944021 1.6866556406021118 170
1744599952093 1.5264060497283936 180
1744599959544 4.180184364318848 190
