1744599774293 4.7631578947368424e-05 10
1744599782667 4.5e-05 20
1744599790909 4.236842105263158e-05 30
1744599810478 3.973684210526316e-05 40
1744599819083 3.710526315789474e-05 50
1744599827932 3.447368421052632e-05 60
1744599836384 3.1842105263157895e-05 70
1744599853552 2.9210526315789477e-05 80
1744599862061 2.6578947368421052e-05 90
1744599870447 2.394736842105263e-05 100
1744599878593 2.1315789473684212e-05 110
1744599894808 1.868421052631579e-05 120
1744599903196 1.605263157894737e-05 130
1744599911273 1.3421052631578948e-05 140
1744599919516 1.0789473684210526e-05 150
1744599935788 8.157894736842106e-06 160
1744599944021 5.526315789473684e-06 170
1744599952093 2.8947368421052634e-06 180
1744599959544 2.6315789473684213e-07 190
