1744588117125 0.5263157894736842 10
1744588136797 1.0 19
1744588140512 1.0526315789473684 20
1744588153866 1.5789473684210527 30
1744588169506 2.0 38
1744588174518 2.1052631578947367 40
1744588187629 2.6315789473684212 50
1744588201795 3.0 57
1744588208119 3.1578947368421053 60
1744588221414 3.6842105263157894 70
1744588234126 4.0 76
1744588241845 4.2105263157894735 80
1744588255149 4.7368421052631575 90
1744588266717 5.0 95
1744588275706 5.2631578947368425 100
1744588288971 5.7894736842105265 110
1744588299314 6.0 114
1744588309904 6.315789473684211 120
1744588323063 6.842105263157895 130
1744588331722 7.0 133
1744588343731 7.368421052631579 140
1744588357039 7.894736842105263 150
1744588364604 8.0 152
1744588377634 8.421052631578947 160
1744588390863 8.947368421052632 170
1744588397371 9.0 171
1744588411943 9.473684210526315 180
1744588423942 10.0 190
1744588430321 10.0 190
1744588432128 10.0 190
1744588432689 10.0 0
1744588438772 10.0 190
