1744588117125 0.8487389087677002 10
1744588140512 0.8316879868507385 20
1744588153866 0.8867933750152588 30
1744588174518 0.8808157444000244 40
1744588187629 0.9135382771492004 50
1744588208119 0.9902403950691223 60
1744588221414 1.0004900693893433 70
1744588241845 0.9889571070671082 80
1744588255149 1.04240083694458 90
1744588275706 1.029520869255066 100
1744588288971 1.084614634513855 110
1744588309904 1.030320644378662 120
1744588323063 1.086479902267456 130
1744588343731 1.0341278314590454 140
1744588357039 1.0708249807357788 150
1744588377634 1.1431562900543213 160
1744588390863 1.099885106086731 170
1744588411943 1.066015601158142 180
1744588423942 1.4634016752243042 190
