1744588117125 2.8578947368421053e-05 10
1744588140512 2.7000000000000002e-05 20
1744588153866 2.5421052631578948e-05 30
1744588174518 2.3842105263157897e-05 40
1744588187629 2.2263157894736843e-05 50
1744588208119 2.0684210526315792e-05 60
1744588221414 1.9105263157894738e-05 70
1744588241845 1.7526315789473687e-05 80
1744588255149 1.5947368421052633e-05 90
1744588275706 1.4368421052631578e-05 100
1744588288971 1.2789473684210526e-05 110
1744588309904 1.1210526315789473e-05 120
1744588323063 9.63157894736842e-06 130
1744588343731 8.052631578947368e-06 140
1744588357039 6.473684210526316e-06 150
1744588377634 4.894736842105264e-06 160
1744588390863 3.3157894736842107e-06 170
1744588411943 1.7368421052631579e-06 180
1744588423942 1.5789473684210527e-07 190
