1744586290526 0.5263157894736842 10
1744586310167 1.0 19
1744586313875 1.0526315789473684 20
1744586327732 1.5789473684210527 30
1744586343213 2.0 38
1744586348153 2.1052631578947367 40
1744586361488 2.6315789473684212 50
1744586375950 3.0 57
1744586382245 3.1578947368421053 60
1744586395517 3.6842105263157894 70
1744586408424 4.0 76
1744586416166 4.2105263157894735 80
1744586429393 4.7368421052631575 90
1744586441043 5.0 95
1744586450068 5.2631578947368425 100
1744586463285 5.7894736842105265 110
1744586473645 6.0 114
1744586483913 6.315789473684211 120
1744586496956 6.842105263157895 130
1744586505875 7.0 133
1744586517455 7.368421052631579 140
1744586530651 7.894736842105263 150
1744586537972 8.0 152
1744586551038 8.421052631578947 160
1744586563722 8.947368421052632 170
1744586570342 9.0 171
1744586584533 9.473684210526315 180
1744586596599 10.0 190
1744586602598 10.0 190
1744586618135 10.526315789473685 200
1744586634798 11.0 209
1744586638616 11.052631578947368 210
1744586651702 11.578947368421053 220
1744586667119 12.0 228
1744586672301 12.105263157894736 230
1744586685481 12.631578947368421 240
1744586699594 13.0 247
1744586705983 13.157894736842104 250
1744586719061 13.68421052631579 260
1744586731934 14.0 266
1744586739600 14.210526315789474 270
1744586753007 14.736842105263158 280
1744586764889 15.0 285
1744586774256 15.263157894736842 290
1744586787218 15.789473684210526 300
1744586797789 16.0 304
1744586808536 16.31578947368421 310
1744586821931 16.842105263157894 320
1744586831403 17.0 323
1744586843150 17.36842105263158 330
1744586856590 17.894736842105264 340
1744586864088 18.0 342
1744586877209 18.42105263157895 350
1744586889971 18.94736842105263 360
1744586896601 19.0 361
1744586910931 19.473684210526315 370
1744586922978 20.0 380
1744586928969 20.0 380
1744586930783 20.0 380
1744586931317 20.0 0
1744586937366 20.0 380
