1744586290526 0.7223719954490662 10
1744586313875 0.8494375944137573 20
1744586327732 0.8883439898490906 30
1744586348153 0.928399384021759 40
1744586361488 0.9457350373268127 50
1744586382245 0.9731261730194092 60
1744586395517 0.9407205581665039 70
1744586416166 1.0305875539779663 80
1744586429393 1.0361076593399048 90
1744586450068 1.1128833293914795 100
1744586463285 1.1206852197647095 110
1744586483913 1.0941262245178223 120
1744586496956 1.2141971588134766 130
1744586517455 1.0790404081344604 140
1744586530651 1.1589784622192383 150
1744586551038 1.2139376401901245 160
1744586563722 1.2464040517807007 170
1744586584533 1.221220850944519 180
1744586596599 1.5643951892852783 190
1744586618135 1.3337535858154297 200
1744586638616 1.3769431114196777 210
1744586651702 1.3501616716384888 220
1744586672301 1.2455155849456787 230
1744586685481 1.4860031604766846 240
1744586705983 1.366652011871338 250
1744586719061 1.367233157157898 260
1744586739600 1.4533473253250122 270
1744586753007 1.3094581365585327 280
1744586774256 1.3163846731185913 290
1744586787218 1.465545654296875 300
1744586808536 1.282053828239441 310
1744586821931 1.3129055500030518 320
1744586843150 1.9126477241516113 330
1744586856590 1.471936821937561 340
1744586877209 1.4709028005599976 350
1744586889971 1.3707468509674072 360
1744586910931 1.349132776260376 370
1744586922978 1.8154195547103882 380
