1744586290526 1.9526315789473688e-05 10
1744586313875 1.9e-05 20
1744586327732 1.8473684210526317e-05 30
1744586348153 1.7947368421052634e-05 40
1744586361488 1.742105263157895e-05 50
1744586382245 1.6894736842105263e-05 60
1744586395517 1.636842105263158e-05 70
1744586416166 1.5842105263157896e-05 80
1744586429393 1.5315789473684212e-05 90
1744586450068 1.4789473684210527e-05 100
1744586463285 1.4263157894736843e-05 110
1744586483913 1.373684210526316e-05 120
1744586496956 1.3210526315789476e-05 130
1744586517455 1.268421052631579e-05 140
1744586530651 1.2157894736842107e-05 150
1744586551038 1.1631578947368423e-05 160
1744586563722 1.1105263157894736e-05 170
1744586584533 1.0578947368421053e-05 180
1744586596599 1.005263157894737e-05 190
1744586618135 9.526315789473684e-06 200
1744586638616 9e-06 210
1744586651702 8.473684210526317e-06 220
1744586672301 7.947368421052633e-06 230
1744586685481 7.421052631578948e-06 240
1744586705983 6.894736842105264e-06 250
1744586719061 6.3684210526315795e-06 260
1744586739600 5.842105263157896e-06 270
1744586753007 5.315789473684211e-06 280
1744586774256 4.789473684210527e-06 290
1744586787218 4.2631578947368425e-06 300
1744586808536 3.736842105263158e-06 310
1744586821931 3.210526315789474e-06 320
1744586843150 2.68421052631579e-06 330
1744586856590 2.1578947368421054e-06 340
1744586877209 1.6315789473684212e-06 350
1744586889971 1.1052631578947369e-06 360
1744586910931 5.789473684210526e-07 370
1744586922978 5.263157894736842e-08 380
