1744586290526 2.6809 10
1744586313875 2.5968 20
1744586327732 2.5105 30
1744586348153 2.4276 40
1744586361488 2.3486 50
1744586382245 2.2628 60
1744586395517 2.1787 70
1744586416166 2.1202 80
1744586429393 2.0436 90
1744586450068 1.9591 100
1744586463285 1.9214 110
1744586483913 1.8742 120
1744586496956 1.8138 130
1744586517455 1.7547 140
1744586530651 1.7301 150
1744586551038 1.6847 160
1744586563722 1.6482 170
1744586584533 1.6035 180
1744586596599 1.5976 190
1744586618135 1.5508 200
1744586638616 1.5443 210
1744586651702 1.5098 220
1744586672301 1.4839 230
1744586685481 1.4547 240
1744586705983 1.442 250
1744586719061 1.445 260
1744586739600 1.4161 270
1744586753007 1.3988 280
1744586774256 1.3894 290
1744586787218 1.3922 300
1744586808536 1.3361 310
1744586821931 1.3633 320
1744586843150 1.3515 330
1744586856590 1.3399 340
1744586877209 1.3073 350
1744586889971 1.3622 360
1744586910931 1.3279 370
1744586922978 1.3234 380
