1744873460714 0.07874015748031496 10
1744873471792 0.15748031496062992 20
1744873482275 0.23622047244094488 30
1744873493443 0.31496062992125984 40
1744873503936 0.3937007874015748 50
1744873514459 0.47244094488188976 60
1744873524975 0.5511811023622047 70
1744873535256 0.6299212598425197 80
1744873545735 0.7086614173228346 90
1744873555885 0.7874015748031497 100
1744873566467 0.8661417322834646 110
1744873577009 0.9448818897637795 120
1744873599483 1.0 127
1744873604377 1.0236220472440944 130
1744873614605 1.1023622047244095 140
1744873624932 1.1811023622047245 150
1744873635445 1.2598425196850394 160
1744873645548 1.3385826771653544 170
1744873656448 1.4173228346456692 180
1744873666478 1.4960629921259843 190
1744873676785 1.574803149606299 200
1744873687139 1.6535433070866141 210
1744873697966 1.7322834645669292 220
1744873708303 1.811023622047244 230
1744873718368 1.889763779527559 240
1744873729162 1.968503937007874 250
1744873748141 2.0 254
1744873756131 2.047244094488189 260
1744873766629 2.1259842519685037 270
1744873777172 2.204724409448819 280
1744873787514 2.283464566929134 290
1744873797658 2.362204724409449 300
1744873808110 2.440944881889764 310
1744873818247 2.5196850393700787 320
1744873829019 2.5984251968503935 330
1744873839711 2.677165354330709 340
1744873849792 2.7559055118110236 350
1744873859944 2.8346456692913384 360
1744873870405 2.9133858267716537 370
1744873880691 2.9921259842519685 380
1744873896805 3.0 381
1744873907817 3.0708661417322833 390
1744873918014 3.1496062992125986 400
1744873928042 3.2283464566929134 410
1744873938502 3.3070866141732282 420
1744873948676 3.3858267716535435 430
1744873959281 3.4645669291338583 440
1744873970006 3.543307086614173 450
1744873980183 3.622047244094488 460
1744873990671 3.7007874015748032 470
1744874001136 3.779527559055118 480
1744874011359 3.8582677165354333 490
1744874021417 3.937007874015748 500
1744874044749 4.0 508
1744874048935 4.015748031496063 510
1744874059254 4.094488188976378 520
1744874069440 4.173228346456693 530
1744874079658 4.251968503937007 540
1744874090210 4.330708661417323 550
1744874100373 4.409448818897638 560
1744874110723 4.488188976377953 570
1744874121349 4.566929133858268 580
1744874131453 4.645669291338582 590
1744874141627 4.724409448818898 600
1744874152139 4.803149606299213 610
1744874162291 4.881889763779528 620
1744874172522 4.960629921259843 630
1744874192593 5.0 635
1744874199562 5.039370078740157 640
1744874209606 5.118110236220472 650
1744874219960 5.196850393700787 660
1744874230204 5.275590551181103 670
1744874240245 5.354330708661418 680
1744874250936 5.433070866141732 690
1744874261422 5.511811023622047 700
1744874271590 5.590551181102362 710
1744874281936 5.669291338582677 720
1744874292167 5.748031496062993 730
1744874302487 5.826771653543307 740
1744874312652 5.905511811023622 750
1744874322954 5.984251968503937 760
1744874339627 6.0 762
1744874349981 6.062992125984252 770
1744874360294 6.141732283464567 780
1744874370302 6.2204724409448815 790
1744874380698 6.299212598425197 800
1744874391079 6.377952755905512 810
1744874401637 6.456692913385827 820
1744874411875 6.535433070866142 830
1744874421887 6.6141732283464565 840
1744874432059 6.692913385826771 850
1744874442255 6.771653543307087 860
1744874452639 6.850393700787402 870
1744874462880 6.929133858267717 880
1744874487052 7.0 889
1744874490068 7.0078740157480315 890
1744874500520 7.086614173228346 900
1744874511043 7.165354330708661 910
1744874521366 7.244094488188976 920
1744874531934 7.322834645669292 930
1744874542318 7.4015748031496065 940
1744874552551 7.480314960629921 950
1744874562908 7.559055118110236 960
1744874573197 7.637795275590551 970
1744874583621 7.716535433070866 980
1744874593789 7.7952755905511815 990
1744874604001 7.874015748031496 1000
1744874614183 7.952755905511811 1010
1744874635000 8.0 1016
1744874641167 8.031496062992126 1020
1744874651438 8.11023622047244 1030
1744874661674 8.188976377952756 1040
1744874671856 8.26771653543307 1050
1744874682021 8.346456692913385 1060
1744874692221 8.4251968503937 1070
1744874702395 8.503937007874015 1080
1744874712715 8.582677165354331 1090
1744874722979 8.661417322834646 1100
1744874733336 8.740157480314961 1110
1744874743589 8.818897637795276 1120
1744874754195 8.89763779527559 1130
1744874764657 8.976377952755906 1140
1744874782291 9.0 1143
1744874791591 9.05511811023622 1150
1744874801801 9.133858267716535 1160
1744874811810 9.21259842519685 1170
1744874822287 9.291338582677165 1180
1744874832820 9.37007874015748 1190
1744874843192 9.448818897637794 1200
1744874853411 9.527559055118111 1210
1744874863842 9.606299212598426 1220
1744874874366 9.68503937007874 1230
1744874884399 9.763779527559056 1240
1744874894642 9.84251968503937 1250
1744874904742 9.921259842519685 1260
1744874914525 10.0 1270
1744874929457 10.0 1270
1744874941399 10.078740157480315 1280
1744874951928 10.15748031496063 1290
1744874961973 10.236220472440944 1300
1744874972257 10.31496062992126 1310
1744874982864 10.393700787401574 1320
1744874993720 10.472440944881889 1330
1744875004235 10.551181102362206 1340
1744875014439 10.62992125984252 1350
1744875024753 10.708661417322835 1360
1744875035231 10.78740157480315 1370
1744875045569 10.866141732283465 1380
1744875055878 10.94488188976378 1390
1744875077707 11.0 1397
1744875082858 11.023622047244094 1400
1744875092960 11.10236220472441 1410
1744875103077 11.181102362204724 1420
1744875113452 11.259842519685039 1430
1744875123509 11.338582677165354 1440
1744875133665 11.417322834645669 1450
1744875143763 11.496062992125985 1460
1744875154124 11.5748031496063 1470
1744875164687 11.653543307086615 1480
1744875174843 11.73228346456693 1490
1744875185620 11.811023622047244 1500
1744875195762 11.88976377952756 1510
1744875206062 11.968503937007874 1520
1744875224947 12.0 1524
1744875232915 12.047244094488189 1530
1744875243091 12.125984251968504 1540
1744875253408 12.204724409448819 1550
1744875263693 12.283464566929133 1560
1744875273967 12.362204724409448 1570
1744875284234 12.440944881889763 1580
1744875294454 12.519685039370078 1590
1744875304896 12.598425196850394 1600
1744875315269 12.67716535433071 1610
1744875325421 12.755905511811024 1620
1744875335778 12.834645669291339 1630
1744875345785 12.913385826771654 1640
1744875355887 12.992125984251969 1650
1744875371441 13.0 1651
1744875382652 13.070866141732283 1660
1744875392826 13.149606299212598 1670
1744875402978 13.228346456692913 1680
1744875413283 13.307086614173228 1690
1744875423584 13.385826771653543 1700
1744875433960 13.464566929133857 1710
1744875444359 13.543307086614174 1720
1744875454545 13.622047244094489 1730
1744875465003 13.700787401574804 1740
1744875475321 13.779527559055119 1750
1744875485616 13.858267716535433 1760
1744875495809 13.937007874015748 1770
1744875518622 14.0 1778
1744875522635 14.015748031496063 1780
1744875532698 14.094488188976378 1790
1744875543059 14.173228346456693 1800
1744875553368 14.251968503937007 1810
1744875563785 14.330708661417322 1820
1744875574128 14.409448818897637 1830
1744875584236 14.488188976377952 1840
1744875594513 14.566929133858268 1850
1744875604651 14.645669291338583 1860
1744875614842 14.724409448818898 1870
1744875625289 14.803149606299213 1880
1744875635321 14.881889763779528 1890
1744875645448 14.960629921259843 1900
1744875665002 15.0 1905
1744875671947 15.039370078740157 1910
1744875681975 15.118110236220472 1920
1744875692291 15.196850393700787 1930
1744875702796 15.275590551181102 1940
1744875712822 15.354330708661417 1950
1744875722985 15.433070866141732 1960
1744875733436 15.511811023622048 1970
1744875743693 15.590551181102363 1980
1744875753905 15.669291338582678 1990
1744875764054 15.748031496062993 2000
1744875774543 15.826771653543307 2010
1744875784545 15.905511811023622 2020
1744875794760 15.984251968503937 2030
1744875811402 16.0 2032
1744875821425 16.062992125984252 2040
1744875831644 16.141732283464567 2050
1744875841759 16.22047244094488 2060
1744875852165 16.299212598425196 2070
1744875862492 16.37795275590551 2080
1744875873005 16.456692913385826 2090
1744875883146 16.53543307086614 2100
1744875893368 16.614173228346456 2110
1744875903894 16.69291338582677 2120
1744875914070 16.771653543307085 2130
1744875924455 16.8503937007874 2140
1744875934585 16.929133858267715 2150
1744875958556 17.0 2159
1744875961592 17.007874015748033 2160
1744875971783 17.086614173228348 2170
1744875981946 17.165354330708663 2180
1744875992115 17.244094488188978 2190
1744876002315 17.322834645669293 2200
1744876012330 17.401574803149607 2210
1744876022491 17.480314960629922 2220
1744876032704 17.559055118110237 2230
1744876042756 17.637795275590552 2240
1744876052880 17.716535433070867 2250
1744876063084 17.79527559055118 2260
1744876073228 17.874015748031496 2270
1744876083424 17.95275590551181 2280
1744876104001 18.0 2286
1744876110148 18.031496062992126 2290
1744876120389 18.11023622047244 2300
1744876130780 18.188976377952756 2310
1744876140877 18.26771653543307 2320
1744876151104 18.346456692913385 2330
1744876161352 18.4251968503937 2340
1744876171595 18.503937007874015 2350
1744876181994 18.58267716535433 2360
1744876192108 18.661417322834644 2370
1744876202422 18.74015748031496 2380
1744876212816 18.818897637795274 2390
1744876222987 18.89763779527559 2400
1744876233517 18.976377952755904 2410
1744876251126 19.0 2413
1744876260427 19.055118110236222 2420
1744876270552 19.133858267716537 2430
1744876280715 19.212598425196852 2440
1744876290868 19.291338582677167 2450
1744876300915 19.37007874015748 2460
1744876311178 19.448818897637796 2470
1744876321238 19.52755905511811 2480
1744876331393 19.606299212598426 2490
1744876341800 19.68503937007874 2500
1744876351829 19.763779527559056 2510
1744876361970 19.84251968503937 2520
1744876372083 19.921259842519685 2530
1744876382121 20.0 2540
1744876397092 20.0 2540
1744876409673 20.078740157480315 2550
1744876420250 20.15748031496063 2560
1744876430685 20.236220472440944 2570
1744876441087 20.31496062992126 2580
1744876451452 20.393700787401574 2590
1744876461906 20.47244094488189 2600
1744876472152 20.551181102362204 2610
1744876482376 20.62992125984252 2620
1744876492680 20.708661417322833 2630
1744876502818 20.787401574803148 2640
1744876513179 20.866141732283463 2650
1744876523302 20.944881889763778 2660
1744876544982 21.0 2667
1744876550254 21.023622047244096 2670
1744876560376 21.10236220472441 2680
1744876570609 21.181102362204726 2690
1744876580877 21.25984251968504 2700
1744876591021 21.338582677165356 2710
1744876601490 21.41732283464567 2720
1744876611690 21.496062992125985 2730
1744876622029 21.5748031496063 2740
1744876632300 21.653543307086615 2750
1744876642501 21.73228346456693 2760
1744876652867 21.811023622047244 2770
1744876662989 21.88976377952756 2780
1744876673442 21.968503937007874 2790
1744876691961 22.0 2794
1744876700129 22.04724409448819 2800
1744876710190 22.125984251968504 2810
1744876721102 22.20472440944882 2820
1744876731472 22.283464566929133 2830
1744876741679 22.362204724409448 2840
1744876751943 22.440944881889763 2850
1744876761988 22.519685039370078 2860
1744876772143 22.598425196850393 2870
1744876782263 22.677165354330707 2880
1744876792482 22.755905511811022 2890
1744876802790 22.834645669291337 2900
1744876812998 22.913385826771652 2910
1744876823163 22.99212598425197 2920
1744876838890 23.0 2921
1744876850414 23.070866141732285 2930
1744876861151 23.1496062992126 2940
1744876871289 23.228346456692915 2950
1744876881539 23.30708661417323 2960
1744876891734 23.385826771653544 2970
1744876901925 23.46456692913386 2980
1744876911996 23.543307086614174 2990
1744876922222 23.62204724409449 3000
1744876932418 23.700787401574804 3010
1744876942501 23.77952755905512 3020
1744876952787 23.858267716535433 3030
1744876962949 23.937007874015748 3040
1744876985622 24.0 3048
1744876990215 24.015748031496063 3050
1744877000413 24.094488188976378 3060
1744877010948 24.173228346456693 3070
1744877021229 24.251968503937007 3080
1744877031728 24.330708661417322 3090
1744877041789 24.409448818897637 3100
1744877052242 24.488188976377952 3110
1744877062532 24.566929133858267 3120
1744877072741 24.64566929133858 3130
1744877083004 24.724409448818896 3140
1744877093038 24.80314960629921 3150
1744877103244 24.881889763779526 3160
1744877113516 24.96062992125984 3170
1744877133089 25.0 3175
1744877140450 25.03937007874016 3180
1744877150645 25.118110236220474 3190
1744877160809 25.19685039370079 3200
1744877170841 25.275590551181104 3210
1744877181045 25.35433070866142 3220
1744877191450 25.433070866141733 3230
1744877201547 25.511811023622048 3240
1744877211717 25.590551181102363 3250
1744877221814 25.669291338582678 3260
1744877232510 25.748031496062993 3270
1744877242697 25.826771653543307 3280
1744877252743 25.905511811023622 3290
1744877263243 25.984251968503937 3300
1744877279952 26.0 3302
1744877290153 26.062992125984252 3310
1744877300342 26.141732283464567 3320
1744877310535 26.22047244094488 3330
1744877320749 26.299212598425196 3340
1744877331034 26.37795275590551 3350
1744877341251 26.456692913385826 3360
1744877351379 26.53543307086614 3370
1744877361924 26.614173228346456 3380
1744877372818 26.69291338582677 3390
1744877383296 26.771653543307085 3400
1744877393478 26.8503937007874 3410
1744877403519 26.929133858267715 3420
1744877427456 27.0 3429
1744877430595 27.007874015748033 3430
1744877440723 27.086614173228348 3440
1744877451308 27.165354330708663 3450
1744877461454 27.244094488188978 3460
1744877471624 27.322834645669293 3470
1744877481676 27.401574803149607 3480
1744877491821 27.480314960629922 3490
1744877502040 27.559055118110237 3500
1744877512141 27.637795275590552 3510
1744877522319 27.716535433070867 3520
1744877532939 27.79527559055118 3530
1744877543321 27.874015748031496 3540
1744877553539 27.95275590551181 3550
1744877574319 28.0 3556
1744877580487 28.031496062992126 3560
1744877590511 28.11023622047244 3570
1744877600744 28.188976377952756 3580
1744877610822 28.26771653543307 3590
1744877620971 28.346456692913385 3600
1744877631114 28.4251968503937 3610
1744877641162 28.503937007874015 3620
1744877651348 28.58267716535433 3630
1744877661529 28.661417322834644 3640
1744877671773 28.74015748031496 3650
1744877682066 28.818897637795274 3660
1744877692101 28.89763779527559 3670
1744877702261 28.976377952755904 3680
1744877719956 29.0 3683
1744877729242 29.055118110236222 3690
1744877739456 29.133858267716537 3700
1744877749516 29.212598425196852 3710
1744877759846 29.291338582677167 3720
1744877770301 29.37007874015748 3730
1744877780612 29.448818897637796 3740
1744877791078 29.52755905511811 3750
1744877801166 29.606299212598426 3760
1744877811319 29.68503937007874 3770
1744877821440 29.763779527559056 3780
1744877831579 29.84251968503937 3790
1744877841746 29.921259842519685 3800
1744877851584 30.0 3810
1744877866782 30.0 3810
1744877868538 30.0 3810
1744877869089 30.0 0
1744877884010 30.0 3810
