1744873460714 3.1397790908813477 10
1744873471792 2.952212333679199 20
1744873482275 2.738395929336548 30
1744873493443 3.5202584266662598 40
1744873503936 4.1067399978637695 50
1744873514459 4.393435955047607 60
1744873524975 4.9169721603393555 70
1744873535256 4.276951789855957 80
1744873545735 4.163105010986328 90
1744873555885 4.469686508178711 100
1744873566467 4.863315582275391 110
1744873577009 4.928600788116455 120
1744873604377 4.080925941467285 130
1744873614605 5.936188220977783 140
1744873624932 4.250087261199951 150
1744873635445 4.280284881591797 160
1744873645548 5.169257164001465 170
1744873656448 5.11959171295166 180
1744873666478 4.840742111206055 190
1744873676785 5.557048320770264 200
1744873687139 5.139077186584473 210
1744873697966 4.063031196594238 220
1744873708303 4.024083614349365 230
1744873718368 4.2377543449401855 240
1744873729162 5.384672164916992 250
1744873756131 4.318833351135254 260
1744873766629 3.981757164001465 270
1744873777172 3.9220011234283447 280
1744873787514 4.084733009338379 290
1744873797658 3.683842897415161 300
1744873808110 4.742659091949463 310
1744873818247 3.6909141540527344 320
1744873829019 3.3564412593841553 330
1744873839711 4.369978904724121 340
1744873849792 3.7715981006622314 350
1744873859944 3.960686683654785 360
1744873870405 3.144864559173584 370
1744873880691 3.632267713546753 380
1744873907817 3.606504201889038 390
1744873918014 3.8026163578033447 400
1744873928042 4.114551067352295 410
1744873938502 2.7995152473449707 420
1744873948676 3.6981523036956787 430
1744873959281 3.514979124069214 440
1744873970006 3.826846122741699 450
1744873980183 3.0055603981018066 460
1744873990671 4.393687725067139 470
1744874001136 4.053581714630127 480
1744874011359 2.88285231590271 490
1744874021417 3.515334367752075 500
1744874048935 3.0219149589538574 510
1744874059254 3.3723769187927246 520
1744874069440 2.6786978244781494 530
1744874079658 3.5504841804504395 540
1744874090210 4.809379577636719 550
1744874100373 2.0875086784362793 560
1744874110723 3.24603009223938 570
1744874121349 2.4818201065063477 580
1744874131453 3.634765148162842 590
1744874141627 2.7058839797973633 600
1744874152139 3.2809484004974365 610
1744874162291 2.6610820293426514 620
1744874172522 3.210439682006836 630
1744874199562 3.1347291469573975 640
1744874209606 3.4146015644073486 650
1744874219960 2.8400421142578125 660
1744874230204 4.575557231903076 670
1744874240245 3.051313638687134 680
1744874250936 3.965466260910034 690
1744874261422 4.001388072967529 700
1744874271590 4.359287261962891 710
1744874281936 3.5592336654663086 720
1744874292167 3.4510037899017334 730
1744874302487 2.6029484272003174 740
1744874312652 2.341428518295288 750
1744874322954 3.551321506500244 760
1744874349981 3.3829429149627686 770
1744874360294 2.4925923347473145 780
1744874370302 2.1842257976531982 790
1744874380698 3.6393449306488037 800
1744874391079 2.946756362915039 810
1744874401637 3.3350095748901367 820
1744874411875 1.7896393537521362 830
1744874421887 4.373091220855713 840
1744874432059 3.557715654373169 850
1744874442255 3.063647985458374 860
1744874452639 2.388899326324463 870
1744874462880 2.537428379058838 880
1744874490068 2.553818941116333 890
1744874500520 1.5287107229232788 900
1744874511043 2.8796157836914062 910
1744874521366 3.0284295082092285 920
1744874531934 3.5559582710266113 930
1744874542318 3.8865551948547363 940
1744874552551 2.604480266571045 950
1744874562908 2.453366994857788 960
1744874573197 2.6970629692077637 970
1744874583621 2.562706708908081 980
1744874593789 4.1534223556518555 990
1744874604001 2.4854233264923096 1000
1744874614183 2.9223222732543945 1010
1744874641167 3.309858798980713 1020
1744874651438 3.1239333152770996 1030
1744874661674 2.8233444690704346 1040
1744874671856 3.2719345092773438 1050
1744874682021 2.891140937805176 1060
1744874692221 3.2478559017181396 1070
1744874702395 2.6356706619262695 1080
1744874712715 2.324723243713379 1090
1744874722979 3.221139907836914 1100
1744874733336 2.559603691101074 1110
1744874743589 2.4368977546691895 1120
1744874754195 3.0551085472106934 1130
1744874764657 3.32035756111145 1140
1744874791591 1.7259069681167603 1150
1744874801801 2.7664077281951904 1160
1744874811810 2.271440267562866 1170
1744874822287 2.7143709659576416 1180
1744874832820 2.323183298110962 1190
1744874843192 2.006674289703369 1200
1744874853411 1.9688618183135986 1210
1744874863842 2.4729058742523193 1220
1744874874366 2.7200050354003906 1230
1744874884399 2.044375419616699 1240
1744874894642 2.075120449066162 1250
1744874904742 2.3667988777160645 1260
1744874914525 1.8819458484649658 1270
1744874941399 3.4809625148773193 1280
1744874951928 2.8495559692382812 1290
1744874961973 2.149686098098755 1300
1744874972257 3.2155864238739014 1310
1744874982864 2.8789889812469482 1320
1744874993720 2.226654529571533 1330
1744875004235 2.5865418910980225 1340
1744875014439 2.0462639331817627 1350
1744875024753 2.672154426574707 1360
1744875035231 2.94456148147583 1370
1744875045569 2.814464807510376 1380
1744875055878 2.5420217514038086 1390
1744875082858 2.8522427082061768 1400
1744875092960 3.1235275268554688 1410
1744875103077 1.9803664684295654 1420
1744875113452 2.682610511779785 1430
1744875123509 2.0053672790527344 1440
1744875133665 2.181288003921509 1450
1744875143763 2.9332480430603027 1460
1744875154124 2.9402823448181152 1470
1744875164687 2.529329538345337 1480
1744875174843 1.9931412935256958 1490
1744875185620 2.5390784740448 1500
1744875195762 1.8649039268493652 1510
1744875206062 1.480985403060913 1520
1744875232915 2.5238687992095947 1530
1744875243091 2.4847662448883057 1540
1744875253408 2.1884400844573975 1550
1744875263693 2.1155502796173096 1560
1744875273967 2.54270076751709 1570
1744875284234 2.9436542987823486 1580
1744875294454 1.9242770671844482 1590
1744875304896 2.5462207794189453 1600
1744875315269 2.401421546936035 1610
1744875325421 2.6444292068481445 1620
1744875335778 3.334183692932129 1630
1744875345785 2.3122718334198 1640
1744875355887 1.0998526811599731 1650
1744875382652 2.9999780654907227 1660
1744875392826 2.2454206943511963 1670
1744875402978 2.0801918506622314 1680
1744875413283 2.1441550254821777 1690
1744875423584 2.0687499046325684 1700
1744875433960 2.332827091217041 1710
1744875444359 2.9904329776763916 1720
1744875454545 3.3387813568115234 1730
1744875465003 1.9836267232894897 1740
1744875475321 2.2128593921661377 1750
1744875485616 2.883770704269409 1760
1744875495809 3.142256259918213 1770
1744875522635 1.6911183595657349 1780
1744875532698 1.7124947309494019 1790
1744875543059 2.4326353073120117 1800
1744875553368 2.430453062057495 1810
1744875563785 2.296719789505005 1820
1744875574128 2.1227469444274902 1830
1744875584236 3.7539281845092773 1840
1744875594513 1.759350061416626 1850
1744875604651 2.193697929382324 1860
1744875614842 2.0239734649658203 1870
1744875625289 2.476435899734497 1880
1744875635321 2.1795246601104736 1890
1744875645448 3.3956305980682373 1900
1744875671947 2.4506239891052246 1910
1744875681975 2.275493621826172 1920
1744875692291 2.3453471660614014 1930
1744875702796 1.987878441810608 1940
1744875712822 1.4198311567306519 1950
1744875722985 2.166059970855713 1960
1744875733436 2.7014691829681396 1970
1744875743693 2.064061164855957 1980
1744875753905 2.9654500484466553 1990
1744875764054 1.8694332838058472 2000
1744875774543 2.9071624279022217 2010
1744875784545 2.4294323921203613 2020
1744875794760 2.4278695583343506 2030
1744875821425 2.387322187423706 2040
1744875831644 2.2575325965881348 2050
1744875841759 1.4422452449798584 2060
1744875852165 1.8671989440917969 2070
1744875862492 1.6510502099990845 2080
1744875873005 2.3912971019744873 2090
1744875883146 2.2406461238861084 2100
1744875893368 2.285407304763794 2110
1744875903894 2.5959041118621826 2120
1744875914070 1.5130510330200195 2130
1744875924455 2.4915390014648438 2140
1744875934585 2.449991226196289 2150
1744875961592 1.8882391452789307 2160
1744875971783 2.1650190353393555 2170
1744875981946 2.5616695880889893 2180
1744875992115 1.632803201675415 2190
1744876002315 3.7635841369628906 2200
1744876012330 2.59590482711792 2210
1744876022491 1.763275384902954 2220
1744876032704 2.5439305305480957 2230
1744876042756 3.067734479904175 2240
1744876052880 2.9689817428588867 2250
1744876063084 2.135885238647461 2260
1744876073228 2.192140579223633 2270
1744876083424 1.699015736579895 2280
1744876110148 1.9543416500091553 2290
1744876120389 3.1203019618988037 2300
1744876130780 1.4239294528961182 2310
1744876140877 2.152722120285034 2320
1744876151104 1.8122763633728027 2330
1744876161352 2.8235836029052734 2340
1744876171595 2.249905586242676 2350
1744876181994 2.700557231903076 2360
1744876192108 1.61915123462677 2370
1744876202422 2.4970970153808594 2380
1744876212816 2.3399410247802734 2390
1744876222987 2.389692544937134 2400
1744876233517 2.5429375171661377 2410
1744876260427 1.8011584281921387 2420
1744876270552 2.3644418716430664 2430
1744876280715 1.0983116626739502 2440
1744876290868 2.0620367527008057 2450
1744876300915 1.9734209775924683 2460
1744876311178 1.7247759103775024 2470
1744876321238 1.457308053970337 2480
1744876331393 2.0366153717041016 2490
1744876341800 2.482477903366089 2500
1744876351829 2.737114429473877 2510
1744876361970 2.3323006629943848 2520
1744876372083 1.655261516571045 2530
1744876382121 1.6687902212142944 2540
1744876409673 1.9290214776992798 2550
1744876420250 2.127898931503296 2560
1744876430685 2.220576763153076 2570
1744876441087 2.9689934253692627 2580
1744876451452 1.9352314472198486 2590
1744876461906 2.5881619453430176 2600
1744876472152 2.501448154449463 2610
1744876482376 2.223970890045166 2620
1744876492680 1.5085047483444214 2630
1744876502818 1.6346088647842407 2640
1744876513179 1.980968952178955 2650
1744876523302 1.995780348777771 2660
1744876550254 3.0390543937683105 2670
1744876560376 1.6694228649139404 2680
1744876570609 2.528420925140381 2690
1744876580877 2.039374351501465 2700
1744876591021 1.3478641510009766 2710
1744876601490 2.5480642318725586 2720
1744876611690 2.2579386234283447 2730
1744876622029 2.7748944759368896 2740
1744876632300 2.2530460357666016 2750
1744876642501 1.8856149911880493 2760
1744876652867 2.963503360748291 2770
1744876662989 2.2592668533325195 2780
1744876673442 2.110285997390747 2790
1744876700129 2.1160898208618164 2800
1744876710190 2.3016886711120605 2810
1744876721102 1.87521231174469 2820
1744876731472 2.088874578475952 2830
1744876741679 1.8709474802017212 2840
1744876751943 1.9261813163757324 2850
1744876761988 1.0147910118103027 2860
1744876772143 2.949497699737549 2870
1744876782263 1.802374243736267 2880
1744876792482 1.8740464448928833 2890
1744876802790 1.6350315809249878 2900
1744876812998 2.0054595470428467 2910
1744876823163 2.0348875522613525 2920
1744876850414 2.4031143188476562 2930
1744876861151 1.745869755744934 2940
1744876871289 2.0495853424072266 2950
1744876881539 2.479269504547119 2960
1744876891734 1.7589991092681885 2970
1744876901925 1.6274802684783936 2980
1744876911996 1.3389619588851929 2990
1744876922222 1.3928916454315186 3000
1744876932418 1.6555131673812866 3010
1744876942501 2.3048415184020996 3020
1744876952787 2.531182289123535 3030
1744876962949 2.8670239448547363 3040
1744876990215 2.7930681705474854 3050
1744877000413 1.9379087686538696 3060
1744877010948 2.06648850440979 3070
1744877021229 1.6251410245895386 3080
1744877031728 2.331862688064575 3090
1744877041789 1.925899863243103 3100
1744877052242 1.1458258628845215 3110
1744877062532 2.711972951889038 3120
1744877072741 1.7573455572128296 3130
1744877083004 1.6772434711456299 3140
1744877093038 1.4868053197860718 3150
1744877103244 2.1714420318603516 3160
1744877113516 1.7344744205474854 3170
1744877140450 2.379302978515625 3180
1744877150645 2.008979558944702 3190
1744877160809 2.736445903778076 3200
1744877170841 2.9575376510620117 3210
1744877181045 1.8626083135604858 3220
1744877191450 2.260420083999634 3230
1744877201547 1.8444017171859741 3240
1744877211717 3.181959867477417 3250
1744877221814 1.446717619895935 3260
1744877232510 2.7596969604492188 3270
1744877242697 2.4244658946990967 3280
1744877252743 3.0261871814727783 3290
1744877263243 2.91640043258667 3300
1744877290153 1.4733831882476807 3310
1744877300342 2.2007791996002197 3320
1744877310535 2.3465828895568848 3330
1744877320749 1.7598568201065063 3340
1744877331034 2.61126446723938 3350
1744877341251 2.770416736602783 3360
1744877351379 1.7196202278137207 3370
1744877361924 1.285818338394165 3380
1744877372818 1.692500352859497 3390
1744877383296 2.341721773147583 3400
1744877393478 2.0318658351898193 3410
1744877403519 2.5499913692474365 3420
1744877430595 1.7908028364181519 3430
1744877440723 2.211500883102417 3440
1744877451308 2.626559019088745 3450
1744877461454 2.3033971786499023 3460
1744877471624 3.369779348373413 3470
1744877481676 2.309901714324951 3480
1744877491821 1.3663089275360107 3490
1744877502040 1.582823634147644 3500
1744877512141 1.7884025573730469 3510
1744877522319 2.6514854431152344 3520
1744877532939 2.0073578357696533 3530
1744877543321 2.471143960952759 3540
1744877553539 2.0280842781066895 3550
1744877580487 2.3526735305786133 3560
1744877590511 2.244436740875244 3570
1744877600744 1.9001833200454712 3580
1744877610822 1.995487928390503 3590
1744877620971 1.7410255670547485 3600
1744877631114 1.7297338247299194 3610
1744877641162 1.8991928100585938 3620
1744877651348 2.2718374729156494 3630
1744877661529 1.969226598739624 3640
1744877671773 1.1149739027023315 3650
1744877682066 2.025831699371338 3660
1744877692101 1.3217178583145142 3670
1744877702261 3.0290279388427734 3680
1744877729242 1.4288331270217896 3690
1744877739456 2.875030040740967 3700
1744877749516 1.2014143466949463 3710
1744877759846 1.8642584085464478 3720
1744877770301 2.021749258041382 3730
1744877780612 2.443833589553833 3740
1744877791078 1.4187299013137817 3750
1744877801166 1.3972036838531494 3760
1744877811319 2.16692852973938 3770
1744877821440 1.788050651550293 3780
1744877831579 2.3689043521881104 3790
1744877841746 1.5380324125289917 3800
1744877851584 2.142524242401123 3810
