1744873460714 2.3622047244094487e-06 10
1744873471792 4.9868766404199475e-06 20
1744873482275 7.611548556430446e-06 30
1744873493443 1.0236220472440946e-05 40
1744873503936 1.2860892388451445e-05 50
1744873514459 1.5485564304461945e-05 60
1744873524975 1.8110236220472444e-05 70
1744873535256 2.0734908136482943e-05 80
1744873545735 2.335958005249344e-05 90
1744873555885 2.5984251968503937e-05 100
1744873566467 2.860892388451444e-05 110
1744873577009 3.1233595800524935e-05 120
1744873604377 3.385826771653544e-05 130
1744873614605 3.648293963254593e-05 140
1744873624932 3.9107611548556434e-05 150
1744873635445 4.173228346456693e-05 160
1744873645548 4.435695538057743e-05 170
1744873656448 4.698162729658793e-05 180
1744873666478 4.960629921259843e-05 190
1744873676785 5.223097112860893e-05 200
1744873687139 5.485564304461942e-05 210
1744873697966 5.748031496062992e-05 220
1744873708303 6.0104986876640425e-05 230
1744873718368 6.272965879265093e-05 240
1744873729162 6.535433070866141e-05 250
1744873756131 6.797900262467192e-05 260
1744873766629 7.060367454068241e-05 270
1744873777172 7.322834645669292e-05 280
1744873787514 7.58530183727034e-05 290
1744873797658 7.847769028871391e-05 300
1744873808110 8.110236220472441e-05 310
1744873818247 8.372703412073492e-05 320
1744873829019 8.63517060367454e-05 330
1744873839711 8.897637795275591e-05 340
1744873849792 9.16010498687664e-05 350
1744873859944 9.422572178477691e-05 360
1744873870405 9.68503937007874e-05 370
1744873880691 9.94750656167979e-05 380
1744873907817 9.999865697896888e-05 390
1744873918014 9.999320107968219e-05 400
1744873928042 9.998354882093378e-05 410
1744873938502 9.996970101292072e-05 420
1744873948676 9.99516588180087e-05 430
1744873959281 9.992942375063434e-05 440
1744873970006 9.990299767717817e-05 450
1744873980183 9.987238281580786e-05 460
1744873990671 9.98375817362921e-05 470
1744874001136 9.979859735978487e-05 480
1744874011359 9.975543295858035e-05 490
1744874021417 9.970809215583799e-05 500
1744874048935 9.965657892527868e-05 510
1744874059254 9.960089759085105e-05 520
1744874069440 9.954105282636852e-05 530
1744874079658 9.947704965511701e-05 540
1744874090210 9.940889344943329e-05 550
1744874100373 9.93365899302541e-05 560
1744874110723 9.926014516663581e-05 570
1744874121349 9.91795655752451e-05 580
1744874131453 9.909485791982029e-05 590
1744874141627 9.900602931060367e-05 600
1744874152139 9.89130872037446e-05 610
1744874162291 9.881603940067368e-05 620
1744874172522 9.871489404744796e-05 630
1744874199562 9.860965963406707e-05 640
1744874209606 9.850034499376069e-05 650
1744874219960 9.8386959302247e-05 660
1744874230204 9.826951207696258e-05 670
1744874240245 9.814801317626343e-05 680
1744874250936 9.802247279859756e-05 690
1744874261422 9.78929014816489e-05 700
1744874271590 9.775931010145279e-05 710
1744874281936 9.762170987148305e-05 720
1744874292167 9.74801123417108e-05 730
1744874302487 9.733452939763487e-05 740
1744874312652 9.718497325928424e-05 750
1744874322954 9.70314564801922e-05 760
1744874349981 9.687399194634277e-05 770
1744874360294 9.671259287508894e-05 780
1744874370302 9.654727281404327e-05 790
1744874380698 9.637804563994079e-05 800
1744874391079 9.620492555747406e-05 810
1744874401637 9.602792709810097e-05 820
1744874411875 9.584706511882497e-05 830
1744874421887 9.566235480094793e-05 840
1744874432059 9.54738116487959e-05 850
1744874442255 9.528145148841771e-05 860
1744874452639 9.508529046625648e-05 870
1744874462880 9.488534504779441e-05 880
1744874490068 9.468163201617062e-05 890
1744874500520 9.44741684707724e-05 900
1744874511043 9.426297182579993e-05 910
1744874521366 9.404805980880457e-05 920
1744874531934 9.382945045920084e-05 930
1744874542318 9.360716212675214e-05 940
1744874552551 9.338121347003054e-05 950
1744874562908 9.315162345485072e-05 960
1744874573197 9.291841135267778e-05 970
1744874583621 9.268159673900983e-05 980
1744874593789 9.24411994917347e-05 990
1744874604001 9.219723978946153e-05 1000
1744874614183 9.194973810982692e-05 1010
1744874641167 9.169871522777612e-05 1020
1744874651438 9.144419221381919e-05 1030
1744874661674 9.118619043226238e-05 1040
1744874671856 9.092473153941483e-05 1050
1744874682021 9.065983748177074e-05 1060
1744874692221 9.039153049416728e-05 1070
1744874702395 9.011983309791819e-05 1080
1744874712715 8.984476809892338e-05 1090
1744874722979 8.95663585857546e-05 1100
1744874733336 8.928462792771747e-05 1110
1744874743589 8.899959977288987e-05 1120
1744874754195 8.871129804613696e-05 1130
1744874764657 8.841974694710296e-05 1140
1744874791591 8.81249709481798e-05 1150
1744874801801 8.78269947924531e-05 1160
1744874811810 8.75258434916251e-05 1170
1744874822287 8.722154232391528e-05 1180
1744874832820 8.691411683193862e-05 1190
1744874843192 8.660359282056144e-05 1200
1744874853411 8.628999635473546e-05 1210
1744874863842 8.597335375730997e-05 1220
1744874874366 8.565369160682226e-05 1230
1744874884399 8.533103673526672e-05 1240
1744874894642 8.500541622584253e-05 1250
1744874904742 8.467685741068036e-05 1260
1744874914525 8.43453878685482e-05 1270
1744874941399 8.401103542253638e-05 1280
1744874951928 8.367382813772217e-05 1290
1744874961973 8.333379431881397e-05 1300
1744874972257 8.299096250777557e-05 1310
1744874982864 8.264536148143023e-05 1320
1744874993720 8.229702024904535e-05 1330
1744875004235 8.194596804989738e-05 1340
1744875014439 8.159223435081751e-05 1350
1744875024753 8.123584884371829e-05 1360
1744875035231 8.087684144310136e-05 1370
1744875045569 8.051524228354641e-05 1380
1744875055878 8.015108171718177e-05 1390
1744875082858 7.978439031113668e-05 1400
1744875092960 7.941519884497548e-05 1410
1744875103077 7.904353830811417e-05 1420
1744875113452 7.8669439897219e-05 1430
1744875123509 7.829293501358797e-05 1440
1744875133665 7.791405526051509e-05 1450
1744875143763 7.753283244063758e-05 1460
1744875154124 7.714929855326638e-05 1470
1744875164687 7.676348579170021e-05 1480
1744875174843 7.637542654052335e-05 1490
1744875185620 7.598515337288722e-05 1500
1744875195762 7.559269904777639e-05 1510
1744875206062 7.519809650725861e-05 1520
1744875232915 7.480137887371994e-05 1530
1744875243091 7.440257944708435e-05 1540
1744875253408 7.40017317020186e-05 1550
1744875263693 7.359886928512248e-05 1560
1744875273967 7.319402601210448e-05 1570
1744875284234 7.278723586494339e-05 1580
1744875294454 7.237853298903591e-05 1590
1744875304896 7.196795169033054e-05 1600
1744875315269 7.155552643244793e-05 1610
1744875325421 7.114129183378808e-05 1620
1744875335778 7.072528266462457e-05 1630
1744875345785 7.03075338441859e-05 1640
1744875355887 6.988808043772452e-05 1650
1744875382652 6.94669576535734e-05 1660
1744875392826 6.904420084019076e-05 1670
1744875402978 6.8619845483193e-05 1680
1744875413283 6.819392720237593e-05 1690
1744875423584 6.77664817487251e-05 1700
1744875433960 6.733754500141478e-05 1710
1744875444359 6.690715296479632e-05 1720
1744875454545 6.647534176537608e-05 1730
1744875465003 6.604214764878293e-05 1740
1744875475321 6.560760697672584e-05 1750
1744875485616 6.517175622394183e-05 1760
1744875495809 6.473463197513422e-05 1770
1744875522635 6.429627092190185e-05 1780
1744875532698 6.385670985965915e-05 1790
1744875543059 6.341598568454766e-05 1800
1744875553368 6.297413539033894e-05 1810
1744875563785 6.25311960653295e-05 1820
1744875574128 6.208720488922751e-05 1830
1744875584236 6.164219913003207e-05 1840
1744875594513 6.119621614090498e-05 1850
1744875604651 6.074929335703532e-05 1860
1744875614842 6.030146829249725e-05 1870
1744875625289 5.9852778537101116e-05 1880
1744875635321 5.940326175323819e-05 1890
1744875645448 5.895295567271939e-05 1900
1744875671947 5.850189809360804e-05 1910
1744875681975 5.805012687704726e-05 1920
1744875692291 5.759767994408187e-05 1930
1744875702796 5.7144595272475376e-05 1940
1744875712822 5.6690910893522185e-05 1950
1744875722985 5.623666488885532e-05 1960
1744875733436 5.578189538724986e-05 1970
1744875743693 5.532664056142247e-05 1980
1744875753905 5.487093862482729e-05 1990
1744875764054 5.441482782844831e-05 2000
1744875774543 5.395834645758859e-05 2010
1744875784545 5.350153282865674e-05 2020
1744875794760 5.304442528595064e-05 2030
1744875821425 5.258706219843889e-05 2040
1744875831644 5.2129481956540136e-05 2050
1744875841759 5.167172296890068e-05 2060
1744875852165 5.12138236591705e-05 2070
1744875862492 5.075582246277799e-05 2080
1744875873005 5.029775782370377e-05 2090
1744875883146 4.9839668191253794e-05 2100
1744875893368 4.938159201683186e-05 2110
1744875903894 4.892356775071216e-05 2120
1744875914070 4.8465633838811784e-05 2130
1744875924455 4.8007828719463566e-05 2140
1744875934585 4.755019082018971e-05 2150
1744875961592 4.709275855447621e-05 2160
1744875971783 4.663557031854844e-05 2170
1744875981946 4.617866448814826e-05 2180
1744875992115 4.5722079415312834e-05 2190
1744876002315 4.526585342515533e-05 2200
1744876012330 4.4810024812648063e-05 2210
1744876022491 4.435463183940799e-05 2220
1744876032704 4.3899712730485146e-05 2230
1744876042756 4.344530567115406e-05 2240
1744876052880 4.299144880370849e-05 2250
1744876063084 4.2538180224259885e-05 2260
1744876073228 4.208553797953967e-05 2270
1744876083424 4.163356006370549e-05 2280
1744876110148 4.118228441515226e-05 2290
1744876120389 4.073174891332751e-05 2300
1744876130780 4.0281991375551905e-05 2310
1744876140877 3.983304955384488e-05 2320
1744876151104 3.93849611317558e-05 2330
1744876161352 3.8937763721200874e-05 2340
1744876171595 3.8491494859306074e-05 2350
1744876181994 3.804619200525621e-05 2360
1744876192108 3.760189253715082e-05 2370
1744876202422 3.715863374886661e-05 2380
1744876212816 3.671645284692704e-05 2390
1744876222987 3.6275386947379365e-05 2400
1744876233517 3.583547307267904e-05 2410
1744876260427 3.539674814858216e-05 2420
1744876270552 3.4959249001045994e-05 2430
1744876280715 3.452301235313786e-05 2440
1744876290868 3.408807482195255e-05 2450
1744876300915 3.365447291553889e-05 2460
1744876311178 3.322224302983517e-05 2470
1744876321238 3.279142144561421e-05 2480
1744876331393 3.236204432543799e-05 2490
1744876341800 3.193414771062211e-05 2500
1744876351829 3.1507767518210725e-05 2510
1744876361970 3.1082939537961555e-05 2520
1744876372083 3.065969942934179e-05 2530
1744876382121 3.023808271853492e-05 2540
1744876409673 2.9818124795458714e-05 2550
1744876420250 2.939986091079453e-05 2560
1744876430685 2.8983326173028603e-05 2570
1744876441087 2.8568555545504932e-05 2580
1744876451452 2.8155583843490573e-05 2590
1744876461906 2.7744445731253367e-05 2600
1744876472152 2.733517571915204e-05 2610
1744876482376 2.6927808160739743e-05 2620
1744876492680 2.6522377249880248e-05 2630
1744876502818 2.611891701787783e-05 2640
1744876513179 2.5717461330620818e-05 2650
1744876523302 2.5318043885738753e-05 2660
1744876550254 2.4920698209774013e-05 2670
1744876560376 2.452545765536755e-05 2680
1744876570609 2.4132355398459443e-05 2690
1744876580877 2.3741424435503923e-05 2700
1744876591021 2.3352697580699967e-05 2710
1744876601490 2.2966207463236738e-05 2720
1744876611690 2.258198652455477e-05 2730
1744876622029 2.220006701562298e-05 2740
1744876632300 2.1820480994231374e-05 2750
1744876642501 2.1443260322300372e-05 2760
1744876652867 2.106843666320622e-05 2770
1744876662989 2.0696041479123236e-05 2780
1744876673442 2.0326106028382995e-05 2790
1744876700129 1.9958661362850452e-05 2800
1744876710190 1.9593738325317527e-05 2810
1744876721102 1.9231367546914232e-05 2820
1744876731472 1.887157944453749e-05 2830
1744876741679 1.8514404218298003e-05 2840
1744876751943 1.815987184898535e-05 2850
1744876761988 1.7808012095551336e-05 2860
1744876772143 1.745885449261212e-05 2870
1744876782263 1.71124283479692e-05 2880
1744876792482 1.6768762740149157e-05 2890
1744876802790 1.6427886515963087e-05 2900
1744876812998 1.6089828288085053e-05 2910
1744876823163 1.5754616432650444e-05 2920
1744876850414 1.542227908687418e-05 2930
1744876861151 1.5092844146688757e-05 2940
1744876871289 1.4766339264402901e-05 2950
1744876881539 1.4442791846380316e-05 2960
1744876891734 1.4122229050739294e-05 2970
1744876901925 1.3804677785073084e-05 2980
1744876911996 1.3490164704191366e-05 2990
1744876922222 1.3178716207882775e-05 3000
1744876932418 1.2870358438699004e-05 3010
1744876942501 1.2565117279760497e-05 3020
1744876952787 1.2263018352583667e-05 3030
1744876962949 1.1964087014930503e-05 3040
1744876990215 1.1668348358679887e-05 3050
1744877000413 1.1375827207721479e-05 3060
1744877010948 1.108654811587211e-05 3070
1744877021229 1.080053536481458e-05 3080
1744877031728 1.0517812962059726e-05 3090
1744877041789 1.0238404638931077e-05 3100
1744877052242 9.962333848572958e-06 3110
1744877062532 9.689623763981847e-06 3120
1744877072741 9.42029727606133e-06 3130
1744877083004 9.154376991700541e-06 3140
1744877093038 8.891885231876673e-06 3150
1744877103244 8.6328440297814e-06 3160
1744877113516 8.377275128971319e-06 3170
1744877140450 8.125199981542986e-06 3180
1744877150645 7.876639746332131e-06 3190
1744877160809 7.631615287137684e-06 3200
1744877170841 7.390147170970457e-06 3210
1744877181045 7.152255666326807e-06 3220
1744877191450 6.917960741487334e-06 3230
1744877201547 6.6872820628407216e-06 3240
1744877211717 6.4602389932330254e-06 3250
1744877221814 6.236850590342319e-06 3260
1744877232510 6.017135605079122e-06 3270
1744877242697 5.801112480012344e-06 3280
1744877252743 5.588799347821349e-06 3290
1744877263243 5.380214029773856e-06 3300
1744877290153 5.17537403423008e-06 3310
1744877300342 4.97429655517313e-06 3320
1744877310535 4.776998470765664e-06 3330
1744877320749 4.583496341933302e-06 3340
1744877331034 4.393806410974433e-06 3350
1744877341251 4.2079446001968555e-06 3360
1744877351379 4.025926510581357e-06 3370
1744877361924 3.847767420472104e-06 3380
1744877372818 3.673482284294244e-06 3390
1744877383296 3.5030857312986333e-06 3400
1744877393478 3.336592064333921e-06 3410
1744877403519 3.1740152586459127e-06 3420
1744877430595 3.0153689607045845e-06 3430
1744877440723 2.8606664870585555e-06 3440
1744877451308 2.70992082321736e-06 3450
1744877461454 2.563144622561453e-06 3460
1744877471624 2.420350205280053e-06 3470
1744877481676 2.281549557337098e-06 3480
1744877491821 2.1467543294650725e-06 3490
1744877502040 2.015975836187106e-06 3500
1744877512141 1.8892250548672386e-06 3510
1744877522319 1.7665126247889851e-06 3520
1744877532939 1.6478488462623177e-06 3530
1744877543321 1.5332436797590334e-06 3540
1744877553539 1.4227067450767128e-06 3550
1744877580487 1.3162473205312442e-06 3560
1744877590511 1.2138743421780063e-06 3570
1744877600744 1.1155964030617916e-06 3580
1744877610822 1.0214217524955272e-06 3590
1744877620971 9.31358295367829e-07 3600
1744877631114 8.454135914794659e-07 3610
1744877641162 7.635948549088334e-07 3620
1744877651348 6.859089534063779e-07 3630
1744877661529 6.123624078181511e-07 3640
1744877671773 5.429613915384546e-07 3650
1744877682066 4.777117299916478e-07 3660
1744877692101 4.16618900143162e-07 3670
1744877702261 3.596880300398009e-07 3680
1744877729242 3.0692389837926885e-07 3690
1744877739456 2.583309341090745e-07 3700
1744877749516 2.1391321605475635e-07 3710
1744877759846 1.736744725775119e-07 3720
1744877770301 1.3761808126126486e-07 3730
1744877780612 1.0574706862913619e-07 3740
1744877791078 7.806410988940305e-08 3750
1744877801166 5.457152871094495e-08 3760
1744877811319 3.5271297028216524e-08 3770
1744877821440 2.0165034875696542e-08 3780
1744877831579 9.254010251935618e-09 3790
1744877841746 2.5391390130968806e-09 3800
1744877851584 2.0984796089695835e-11 3810
