1744873460714 2.6295 10
1744873471792 2.5798 20
1744873482275 2.5167 30
1744873493443 2.4172 40
1744873503936 2.3118 50
1744873514459 2.2303 60
1744873524975 2.0655 70
1744873535256 1.9976 80
1744873545735 1.807 90
1744873555885 1.7342 100
1744873566467 1.6163 110
1744873577009 1.6021 120
1744873604377 1.503 130
1744873614605 1.4266 140
1744873624932 1.3207 150
1744873635445 1.3204 160
1744873645548 1.2947 170
1744873656448 1.29 180
1744873666478 1.2874 190
1744873676785 1.248 200
1744873687139 1.2297 210
1744873697966 1.2342 220
1744873708303 1.2369 230
1744873718368 1.2765 240
1744873729162 1.2512 250
1744873756131 1.2115 260
1744873766629 1.1215 270
1744873777172 1.1592 280
1744873787514 1.1844 290
1744873797658 1.1607 300
1744873808110 1.1903 310
1744873818247 1.1953 320
1744873829019 1.2033 330
1744873839711 1.1745 340
1744873849792 1.1692 350
1744873859944 1.1356 360
1744873870405 1.1391 370
1744873880691 1.1755 380
1744873907817 1.0943 390
1744873918014 1.1281 400
1744873928042 1.1393 410
1744873938502 1.1259 420
1744873948676 1.052 430
1744873959281 1.1458 440
1744873970006 1.0674 450
1744873980183 1.1758 460
1744873990671 1.0635 470
1744874001136 1.1108 480
1744874011359 1.075 490
1744874021417 1.1026 500
1744874048935 1.1037 510
1744874059254 1.0996 520
1744874069440 1.072 530
1744874079658 1.0938 540
1744874090210 1.061 550
1744874100373 1.0792 560
1744874110723 1.0336 570
1744874121349 1.0589 580
1744874131453 1.0512 590
1744874141627 1.0615 600
1744874152139 1.0752 610
1744874162291 1.1251 620
1744874172522 1.0915 630
1744874199562 1.0401 640
1744874209606 1.0057 650
1744874219960 0.9774 660
1744874230204 0.9839 670
1744874240245 1.0643 680
1744874250936 0.992 690
1744874261422 0.9634 700
1744874271590 1.0632 710
1744874281936 1.0249 720
1744874292167 1.0437 730
1744874302487 1.0472 740
1744874312652 0.9854 750
1744874322954 1.0713 760
1744874349981 0.9788 770
1744874360294 1.008 780
1744874370302 0.9804 790
1744874380698 1.0286 800
1744874391079 1.0069 810
1744874401637 1.0102 820
1744874411875 0.9999 830
1744874421887 0.9727 840
1744874432059 1.041 850
1744874442255 0.9605 860
1744874452639 0.9749 870
1744874462880 0.9792 880
1744874490068 0.971 890
1744874500520 0.9548 900
1744874511043 0.9473 910
1744874521366 0.9102 920
1744874531934 0.928 930
1744874542318 1.0119 940
1744874552551 0.9504 950
1744874562908 0.9174 960
1744874573197 1.0351 970
1744874583621 0.958 980
1744874593789 0.9586 990
1744874604001 0.9476 1000
1744874614183 0.9691 1010
1744874641167 0.9521 1020
1744874651438 0.9677 1030
1744874661674 0.9292 1040
1744874671856 0.9741 1050
1744874682021 0.9393 1060
1744874692221 0.9457 1070
1744874702395 0.9494 1080
1744874712715 0.9209 1090
1744874722979 0.8993 1100
1744874733336 0.9387 1110
1744874743589 0.9579 1120
1744874754195 0.9276 1130
1744874764657 0.9613 1140
1744874791591 0.9288 1150
1744874801801 0.9602 1160
1744874811810 0.9384 1170
1744874822287 0.9166 1180
1744874832820 0.9156 1190
1744874843192 0.8945 1200
1744874853411 0.9159 1210
1744874863842 0.9058 1220
1744874874366 0.8891 1230
1744874884399 0.9667 1240
1744874894642 0.901 1250
1744874904742 0.9286 1260
1744874914525 0.9142 1270
1744874941399 0.8939 1280
1744874951928 0.8671 1290
1744874961973 0.8421 1300
1744874972257 0.9064 1310
1744874982864 0.8198 1320
1744874993720 0.8139 1330
1744875004235 0.8702 1340
1744875014439 0.8794 1350
1744875024753 0.8864 1360
1744875035231 0.8806 1370
1744875045569 0.9249 1380
1744875055878 0.8578 1390
1744875082858 0.916 1400
1744875092960 0.8742 1410
1744875103077 0.826 1420
1744875113452 0.8914 1430
1744875123509 0.9152 1440
1744875133665 0.8504 1450
1744875143763 0.8849 1460
1744875154124 0.8789 1470
1744875164687 0.8614 1480
1744875174843 0.8488 1490
1744875185620 0.8779 1500
1744875195762 0.8946 1510
1744875206062 0.8331 1520
1744875232915 0.8418 1530
1744875243091 0.8777 1540
1744875253408 0.8265 1550
1744875263693 0.8478 1560
1744875273967 0.8492 1570
1744875284234 0.8904 1580
1744875294454 0.8571 1590
1744875304896 0.8347 1600
1744875315269 0.82 1610
1744875325421 0.8691 1620
1744875335778 0.8545 1630
1744875345785 0.8744 1640
1744875355887 0.8157 1650
1744875382652 0.8378 1660
1744875392826 0.8401 1670
1744875402978 0.8058 1680
1744875413283 0.8272 1690
1744875423584 0.8445 1700
1744875433960 0.8212 1710
1744875444359 0.8456 1720
1744875454545 0.8386 1730
1744875465003 0.8517 1740
1744875475321 0.8691 1750
1744875485616 0.8414 1760
1744875495809 0.821 1770
1744875522635 0.8071 1780
1744875532698 0.8392 1790
1744875543059 0.8111 1800
1744875553368 0.8585 1810
1744875563785 0.8554 1820
1744875574128 0.7668 1830
1744875584236 0.8062 1840
1744875594513 0.7926 1850
1744875604651 0.8236 1860
1744875614842 0.8483 1870
1744875625289 0.8199 1880
1744875635321 0.808 1890
1744875645448 0.795 1900
1744875671947 0.8321 1910
1744875681975 0.7872 1920
1744875692291 0.8339 1930
1744875702796 0.8193 1940
1744875712822 0.7782 1950
1744875722985 0.8073 1960
1744875733436 0.8037 1970
1744875743693 0.7863 1980
1744875753905 0.7947 1990
1744875764054 0.8177 2000
1744875774543 0.8429 2010
1744875784545 0.8448 2020
1744875794760 0.7987 2030
1744875821425 0.7777 2040
1744875831644 0.7995 2050
1744875841759 0.7232 2060
1744875852165 0.8213 2070
1744875862492 0.7754 2080
1744875873005 0.8355 2090
1744875883146 0.7805 2100
1744875893368 0.818 2110
1744875903894 0.8054 2120
1744875914070 0.7886 2130
1744875924455 0.8047 2140
1744875934585 0.7692 2150
1744875961592 0.7681 2160
1744875971783 0.7717 2170
1744875981946 0.7724 2180
1744875992115 0.7442 2190
1744876002315 0.8222 2200
1744876012330 0.817 2210
1744876022491 0.8076 2220
1744876032704 0.7901 2230
1744876042756 0.8012 2240
1744876052880 0.7465 2250
1744876063084 0.7837 2260
1744876073228 0.8126 2270
1744876083424 0.759 2280
1744876110148 0.7588 2290
1744876120389 0.7424 2300
1744876130780 0.7561 2310
1744876140877 0.7782 2320
1744876151104 0.7376 2330
1744876161352 0.8097 2340
1744876171595 0.7451 2350
1744876181994 0.7645 2360
1744876192108 0.746 2370
1744876202422 0.7328 2380
1744876212816 0.7448 2390
1744876222987 0.7463 2400
1744876233517 0.7741 2410
1744876260427 0.7981 2420
1744876270552 0.7439 2430
1744876280715 0.7043 2440
1744876290868 0.7142 2450
1744876300915 0.7515 2460
1744876311178 0.755 2470
1744876321238 0.7539 2480
1744876331393 0.7621 2490
1744876341800 0.7141 2500
1744876351829 0.7432 2510
1744876361970 0.7725 2520
1744876372083 0.7226 2530
1744876382121 0.7709 2540
1744876409673 0.7155 2550
1744876420250 0.7552 2560
1744876430685 0.752 2570
1744876441087 0.7536 2580
1744876451452 0.7461 2590
1744876461906 0.7346 2600
1744876472152 0.7555 2610
1744876482376 0.7433 2620
1744876492680 0.758 2630
1744876502818 0.7426 2640
1744876513179 0.7323 2650
1744876523302 0.7182 2660
1744876550254 0.7502 2670
1744876560376 0.6991 2680
1744876570609 0.7054 2690
1744876580877 0.7397 2700
1744876591021 0.7128 2710
1744876601490 0.7179 2720
1744876611690 0.7291 2730
1744876622029 0.7096 2740
1744876632300 0.7219 2750
1744876642501 0.708 2760
1744876652867 0.7312 2770
1744876662989 0.7307 2780
1744876673442 0.7443 2790
1744876700129 0.7577 2800
1744876710190 0.7262 2810
1744876721102 0.6997 2820
1744876731472 0.7165 2830
1744876741679 0.7486 2840
1744876751943 0.7387 2850
1744876761988 0.7007 2860
1744876772143 0.6923 2870
1744876782263 0.7429 2880
1744876792482 0.7009 2890
1744876802790 0.746 2900
1744876812998 0.7121 2910
1744876823163 0.7179 2920
1744876850414 0.7235 2930
1744876861151 0.7015 2940
1744876871289 0.7134 2950
1744876881539 0.6962 2960
1744876891734 0.722 2970
1744876901925 0.7093 2980
1744876911996 0.7143 2990
1744876922222 0.6797 3000
1744876932418 0.7101 3010
1744876942501 0.7164 3020
1744876952787 0.7174 3030
1744876962949 0.738 3040
1744876990215 0.7141 3050
1744877000413 0.7192 3060
1744877010948 0.7096 3070
1744877021229 0.7129 3080
1744877031728 0.7791 3090
1744877041789 0.7226 3100
1744877052242 0.6763 3110
1744877062532 0.7294 3120
1744877072741 0.7547 3130
1744877083004 0.6894 3140
1744877093038 0.7165 3150
1744877103244 0.7039 3160
1744877113516 0.7102 3170
1744877140450 0.7104 3180
1744877150645 0.7033 3190
1744877160809 0.6908 3200
1744877170841 0.7435 3210
1744877181045 0.6879 3220
1744877191450 0.7153 3230
1744877201547 0.7067 3240
1744877211717 0.6865 3250
1744877221814 0.6836 3260
1744877232510 0.7448 3270
1744877242697 0.6817 3280
1744877252743 0.7323 3290
1744877263243 0.6806 3300
1744877290153 0.71 3310
1744877300342 0.6955 3320
1744877310535 0.6746 3330
1744877320749 0.6989 3340
1744877331034 0.7395 3350
1744877341251 0.7241 3360
1744877351379 0.7053 3370
1744877361924 0.6803 3380
1744877372818 0.7089 3390
1744877383296 0.731 3400
1744877393478 0.6863 3410
1744877403519 0.7678 3420
1744877430595 0.6612 3430
1744877440723 0.7246 3440
1744877451308 0.6981 3450
1744877461454 0.7362 3460
1744877471624 0.6912 3470
1744877481676 0.6889 3480
1744877491821 0.6917 3490
1744877502040 0.7143 3500
1744877512141 0.6965 3510
1744877522319 0.7032 3520
1744877532939 0.7007 3530
1744877543321 0.6931 3540
1744877553539 0.6654 3550
1744877580487 0.6893 3560
1744877590511 0.6822 3570
1744877600744 0.6843 3580
1744877610822 0.692 3590
1744877620971 0.6667 3600
1744877631114 0.6889 3610
1744877641162 0.7089 3620
1744877651348 0.7169 3630
1744877661529 0.721 3640
1744877671773 0.6921 3650
1744877682066 0.7012 3660
1744877692101 0.7081 3670
1744877702261 0.7153 3680
1744877729242 0.6731 3690
1744877739456 0.7281 3700
1744877749516 0.6893 3710
1744877759846 0.6894 3720
1744877770301 0.6829 3730
1744877780612 0.6612 3740
1744877791078 0.6798 3750
1744877801166 0.6742 3760
1744877811319 0.7068 3770
1744877821440 0.6819 3780
1744877831579 0.6761 3790
1744877841746 0.702 3800
1744877851584 0.703 3810
