1744747875477 0.20408163265306123 10
1744747892246 0.40816326530612246 20
1744747909084 0.6122448979591837 30
1744747925802 0.8163265306122449 40
1744747957469 1.0 49
1744747961674 1.0204081632653061 50
1744747978760 1.2244897959183674 60
1744747995961 1.4285714285714286 70
1744748012911 1.6326530612244898 80
1744748029992 1.836734693877551 90
1744748058117 2.0 98
1744748063834 2.0408163265306123 100
1744748080537 2.2448979591836733 110
1744748097416 2.4489795918367347 120
1744748114443 2.6530612244897958 130
1744748131245 2.857142857142857 140
1744748158211 3.0 147
1744748165583 3.061224489795918 150
1744748182416 3.2653061224489797 160
1744748199357 3.4693877551020407 170
1744748216176 3.673469387755102 180
1744748232896 3.877551020408163 190
1744748257660 4.0 196
1744748267059 4.081632653061225 200
1744748283868 4.285714285714286 210
1744748300765 4.489795918367347 220
1744748317699 4.6938775510204085 230
1744748334452 4.8979591836734695 240
1744748357806 5.0 245
1744748368880 5.1020408163265305 250
1744748385660 5.3061224489795915 260
1744748402303 5.510204081632653 270
1744748419410 5.714285714285714 280
1744748436099 5.918367346938775 290
1744748457692 6.0 294
1744748470423 6.122448979591836 300
1744748487347 6.326530612244898 310
1744748504086 6.530612244897959 320
1744748521056 6.73469387755102 330
1744748537863 6.938775510204081 340
1744748557820 7.0 343
1744748572291 7.142857142857143 350
1744748589038 7.346938775510204 360
1744748605778 7.551020408163265 370
1744748622584 7.755102040816326 380
1744748639498 7.959183673469388 390
1744748657842 8.0 392
1744748673832 8.16326530612245 400
1744748690830 8.36734693877551 410
1744748707655 8.571428571428571 420
1744748724827 8.775510204081632 430
1744748740713 8.979591836734693 440
1744748758264 9.0 441
1744748776020 9.183673469387756 450
1744748792754 9.387755102040817 460
1744748809622 9.591836734693878 470
1744748826782 9.795918367346939 480
1744748841621 10.0 490
1744748858733 10.0 490
1744748878589 10.204081632653061 500
1744748895769 10.408163265306122 510
1744748912882 10.612244897959183 520
1744748929763 10.816326530612244 530
1744748960172 11.0 539
1744748964516 11.020408163265307 540
1744748981164 11.224489795918368 550
1744748998130 11.428571428571429 560
1744749015065 11.63265306122449 570
1744749032530 11.83673469387755 580
1744749060893 12.0 588
1744749066890 12.040816326530612 590
1744749083905 12.244897959183673 600
1744749101134 12.448979591836734 610
1744749118250 12.653061224489797 620
1744749135301 12.857142857142858 630
1744749162085 13.0 637
1744749169742 13.061224489795919 640
1744749186791 13.26530612244898 650
1744749203717 13.46938775510204 660
1744749220680 13.673469387755102 670
1744749237461 13.877551020408163 680
1744749262330 14.0 686
1744749271527 14.081632653061224 690
1744749288397 14.285714285714286 700
1744749304980 14.489795918367347 710
1744749321755 14.693877551020408 720
1744749338718 14.89795918367347 730
1744749362050 15.0 735
1744749373356 15.10204081632653 740
1744749390033 15.306122448979592 750
1744749407139 15.510204081632653 760
1744749424290 15.714285714285714 770
1744749441109 15.918367346938776 780
1744749462892 16.0 784
1744749475776 16.122448979591837 790
1744749492393 16.3265306122449 800
1744749509132 16.53061224489796 810
1744749525848 16.73469387755102 820
1744749542815 16.93877551020408 830
1744749562999 17.0 833
1744749577411 17.142857142857142 840
1744749594438 17.346938775510203 850
1744749611676 17.551020408163264 860
1744749628984 17.755102040816325 870
1744749645955 17.959183673469386 880
1744749664255 18.0 882
1744749680288 18.163265306122447 890
1744749696962 18.367346938775512 900
1744749713807 18.571428571428573 910
1744749730504 18.775510204081634 920
1744749746402 18.979591836734695 930
1744749763707 19.0 931
1744749781295 19.183673469387756 940
1744749797936 19.387755102040817 950
1744749814800 19.591836734693878 960
1744749831664 19.79591836734694 970
1744749846187 20.0 980
1744749862917 20.0 980
1744749882296 20.20408163265306 990
1744749899017 20.408163265306122 1000
1744749915945 20.612244897959183 1010
1744749932592 20.816326530612244 1020
1744749962917 21.0 1029
1744749967364 21.020408163265305 1030
1744749984191 21.224489795918366 1040
1744750000996 21.428571428571427 1050
1744750017795 21.632653061224488 1060
1744750034888 21.836734693877553 1070
1744750063481 22.0 1078
1744750069541 22.040816326530614 1080
1744750086404 22.244897959183675 1090
1744750103119 22.448979591836736 1100
1744750119872 22.653061224489797 1110
1744750137126 22.857142857142858 1120
1744750164081 23.0 1127
1744750171775 23.06122448979592 1130
1744750188891 23.26530612244898 1140
1744750205624 23.46938775510204 1150
1744750222294 23.6734693877551 1160
1744750239079 23.877551020408163 1170
1744750264491 24.0 1176
1744750273939 24.081632653061224 1180
1744750291317 24.285714285714285 1190
1744750308606 24.489795918367346 1200
1744750325489 24.693877551020407 1210
1744750342177 24.897959183673468 1220
1744750365774 25.0 1225
1744750376603 25.102040816326532 1230
1744750393356 25.306122448979593 1240
1744750410534 25.510204081632654 1250
1744750427701 25.714285714285715 1260
1744750444659 25.918367346938776 1270
1744750466640 26.0 1274
1744750479398 26.122448979591837 1280
1744750496370 26.3265306122449 1290
1744750513203 26.53061224489796 1300
1744750530510 26.73469387755102 1310
1744750547310 26.93877551020408 1320
1744750567408 27.0 1323
1744750581725 27.142857142857142 1330
1744750598676 27.346938775510203 1340
1744750615798 27.551020408163264 1350
1744750632611 27.755102040816325 1360
1744750649414 27.959183673469386 1370
1744750667769 28.0 1372
1744750683738 28.163265306122447 1380
1744750700748 28.367346938775512 1390
1744750717628 28.571428571428573 1400
1744750734877 28.775510204081634 1410
1744750750992 28.979591836734695 1420
1744750768019 29.0 1421
1744750786008 29.183673469387756 1430
1744750802968 29.387755102040817 1440
1744750819822 29.591836734693878 1450
1744750836682 29.79591836734694 1460
1744750851352 30.0 1470
1744750868233 30.0 1470
1744750869894 30.0 1470
1744750870352 30.0 0
1744750887200 30.0 1470
