1744747875477 0.6072613596916199 10
1744747892246 0.6077650785446167 20
1744747909084 0.6630190014839172 30
1744747925802 0.7270152568817139 40
1744747961674 0.701432466506958 50
1744747978760 0.6652552485466003 60
1744747995961 0.7026267647743225 70
1744748012911 0.691646158695221 80
1744748029992 0.8137596845626831 90
1744748063834 0.8934370875358582 100
1744748080537 0.9579154849052429 110
1744748097416 0.8450580835342407 120
1744748114443 0.9708847999572754 130
1744748131245 1.1649730205535889 140
1744748165583 1.4030089378356934 150
1744748182416 1.1415705680847168 160
1744748199357 1.222875952720642 170
1744748216176 1.27000892162323 180
1744748232896 1.590029001235962 190
1744748267059 1.342136025428772 200
1744748283868 1.4737610816955566 210
1744748300765 1.6495513916015625 220
1744748317699 1.7944750785827637 230
1744748334452 2.021599054336548 240
1744748368880 1.4641234874725342 250
1744748385660 1.7019596099853516 260
1744748402303 1.5114518404006958 270
1744748419410 1.5716005563735962 280
1744748436099 1.6932642459869385 290
1744748470423 1.6193386316299438 300
1744748487347 1.6718049049377441 310
1744748504086 1.4933083057403564 320
1744748521056 1.5563277006149292 330
1744748537863 1.7582415342330933 340
1744748572291 1.679731011390686 350
1744748589038 1.730161428451538 360
1744748605778 1.562434434890747 370
1744748622584 3.0579893589019775 380
1744748639498 1.4674559831619263 390
1744748673832 1.5751392841339111 400
1744748690830 1.6740236282348633 410
1744748707655 2.5068156719207764 420
1744748724827 1.6185011863708496 430
1744748740713 1.8704724311828613 440
1744748776020 1.7091034650802612 450
1744748792754 1.8128644227981567 460
1744748809622 1.8654637336730957 470
1744748826782 1.6024268865585327 480
1744748841621 3.5025200843811035 490
1744748878589 1.8906844854354858 500
1744748895769 1.9356366395950317 510
1744748912882 1.5740761756896973 520
1744748929763 1.3579285144805908 530
1744748964516 1.7272542715072632 540
1744748981164 1.3901171684265137 550
1744748998130 1.7190015316009521 560
1744749015065 1.6901748180389404 570
1744749032530 1.6136435270309448 580
1744749066890 1.6310449838638306 590
1744749083905 1.8708161115646362 600
1744749101134 2.144714593887329 610
1744749118250 2.134960889816284 620
1744749135301 2.0115549564361572 630
1744749169742 1.3318099975585938 640
1744749186791 1.625767707824707 650
1744749203717 2.217949867248535 660
1744749220680 1.6695226430892944 670
1744749237461 1.9022585153579712 680
1744749271527 2.1633129119873047 690
1744749288397 1.8982034921646118 700
1744749304980 1.8699524402618408 710
1744749321755 2.450883388519287 720
1744749338718 1.784771203994751 730
1744749373356 1.8436059951782227 740
1744749390033 1.6643372774124146 750
1744749407139 1.6659308671951294 760
1744749424290 1.69831383228302 770
1744749441109 1.9603080749511719 780
1744749475776 1.4397077560424805 790
1744749492393 1.907969355583191 800
1744749509132 1.5926517248153687 810
1744749525848 1.673385739326477 820
1744749542815 1.628726601600647 830
1744749577411 1.7277016639709473 840
1744749594438 1.7562360763549805 850
1744749611676 1.485169768333435 860
1744749628984 1.5804603099822998 870
1744749645955 1.8988057374954224 880
1744749680288 1.8079495429992676 890
1744749696962 1.7631779909133911 900
1744749713807 1.6935944557189941 910
1744749730504 1.953305959701538 920
1744749746402 1.629469394683838 930
1744749781295 1.408608078956604 940
1744749797936 1.6522274017333984 950
1744749814800 1.989924430847168 960
1744749831664 1.8408803939819336 970
1744749846187 4.807042121887207 980
1744749882296 1.6962465047836304 990
1744749899017 1.7069841623306274 1000
1744749915945 2.0928359031677246 1010
1744749932592 1.8352208137512207 1020
1744749967364 1.7749526500701904 1030
1744749984191 1.9412627220153809 1040
1744750000996 1.6248074769973755 1050
1744750017795 2.0481531620025635 1060
1744750034888 1.604544758796692 1070
1744750069541 2.7455480098724365 1080
1744750086404 1.8177883625030518 1090
1744750103119 1.7949801683425903 1100
1744750119872 2.0781567096710205 1110
1744750137126 1.5517909526824951 1120
1744750171775 1.5230339765548706 1130
1744750188891 1.524624228477478 1140
1744750205624 2.068574905395508 1150
1744750222294 1.503061056137085 1160
1744750239079 1.9270148277282715 1170
1744750273939 1.636613130569458 1180
1744750291317 2.2189199924468994 1190
1744750308606 2.959616184234619 1200
1744750325489 1.4258230924606323 1210
1744750342177 1.9540224075317383 1220
1744750376603 1.9342026710510254 1230
1744750393356 1.4285746812820435 1240
1744750410534 1.6575454473495483 1250
1744750427701 1.8592768907546997 1260
1744750444659 1.5282862186431885 1270
1744750479398 1.818851351737976 1280
1744750496370 1.5373741388320923 1290
1744750513203 1.6361762285232544 1300
1744750530510 2.17781138420105 1310
1744750547310 1.5889970064163208 1320
1744750581725 1.2905616760253906 1330
1744750598676 1.5779882669448853 1340
1744750615798 1.477503776550293 1350
1744750632611 1.7920114994049072 1360
1744750649414 1.953830361366272 1370
1744750683738 1.6010979413986206 1380
1744750700748 1.5765361785888672 1390
1744750717628 1.517598032951355 1400
1744750734877 1.941447377204895 1410
1744750750992 1.4099152088165283 1420
1744750786008 2.3495428562164307 1430
1744750802968 1.7143843173980713 1440
1744750819822 1.4727199077606201 1450
1744750836682 1.7474058866500854 1460
1744750851352 5.730992794036865 1470
