1744747875477 6.122448979591837e-06 10
1744747892246 1.2925170068027212e-05 20
1744747909084 1.9727891156462584e-05 30
1744747925802 2.6530612244897963e-05 40
1744747961674 3.3333333333333335e-05 50
1744747978760 4.013605442176871e-05 60
1744747995961 4.6938775510204086e-05 70
1744748012911 5.374149659863946e-05 80
1744748029992 6.0544217687074836e-05 90
1744748063834 6.73469387755102e-05 100
1744748080537 7.414965986394559e-05 110
1744748097416 8.095238095238096e-05 120
1744748114443 8.775510204081632e-05 130
1744748131245 9.455782312925171e-05 140
1744748165583 9.999943612967331e-05 150
1744748182416 9.99797020035959e-05 160
1744748199357 9.99317870778844e-05 170
1744748216176 9.985571836912485e-05 180
1744748232896 9.975153876827008e-05 190
1744748267059 9.961930701645577e-05 200
1744748283868 9.945909767187964e-05 210
1744748300765 9.927100106776212e-05 220
1744748317699 9.90551232614125e-05 230
1744748334452 9.881158597442901e-05 240
1744748368880 9.854052652406666e-05 250
1744748385660 9.824209774581174e-05 260
1744748402303 9.791646790720628e-05 270
1744748419410 9.75638206129711e-05 280
1744748436099 9.718435470148147e-05 290
1744748470423 9.677828413265291e-05 300
1744748487347 9.63458378673011e-05 310
1744748504086 9.588725973804342e-05 320
1744748521056 9.540280831181525e-05 330
1744748537863 9.489275674407826e-05 340
1744748572291 9.43573926248031e-05 350
1744748589038 9.379701781631335e-05 360
1744748605778 9.321194828308185e-05 370
1744748622584 9.260251391357586e-05 380
1744748639498 9.196905833425111e-05 390
1744748673832 9.131193871579975e-05 400
1744748690830 9.063152557176149e-05 410
1744748707655 8.992820254961143e-05 420
1744748724827 8.920236621444243e-05 430
1744748740713 8.845442582536385e-05 440
1744748776020 8.768480310474294e-05 450
1744748792754 8.689393200041879e-05 460
1744748809622 8.60822584410231e-05 470
1744748826782 8.525024008454561e-05 480
1744748841621 8.439834606028594e-05 490
1744748878589 8.352705670433741e-05 500
1744748895769 8.263686328875206e-05 510
1744748912882 8.172826774453936e-05 520
1744748929763 8.080178237865503e-05 530
1744748964516 7.985792958513931e-05 540
1744748981164 7.889724155056777e-05 550
1744748998130 7.792025995398068e-05 560
1744749015065 7.692753566145998e-05 570
1744749032530 7.591962841552627e-05 580
1744749066890 7.489710651953089e-05 590
1744749083905 7.386054651722098e-05 600
1744749101134 7.281053286765815e-05 610
1744749118250 7.174765761567432e-05 620
1744749135301 7.067252005805019e-05 630
1744749169742 6.958572640560492e-05 640
1744749186791 6.848788944138705e-05 650
1744749203717 6.737962817516022e-05 660
1744749220680 6.626156749437736e-05 670
1744749237461 6.51343378118413e-05 680
1744749271527 6.399857471024965e-05 690
1744749288397 6.285491858382475e-05 700
1744749304980 6.170401427723067e-05 710
1744749321755 6.054651072198085e-05 720
1744749338718 5.9383060570541384e-05 730
1744749373356 5.8214319828336194e-05 740
1744749390033 5.704094748386184e-05 750
1744749407139 5.58636051371201e-05 760
1744749424290 5.468295662657829e-05 770
1744749441109 5.349966765486728e-05 780
1744749475776 5.2314405413428456e-05 790
1744749492393 5.1127838206321335e-05 800
1744749509132 4.994063507340356e-05 810
1744749525848 4.875346541309637e-05 820
1744749542815 4.7566998604947585e-05 830
1744749577411 4.638190363220547e-05 840
1744749594438 4.5198848704615914e-05 850
1744749611676 4.401850088165571e-05 860
1744749628984 4.28415256964146e-05 870
1744749645955 4.166858678033771e-05 880
1744749680288 4.0500345489040515e-05 890
1744749696962 3.933746052940664e-05 900
1744749713807 3.818058758817956e-05 910
1744749730504 3.703037896225686e-05 920
1744749746402 3.588748319089596e-05 930
1744749781295 3.4752544690038647e-05 940
1744749797936 3.362620338896032e-05 950
1744749814800 3.250909436944928e-05 960
1744749831664 3.140184750771895e-05 970
1744749846187 3.0305087119255547e-05 980
1744749882296 2.9219431606800897e-05 990
1744749899017 2.8145493111669186e-05 1000
1744749915945 2.708387716859425e-05 1010
1744749932592 2.603518236430195e-05 1020
1744749967364 2.500000000000001e-05 1030
1744749984191 2.3978913757975907e-05 1040
1744750000996 2.297249937249058e-05 1050
1744750017795 2.1981324305153643e-05 1060
1744750034888 2.100594742496303e-05 1070
1744750069541 2.004691869318953e-05 1080
1744750086404 1.910477885328399e-05 1090
1744750103119 1.8180059125981823e-05 1100
1744750119872 1.727328090977702e-05 1110
1744750137126 1.6384955486934156e-05 1120
1744750171775 1.551558373520455e-05 1130
1744750188891 1.4665655845408871e-05 1140
1744750205624 1.38356510450456e-05 1150
1744750222294 1.3026037328081043e-05 1160
1744750239079 1.2237271191073268e-05 1170
1744750273939 1.1469797375778901e-05 1180
1744750291317 1.0724048618387788e-05 1190
1744750308606 1.000044540552681e-05 1200
1744750325489 9.299395737170757e-06 1210
1744750342177 8.621294896593535e-06 1220
1744750376603 7.966525227489769e-06 1230
1744750393356 7.33545591839222e-06 1240
1744750410534 6.728442794506773e-06 1250
1744750427701 6.145828117082187e-06 1260
1744750444659 5.587940390427804e-06 1270
1744750479398 5.055094176688108e-06 1280
1744750496370 4.547589918478456e-06 1290
1744750513203 4.065713769482082e-06 1300
1744750530510 3.6097374331037324e-06 1310
1744750547310 3.1799180092711376e-06 1320
1744750581725 2.776497849470544e-06 1330
1744750598676 2.399704420098009e-06 1340
1744750615798 2.0497501742037073e-06 1350
1744750632611 1.7268324317012975e-06 1360
1744750649414 1.4311332681101464e-06 1370
1744750683738 1.1628194118929403e-06 1380
1744750700748 9.220421504467281e-07 1390
1744750717628 7.08937244800284e-07 1400
1744750734877 5.236248530659182e-07 1410
1744750750992 3.662094626889656e-07 1420
1744750786008 2.3677983153307937e-07 1430
1744750802968 1.354089378345469e-07 1440
1744750819822 6.215393905388278e-08 1450
1744750836682 1.705613964789743e-08 1460
1744750851352 1.4096778039318636e-10 1470
