1744747875477 3.7261 10
1744747892246 3.6976 20
1744747909084 3.6408 30
1744747925802 3.5491 40
1744747961674 3.4275 50
1744747978760 3.2959 60
1744747995961 3.1778 70
1744748012911 3.06 80
1744748029992 2.9266 90
1744748063834 2.8107 100
1744748080537 2.6733 110
1744748097416 2.5728 120
1744748114443 2.4362 130
1744748131245 2.349 140
1744748165583 2.2251 150
1744748182416 2.152 160
1744748199357 2.0963 170
1744748216176 2.0343 180
1744748232896 1.9806 190
1744748267059 1.9281 200
1744748283868 1.8378 210
1744748300765 1.8636 220
1744748317699 1.8142 230
1744748334452 1.7933 240
1744748368880 1.7129 250
1744748385660 1.679 260
1744748402303 1.6657 270
1744748419410 1.6499 280
1744748436099 1.6821 290
1744748470423 1.6011 300
1744748487347 1.5946 310
1744748504086 1.6092 320
1744748521056 1.5911 330
1744748537863 1.5815 340
1744748572291 1.544 350
1744748589038 1.5344 360
1744748605778 1.558 370
1744748622584 1.5088 380
1744748639498 1.5073 390
1744748673832 1.4573 400
1744748690830 1.4659 410
1744748707655 1.4886 420
1744748724827 1.4748 430
1744748740713 1.4346 440
1744748776020 1.4224 450
1744748792754 1.4579 460
1744748809622 1.4146 470
1744748826782 1.444 480
1744748841621 1.4024 490
1744748878589 1.3618 500
1744748895769 1.4127 510
1744748912882 1.4274 520
1744748929763 1.3768 530
1744748964516 1.3964 540
1744748981164 1.3401 550
1744748998130 1.334 560
1744749015065 1.369 570
1744749032530 1.3303 580
1744749066890 1.3478 590
1744749083905 1.3178 600
1744749101134 1.2871 610
1744749118250 1.2936 620
1744749135301 1.3059 630
1744749169742 1.3179 640
1744749186791 1.2613 650
1744749203717 1.2609 660
1744749220680 1.2865 670
1744749237461 1.293 680
1744749271527 1.2891 690
1744749288397 1.2231 700
1744749304980 1.2415 710
1744749321755 1.2734 720
1744749338718 1.2643 730
1744749373356 1.2327 740
1744749390033 1.2661 750
1744749407139 1.2302 760
1744749424290 1.2318 770
1744749441109 1.2378 780
1744749475776 1.2379 790
1744749492393 1.2002 800
1744749509132 1.2114 810
1744749525848 1.1955 820
1744749542815 1.2155 830
1744749577411 1.1875 840
1744749594438 1.1727 850
1744749611676 1.1919 860
1744749628984 1.1866 870
1744749645955 1.2024 880
1744749680288 1.1391 890
1744749696962 1.1619 900
1744749713807 1.1609 910
1744749730504 1.1575 920
1744749746402 1.1573 930
1744749781295 1.1519 940
1744749797936 1.1502 950
1744749814800 1.1266 960
1744749831664 1.1372 970
1744749846187 1.1704 980
1744749882296 1.1476 990
1744749899017 1.1125 1000
1744749915945 1.132 1010
1744749932592 1.1154 1020
1744749967364 1.1254 1030
1744749984191 1.0908 1040
1744750000996 1.1062 1050
1744750017795 1.095 1060
1744750034888 1.0688 1070
1744750069541 1.1118 1080
1744750086404 1.1039 1090
1744750103119 1.1141 1100
1744750119872 1.0973 1110
1744750137126 1.0744 1120
1744750171775 1.1064 1130
1744750188891 1.0661 1140
1744750205624 1.0883 1150
1744750222294 1.0798 1160
1744750239079 1.1002 1170
1744750273939 1.0687 1180
1744750291317 1.0788 1190
1744750308606 1.0679 1200
1744750325489 1.0772 1210
1744750342177 1.0526 1220
1744750376603 1.0659 1230
1744750393356 1.0741 1240
1744750410534 1.057 1250
1744750427701 1.0476 1260
1744750444659 1.0717 1270
1744750479398 1.0555 1280
1744750496370 1.0641 1290
1744750513203 1.045 1300
1744750530510 1.0798 1310
1744750547310 1.0488 1320
1744750581725 1.05 1330
1744750598676 1.0661 1340
1744750615798 1.0453 1350
1744750632611 1.0643 1360
1744750649414 1.0796 1370
1744750683738 1.0821 1380
1744750700748 1.0596 1390
1744750717628 1.0675 1400
1744750734877 1.0713 1410
1744750750992 1.0485 1420
1744750786008 1.0434 1430
1744750802968 1.0513 1440
1744750819822 1.0523 1450
1744750836682 1.0844 1460
1744750851352 1.0607 1470
