1744596467336 0.5263157894736842 10
1744596486127 1.0 19
1744596489794 1.0526315789473684 20
1744596503380 1.5789473684210527 30
1744596519226 2.0 38
1744596524203 2.1052631578947367 40
1744596537503 2.6315789473684212 50
1744596552082 3.0 57
1744596558281 3.1578947368421053 60
1744596571637 3.6842105263157894 70
1744596584319 4.0 76
1744596592081 4.2105263157894735 80
1744596605334 4.7368421052631575 90
1744596616973 5.0 95
1744596625955 5.2631578947368425 100
1744596639255 5.7894736842105265 110
1744596649389 6.0 114
1744596659524 6.315789473684211 120
1744596672688 6.842105263157895 130
1744596681497 7.0 133
1744596693333 7.368421052631579 140
1744596706737 7.894736842105263 150
1744596714421 8.0 152
1744596727076 8.421052631578947 160
1744596740050 8.947368421052632 170
1744596746586 9.0 171
1744596760930 9.473684210526315 180
1744596772809 10.0 190
1744596778870 10.0 190
1744596780519 10.0 190
1744596780978 10.0 0
1744596786911 10.0 190
