1744596467336 0.8699148297309875 10
1744596489794 0.9119867086410522 20
1744596503380 0.9035617113113403 30
1744596524203 0.9931563138961792 40
1744596537503 0.9675547480583191 50
1744596558281 1.2123326063156128 60
1744596571637 1.0889374017715454 70
1744596592081 1.1468899250030518 80
1744596605334 1.041660189628601 90
1744596625955 1.12913179397583 100
1744596639255 1.218229055404663 110
1744596659524 1.2848578691482544 120
1744596672688 1.3962382078170776 130
1744596693333 1.1101078987121582 140
1744596706737 1.1847624778747559 150
1744596727076 1.120671272277832 160
1744596740050 1.340151309967041 170
1744596760930 1.2691727876663208 180
1744596772809 1.6904411315917969 190
