1744596467336 4.7631578947368424e-05 10
1744596489794 4.5e-05 20
1744596503380 4.236842105263158e-05 30
1744596524203 3.973684210526316e-05 40
1744596537503 3.710526315789474e-05 50
1744596558281 3.447368421052632e-05 60
1744596571637 3.1842105263157895e-05 70
1744596592081 2.9210526315789477e-05 80
1744596605334 2.6578947368421052e-05 90
1744596625955 2.394736842105263e-05 100
1744596639255 2.1315789473684212e-05 110
1744596659524 1.868421052631579e-05 120
1744596672688 1.605263157894737e-05 130
1744596693333 1.3421052631578948e-05 140
1744596706737 1.0789473684210526e-05 150
1744596727076 8.157894736842106e-06 160
1744596740050 5.526315789473684e-06 170
1744596760930 2.8947368421052634e-06 180
1744596772809 2.6315789473684213e-07 190
