1744831833055 0.05181347150259067 10
1744831846933 0.10362694300518134 20
1744831861043 0.15544041450777202 30
1744831874644 0.20725388601036268 40
1744831888854 0.25906735751295334 50
1744831902516 0.31088082901554404 60
1744831916375 0.3626943005181347 70
1744831930112 0.41450777202072536 80
1744831944003 0.46632124352331605 90
1744831957547 0.5181347150259067 100
1744831970913 0.5699481865284974 110
1744831984352 0.6217616580310881 120
1744831997886 0.6735751295336787 130
1744832011303 0.7253886010362695 140
1744832024621 0.7772020725388601 150
1744832038347 0.8290155440414507 160
1744832051708 0.8808290155440415 170
1744832065186 0.9326424870466321 180
1744832078352 0.9844559585492227 190
1744832121458 1.0 193
1744832133326 1.0362694300518134 200
1744832146772 1.0880829015544042 210
1744832160922 1.1398963730569949 220
1744832174544 1.1917098445595855 230
1744832188292 1.2435233160621761 240
1744832202081 1.2953367875647668 250
1744832215696 1.3471502590673574 260
1744832229652 1.3989637305699483 270
1744832242846 1.450777202072539 280
1744832256524 1.5025906735751295 290
1744832270616 1.5544041450777202 300
1744832284330 1.6062176165803108 310
1744832298054 1.6580310880829017 320
1744832311627 1.709844559585492 330
1744832325857 1.761658031088083 340
1744832339408 1.8134715025906736 350
1744832353338 1.8652849740932642 360
1744832367582 1.917098445595855 370
1744832381098 1.9689119170984455 380
1744832426569 2.0 386
1744832434537 2.0207253886010363 390
1744832448276 2.0725388601036268 400
1744832461385 2.1243523316062176 410
1744832477950 2.1761658031088085 420
1744832491401 2.227979274611399 430
1744832505078 2.2797927461139897 440
1744832518298 2.33160621761658 450
1744832532055 2.383419689119171 460
1744832545314 2.4352331606217614 470
1744832558662 2.4870466321243523 480
1744832571985 2.538860103626943 490
1744832585316 2.5906735751295336 500
1744832598594 2.6424870466321244 510
1744832611779 2.694300518134715 520
1744832625217 2.7461139896373057 530
1744832638440 2.7979274611398965 540
1744832651903 2.849740932642487 550
1744832665455 2.901554404145078 560
1744832679053 2.9533678756476682 570
1744832727370 3.0 579
1744832731060 3.005181347150259 580
1744832744602 3.05699481865285 590
1744832758744 3.1088082901554404 600
1744832772222 3.160621761658031 610
1744832785627 3.2124352331606216 620
1744832799066 3.2642487046632125 630
1744832812701 3.3160621761658033 640
1744832826960 3.3678756476683938 650
1744832840308 3.4196891191709846 660
1744832853783 3.471502590673575 670
1744832867113 3.523316062176166 680
1744832880690 3.5751295336787567 690
1744832894121 3.626943005181347 700
1744832907565 3.6787564766839376 710
1744832920906 3.7305699481865284 720
1744832934421 3.7823834196891193 730
1744832948203 3.8341968911917097 740
1744832961372 3.8860103626943006 750
1744832974802 3.937823834196891 760
1744832988266 3.989637305699482 770
1744833027431 4.0 772
1744833040175 4.041450777202073 780
1744833053813 4.0932642487046635 790
1744833067602 4.1450777202072535 800
1744833080895 4.196891191709844 810
1744833094548 4.248704663212435 820
1744833107670 4.300518134715026 830
1744833121268 4.352331606217617 840
1744833134683 4.404145077720207 850
1744833148212 4.455958549222798 860
1744833161722 4.507772020725389 870
1744833174737 4.5595854922279795 880
1744833188573 4.61139896373057 890
1744833202142 4.66321243523316 900
1744833215796 4.715025906735751 910
1744833228767 4.766839378238342 920
1744833242186 4.818652849740933 930
1744833255362 4.870466321243523 940
1744833269091 4.922279792746114 950
1744833283191 4.974093264248705 960
1744833325302 5.0 965
1744833334122 5.025906735751295 970
1744833347282 5.077720207253886 980
1744833360932 5.129533678756476 990
1744833374262 5.181347150259067 1000
1744833387524 5.233160621761658 1010
1744833401047 5.284974093264249 1020
1744833414053 5.33678756476684 1030
1744833427614 5.38860103626943 1040
1744833440820 5.4404145077720205 1050
1744833454379 5.492227979274611 1060
1744833467595 5.544041450777202 1070
1744833481309 5.595854922279793 1080
1744833494492 5.647668393782383 1090
1744833508067 5.699481865284974 1100
1744833521792 5.751295336787565 1110
1744833535843 5.803108808290156 1120
1744833549430 5.8549222797927465 1130
1744833562761 5.9067357512953365 1140
1744833576331 5.958549222797927 1150
1744833622688 6.0 1158
1744833628628 6.010362694300518 1160
1744833642355 6.062176165803109 1170
1744833655962 6.1139896373057 1180
1744833669542 6.16580310880829 1190
1744833682962 6.217616580310881 1200
1744833696284 6.269430051813472 1210
1744833709702 6.321243523316062 1220
1744833723215 6.373056994818652 1230
1744833736649 6.424870466321243 1240
1744833749913 6.476683937823834 1250
1744833763403 6.528497409326425 1260
1744833777394 6.580310880829016 1270
1744833790669 6.632124352331607 1280
1744833804314 6.683937823834197 1290
1744833817437 6.7357512953367875 1300
1744833831193 6.787564766839378 1310
1744833844664 6.839378238341969 1320
1744833858653 6.891191709844559 1330
1744833872113 6.94300518134715 1340
1744833885927 6.994818652849741 1350
1744833923665 7.0 1351
1744833939243 7.046632124352332 1360
1744833953033 7.098445595854923 1370
1744833966394 7.150259067357513 1380
1744833979842 7.2020725388601035 1390
1744833992850 7.253886010362694 1400
1744834006589 7.305699481865285 1410
1744834020835 7.357512953367876 1420
1744834034686 7.409326424870466 1430
1744834048365 7.461139896373057 1440
1744834061832 7.512953367875648 1450
1744834075274 7.564766839378239 1460
1744834088363 7.616580310880829 1470
1744834101662 7.668393782383419 1480
1744834114927 7.72020725388601 1490
1744834128385 7.772020725388601 1500
1744834141949 7.823834196891192 1510
1744834155513 7.875647668393782 1520
1744834169140 7.927461139896373 1530
1744834182245 7.979274611398964 1540
1744834223524 8.0 1544
1744834235200 8.031088082901555 1550
1744834248501 8.082901554404145 1560
1744834262022 8.134715025906736 1570
1744834275249 8.186528497409327 1580
1744834288546 8.238341968911918 1590
1744834301939 8.290155440414507 1600
1744834315540 8.341968911917098 1610
1744834329712 8.393782383419689 1620
1744834343539 8.44559585492228 1630
1744834357326 8.49740932642487 1640
1744834371104 8.549222797927461 1650
1744834384889 8.601036269430052 1660
1744834398663 8.652849740932643 1670
1744834412257 8.704663212435234 1680
1744834425949 8.756476683937823 1690
1744834439632 8.808290155440414 1700
1744834453319 8.860103626943005 1710
1744834466258 8.911917098445596 1720
1744834479937 8.963730569948186 1730
1744834525616 9.0 1737
1744834532873 9.015544041450777 1740
1744834546566 9.067357512953368 1750
1744834559895 9.119170984455959 1760
1744834573753 9.17098445595855 1770
1744834587398 9.22279792746114 1780
1744834600671 9.27461139896373 1790
1744834614188 9.32642487046632 1800
1744834627893 9.378238341968911 1810
1744834641777 9.430051813471502 1820
1744834655256 9.481865284974093 1830
1744834668792 9.533678756476684 1840
1744834682027 9.585492227979275 1850
1744834695836 9.637305699481866 1860
1744834708998 9.689119170984457 1870
1744834722572 9.740932642487046 1880
1744834736287 9.792746113989637 1890
1744834749672 9.844559585492227 1900
1744834762905 9.896373056994818 1910
1744834776196 9.94818652849741 1920
1744834788977 10.0 1930
1744834825625 10.0 1930
1744834842236 10.05181347150259 1940
1744834855664 10.103626943005182 1950
1744834869117 10.155440414507773 1960
1744834882814 10.207253886010363 1970
1744834895899 10.259067357512953 1980
1744834909411 10.310880829015543 1990
1744834922615 10.362694300518134 2000
1744834935798 10.414507772020725 2010
1744834949296 10.466321243523316 2020
1744834963048 10.518134715025907 2030
1744834976483 10.569948186528498 2040
1744834989510 10.621761658031089 2050
1744835002963 10.67357512953368 2060
1744835016353 10.72538860103627 2070
1744835029757 10.77720207253886 2080
1744835043506 10.82901554404145 2090
1744835057651 10.880829015544041 2100
1744835071247 10.932642487046632 2110
1744835084545 10.984455958549223 2120
1744835124995 11.0 2123
1744835137671 11.036269430051814 2130
1744835152019 11.088082901554404 2140
1744835166171 11.139896373056995 2150
1744835180155 11.191709844559586 2160
1744835193576 11.243523316062177 2170
1744835206841 11.295336787564766 2180
1744835220509 11.347150259067357 2190
1744835234025 11.398963730569948 2200
1744835247886 11.450777202072539 2210
1744835261494 11.50259067357513 2220
1744835275084 11.55440414507772 2230
1744835288383 11.606217616580311 2240
1744835301930 11.658031088082902 2250
1744835316167 11.709844559585493 2260
1744835329487 11.761658031088082 2270
1744835342894 11.813471502590673 2280
1744835356598 11.865284974093264 2290
1744835370964 11.917098445595855 2300
1744835384288 11.968911917098445 2310
1744835428671 12.0 2316
1744835436420 12.020725388601036 2320
1744835449745 12.072538860103627 2330
1744835463194 12.124352331606218 2340
1744835476638 12.176165803108809 2350
1744835490579 12.2279792746114 2360
1744835504530 12.279792746113989 2370
1744835518278 12.33160621761658 2380
1744835531657 12.38341968911917 2390
1744835544966 12.435233160621761 2400
1744835558464 12.487046632124352 2410
1744835571674 12.538860103626943 2420
1744835585189 12.590673575129534 2430
1744835598425 12.642487046632125 2440
1744835612016 12.694300518134716 2450
1744835625262 12.746113989637305 2460
1744835638813 12.797927461139896 2470
1744835652118 12.849740932642487 2480
1744835665666 12.901554404145077 2490
1744835678948 12.953367875647668 2500
1744835727309 13.0 2509
1744835730903 13.005181347150259 2510
1744835744331 13.05699481865285 2520
1744835757760 13.10880829015544 2530
1744835770984 13.160621761658032 2540
1744835784525 13.212435233160623 2550
1744835798624 13.264248704663212 2560
1744835812351 13.316062176165802 2570
1744835825721 13.367875647668393 2580
1744835839101 13.419689119170984 2590
1744835852161 13.471502590673575 2600
1744835865504 13.523316062176166 2610
1744835878711 13.575129533678757 2620
1744835891983 13.626943005181348 2630
1744835906042 13.678756476683938 2640
1744835919329 13.73056994818653 2650
1744835932952 13.782383419689118 2660
1744835947106 13.83419689119171 2670
1744835960801 13.8860103626943 2680
1744835974237 13.937823834196891 2690
1744835988045 13.989637305699482 2700
1744836026706 14.0 2702
1744836040223 14.041450777202073 2710
1744836053528 14.093264248704664 2720
1744836066705 14.145077720207254 2730
1744836080218 14.196891191709845 2740
1744836093767 14.248704663212436 2750
1744836107083 14.300518134715025 2760
1744836120841 14.352331606217616 2770
1744836134018 14.404145077720207 2780
1744836147692 14.455958549222798 2790
1744836161050 14.507772020725389 2800
1744836174607 14.55958549222798 2810
1744836188186 14.61139896373057 2820
1744836201414 14.663212435233161 2830
1744836215011 14.715025906735752 2840
1744836228561 14.766839378238341 2850
1744836242246 14.818652849740932 2860
1744836255417 14.870466321243523 2870
1744836268822 14.922279792746114 2880
1744836282018 14.974093264248705 2890
1744836325138 15.0 2895
1744836334311 15.025906735751295 2900
1744836347862 15.077720207253886 2910
1744836361654 15.129533678756477 2920
1744836375785 15.181347150259068 2930
1744836389266 15.233160621761659 2940
1744836403101 15.284974093264248 2950
1744836416324 15.336787564766839 2960
1744836429735 15.38860103626943 2970
1744836443185 15.44041450777202 2980
1744836456991 15.492227979274611 2990
1744836470860 15.544041450777202 3000
1744836484858 15.595854922279793 3010
1744836498426 15.647668393782384 3020
1744836512017 15.699481865284975 3030
1744836525210 15.751295336787564 3040
1744836538453 15.803108808290155 3050
1744836552346 15.854922279792746 3060
1744836566106 15.906735751295336 3070
1744836580110 15.958549222797927 3080
1744836627000 16.0 3088
1744836633095 16.010362694300518 3090
1744836646641 16.06217616580311 3100
1744836659920 16.1139896373057 3110
1744836673645 16.16580310880829 3120
1744836686776 16.21761658031088 3130
1744836701356 16.269430051813472 3140
1744836715464 16.321243523316063 3150
1744836728920 16.373056994818654 3160
1744836742524 16.424870466321245 3170
1744836755888 16.476683937823836 3180
1744836770081 16.528497409326423 3190
1744836783676 16.580310880829014 3200
1744836797083 16.632124352331605 3210
1744836810209 16.683937823834196 3220
1744836823732 16.735751295336787 3230
1744836836618 16.787564766839377 3240
1744836849956 16.83937823834197 3250
1744836862956 16.89119170984456 3260
1744836876388 16.94300518134715 3270
1744836889537 16.99481865284974 3280
1744836926876 17.0 3281
1744836941773 17.04663212435233 3290
1744836955323 17.098445595854923 3300
1744836968681 17.150259067357513 3310
1744836981983 17.202072538860104 3320
1744836995388 17.253886010362695 3330
1744837009156 17.305699481865286 3340
1744837022202 17.357512953367877 3350
1744837035718 17.409326424870468 3360
1744837049167 17.46113989637306 3370
1744837062527 17.512953367875646 3380
1744837075995 17.564766839378237 3390
1744837089085 17.616580310880828 3400
1744837102325 17.66839378238342 3410
1744837115635 17.72020725388601 3420
1744837129266 17.7720207253886 3430
1744837142882 17.82383419689119 3440
1744837156441 17.875647668393782 3450
1744837170277 17.927461139896373 3460
1744837183823 17.979274611398964 3470
1744837225911 18.0 3474
1744837236274 18.031088082901555 3480
1744837249967 18.082901554404145 3490
1744837263295 18.134715025906736 3500
1744837276740 18.186528497409327 3510
1744837290119 18.238341968911918 3520
1744837303279 18.29015544041451 3530
1744837316832 18.3419689119171 3540
1744837330153 18.39378238341969 3550
1744837343779 18.44559585492228 3560
1744837357216 18.497409326424872 3570
1744837370996 18.54922279792746 3580
1744837384920 18.60103626943005 3590
1744837398202 18.65284974093264 3600
1744837411885 18.704663212435232 3610
1744837425298 18.756476683937823 3620
1744837439103 18.808290155440414 3630
1744837452334 18.860103626943005 3640
1744837465725 18.911917098445596 3650
1744837479608 18.963730569948186 3660
1744837525002 19.0 3667
1744837531690 19.015544041450777 3670
1744837545688 19.067357512953368 3680
1744837559824 19.11917098445596 3690
1744837574299 19.17098445595855 3700
1744837587975 19.22279792746114 3710
1744837601530 19.27461139896373 3720
1744837615083 19.326424870466322 3730
1744837628708 19.378238341968913 3740
1744837641796 19.430051813471504 3750
1744837655008 19.481865284974095 3760
1744837668269 19.533678756476682 3770
1744837681656 19.585492227979273 3780
1744837695109 19.637305699481864 3790
1744837708415 19.689119170984455 3800
1744837722145 19.740932642487046 3810
1744837735695 19.792746113989637 3820
1744837749253 19.844559585492227 3830
1744837762567 19.89637305699482 3840
1744837776266 19.94818652849741 3850
1744837789218 20.0 3860
1744837826060 20.0 3860
1744837842306 20.05181347150259 3870
1744837855445 20.10362694300518 3880
1744837869134 20.155440414507773 3890
1744837882558 20.207253886010363 3900
1744837896401 20.259067357512954 3910
1744837909846 20.310880829015545 3920
1744837923371 20.362694300518136 3930
1744837937266 20.414507772020727 3940
1744837950638 20.466321243523318 3950
1744837964113 20.518134715025905 3960
1744837977583 20.569948186528496 3970
1744837991137 20.621761658031087 3980
1744838004280 20.673575129533678 3990
1744838017454 20.72538860103627 4000
1744838031489 20.77720207253886 4010
1744838045273 20.82901554404145 4020
1744838058806 20.88082901554404 4030
1744838072389 20.932642487046632 4040
1744838086418 20.984455958549223 4050
1744838126623 21.0 4053
1744838138225 21.036269430051814 4060
1744838151624 21.088082901554404 4070
1744838164914 21.139896373056995 4080
1744838178725 21.191709844559586 4090
1744838192154 21.243523316062177 4100
1744838205612 21.295336787564768 4110
1744838219535 21.34715025906736 4120
1744838232772 21.39896373056995 4130
1744838246377 21.45077720207254 4140
1744838259591 21.502590673575128 4150
1744838273285 21.55440414507772 4160
1744838286420 21.60621761658031 4170
1744838299499 21.6580310880829 4180
1744838313538 21.70984455958549 4190
1744838327399 21.761658031088082 4200
1744838340793 21.813471502590673 4210
1744838354564 21.865284974093264 4220
1744838368201 21.917098445595855 4230
1744838381600 21.968911917098445 4240
1744838425690 22.0 4246
1744838433201 22.020725388601036 4250
1744838446476 22.072538860103627 4260
1744838460145 22.124352331606218 4270
1744838473217 22.17616580310881 4280
1744838486675 22.2279792746114 4290
1744838499845 22.27979274611399 4300
1744838513098 22.33160621761658 4310
1744838526905 22.383419689119172 4320
1744838540063 22.435233160621763 4330
1744838553549 22.487046632124354 4340
1744838566977 22.53886010362694 4350
1744838580310 22.590673575129532 4360
1744838593744 22.642487046632123 4370
1744838606741 22.694300518134714 4380
1744838620073 22.746113989637305 4390
1744838633259 22.797927461139896 4400
1744838646765 22.849740932642487 4410
1744838659858 22.901554404145077 4420
1744838673406 22.95336787564767 4430
1744838721181 23.0 4439
1744838724893 23.00518134715026 4440
1744838738106 23.05699481865285 4450
1744838751617 23.10880829015544 4460
1744838764932 23.16062176165803 4470
1744838778475 23.212435233160623 4480
1744838791983 23.264248704663213 4490
1744838805418 23.316062176165804 4500
1744838818808 23.367875647668395 4510
1744838832051 23.419689119170986 4520
1744838845338 23.471502590673577 4530
1744838858816 23.523316062176164 4540
1744838871790 23.575129533678755 4550
1744838885450 23.626943005181346 4560
1744838898593 23.678756476683937 4570
1744838912385 23.730569948186528 4580
1744838925542 23.78238341968912 4590
1744838938594 23.83419689119171 4600
1744838952106 23.8860103626943 4610
1744838965601 23.93782383419689 4620
1744838979002 23.989637305699482 4630
1744839016548 24.0 4632
1744839029651 24.041450777202073 4640
1744839043042 24.093264248704664 4650
1744839056507 24.145077720207254 4660
1744839069777 24.196891191709845 4670
1744839082823 24.248704663212436 4680
1744839096502 24.300518134715027 4690
1744839109815 24.352331606217618 4700
1744839122936 24.40414507772021 4710
1744839136782 24.4559585492228 4720
1744839149871 24.50777202072539 4730
1744839163380 24.559585492227978 4740
1744839176399 24.61139896373057 4750
1744839189930 24.66321243523316 4760
1744839203147 24.71502590673575 4770
1744839216337 24.76683937823834 4780
1744839230151 24.818652849740932 4790
1744839243405 24.870466321243523 4800
1744839257021 24.922279792746114 4810
1744839270257 24.974093264248705 4820
1744839314170 25.0 4825
1744839323394 25.025906735751295 4830
1744839336514 25.077720207253886 4840
1744839350358 25.129533678756477 4850
1744839363644 25.181347150259068 4860
1744839376940 25.23316062176166 4870
1744839390298 25.28497409326425 4880
1744839403650 25.33678756476684 4890
1744839416857 25.38860103626943 4900
1744839430498 25.440414507772022 4910
1744839443709 25.49222797927461 4920
1744839457463 25.5440414507772 4930
1744839470930 25.59585492227979 4940
1744839484139 25.647668393782382 4950
1744839497461 25.699481865284973 4960
1744839510627 25.751295336787564 4970
1744839524220 25.803108808290155 4980
1744839537444 25.854922279792746 4990
1744839550741 25.906735751295336 5000
1744839564026 25.958549222797927 5010
1744839610770 26.0 5018
1744839616007 26.010362694300518 5020
1744839629287 26.06217616580311 5030
1744839642471 26.1139896373057 5040
1744839656313 26.16580310880829 5050
1744839669691 26.21761658031088 5060
1744839683591 26.269430051813472 5070
1744839697060 26.321243523316063 5080
1744839710836 26.373056994818654 5090
1744839724175 26.424870466321245 5100
1744839737539 26.476683937823836 5110
1744839751037 26.528497409326423 5120
1744839764183 26.580310880829014 5130
1744839777627 26.632124352331605 5140
1744839791375 26.683937823834196 5150
1744839805039 26.735751295336787 5160
1744839819094 26.787564766839377 5170
1744839832932 26.83937823834197 5180
1744839846479 26.89119170984456 5190
1744839860054 26.94300518134715 5200
1744839873361 26.99481865284974 5210
1744839911191 27.0 5211
1744839926385 27.04663212435233 5220
1744839940087 27.098445595854923 5230
1744839953292 27.150259067357513 5240
1744839966615 27.202072538860104 5250
1744839979858 27.253886010362695 5260
1744839993586 27.305699481865286 5270
1744840006851 27.357512953367877 5280
1744840020235 27.409326424870468 5290
1744840033396 27.46113989637306 5300
1744840046733 27.512953367875646 5310
1744840060162 27.564766839378237 5320
1744840073324 27.616580310880828 5330
1744840086981 27.66839378238342 5340
1744840100527 27.72020725388601 5350
1744840114115 27.7720207253886 5360
1744840127619 27.82383419689119 5370
1744840140851 27.875647668393782 5380
1744840154134 27.927461139896373 5390
1744840167544 27.979274611398964 5400
1744840209383 28.0 5404
1744840219798 28.031088082901555 5410
1744840233146 28.082901554404145 5420
1744840246764 28.134715025906736 5430
1744840260285 28.186528497409327 5440
1744840273855 28.238341968911918 5450
1744840287251 28.29015544041451 5460
1744840300651 28.3419689119171 5470
1744840314282 28.39378238341969 5480
1744840328140 28.44559585492228 5490
1744840341694 28.497409326424872 5500
1744840355048 28.54922279792746 5510
1744840368179 28.60103626943005 5520
1744840381167 28.65284974093264 5530
1744840394771 28.704663212435232 5540
1744840408692 28.756476683937823 5550
1744840422361 28.808290155440414 5560
1744840436134 28.860103626943005 5570
1744840449625 28.911917098445596 5580
1744840462992 28.963730569948186 5590
1744840508057 29.0 5597
1744840514343 29.015544041450777 5600
1744840527356 29.067357512953368 5610
1744840540847 29.11917098445596 5620
1744840554092 29.17098445595855 5630
1744840567472 29.22279792746114 5640
1744840581040 29.27461139896373 5650
1744840594232 29.326424870466322 5660
1744840607712 29.378238341968913 5670
1744840620944 29.430051813471504 5680
1744840634324 29.481865284974095 5690
1744840647428 29.533678756476682 5700
1744840660663 29.585492227979273 5710
1744840674226 29.637305699481864 5720
1744840687442 29.689119170984455 5730
1744840700761 29.740932642487046 5740
1744840714110 29.792746113989637 5750
1744840727637 29.844559585492227 5760
1744840740736 29.89637305699482 5770
1744840754015 29.94818652849741 5780
1744840766478 30.0 5790
1744840802768 30.0 5790
1744840804771 30.0 5790
1744840805440 30.0 0
1744840842166 30.0 5790
