1744831833055 5.370686054229736 10
1744831846933 5.7106499671936035 20
1744831861043 5.324707508087158 30
1744831874644 5.2874226570129395 40
1744831888854 6.086197853088379 50
1744831902516 5.534162521362305 60
1744831916375 5.095902442932129 70
1744831930112 5.12997579574585 80
1744831944003 5.132962226867676 90
1744831957547 5.365516662597656 100
1744831970913 4.973992347717285 110
1744831984352 4.697576999664307 120
1744831997886 5.911550998687744 130
1744832011303 7.090655326843262 140
1744832024621 5.428275108337402 150
1744832038347 10.776490211486816 160
1744832051708 6.220617294311523 170
1744832065186 7.2934675216674805 180
1744832078352 6.242284297943115 190
1744832133326 5.408291339874268 200
1744832146772 7.05216121673584 210
1744832160922 7.115866184234619 220
1744832174544 7.677114009857178 230
1744832188292 6.523066520690918 240
1744832202081 8.676043510437012 250
1744832215696 10.011008262634277 260
1744832229652 8.275125503540039 270
1744832242846 9.63078498840332 280
1744832256524 8.801529884338379 290
1744832270616 8.784271240234375 300
1744832284330 9.412764549255371 310
1744832298054 8.904434204101562 320
1744832311627 8.704068183898926 330
1744832325857 10.548345565795898 340
1744832339408 12.755918502807617 350
1744832353338 10.629034996032715 360
1744832367582 9.739151000976562 370
1744832381098 10.220748901367188 380
1744832434537 12.342952728271484 390
1744832448276 11.139711380004883 400
1744832461385 11.764244079589844 410
1744832477950 11.97086238861084 420
1744832491401 10.085748672485352 430
1744832505078 12.678569793701172 440
1744832518298 12.454242706298828 450
1744832532055 11.810791969299316 460
1744832545314 12.008381843566895 470
1744832558662 11.947830200195312 480
1744832571985 9.821015357971191 490
1744832585316 13.608484268188477 500
1744832598594 9.497133255004883 510
1744832611779 32.467750549316406 520
1744832625217 13.76966667175293 530
1744832638440 11.794476509094238 540
1744832651903 9.016623497009277 550
1744832665455 11.093284606933594 560
1744832679053 12.24675178527832 570
1744832731060 9.129732131958008 580
1744832744602 12.375669479370117 590
1744832758744 9.371933937072754 600
1744832772222 11.120633125305176 610
1744832785627 15.096653938293457 620
1744832799066 12.247434616088867 630
1744832812701 9.381526947021484 640
1744832826960 9.246392250061035 650
1744832840308 10.09912109375 660
1744832853783 9.70544719696045 670
1744832867113 10.514270782470703 680
1744832880690 11.07431411743164 690
1744832894121 8.013864517211914 700
1744832907565 19.873437881469727 710
1744832920906 10.797000885009766 720
1744832934421 11.264152526855469 730
1744832948203 33.6577262878418 740
1744832961372 12.339715957641602 750
1744832974802 9.666556358337402 760
1744832988266 7.685604572296143 770
1744833040175 9.635929107666016 780
1744833053813 6.73552942276001 790
1744833067602 10.832320213317871 800
1744833080895 14.889979362487793 810
1744833094548 12.791512489318848 820
1744833107670 8.656455039978027 830
1744833121268 12.537312507629395 840
1744833134683 10.143589973449707 850
1744833148212 8.888849258422852 860
1744833161722 8.66200065612793 870
1744833174737 7.993207931518555 880
1744833188573 17.54458236694336 890
1744833202142 13.171187400817871 900
1744833215796 13.59546184539795 910
1744833228767 7.993548393249512 920
1744833242186 11.099096298217773 930
1744833255362 16.030540466308594 940
1744833269091 11.557036399841309 950
1744833283191 12.254034042358398 960
1744833334122 7.51582670211792 970
1744833347282 8.198246002197266 980
1744833360932 9.810614585876465 990
1744833374262 17.476377487182617 1000
1744833387524 8.804036140441895 1010
1744833401047 11.186659812927246 1020
1744833414053 13.095439910888672 1030
1744833427614 7.344535827636719 1040
1744833440820 13.567424774169922 1050
1744833454379 12.033302307128906 1060
1744833467595 9.145581245422363 1070
1744833481309 11.530293464660645 1080
1744833494492 11.793912887573242 1090
1744833508067 11.576041221618652 1100
1744833521792 14.49236011505127 1110
1744833535843 21.57791519165039 1120
1744833549430 9.838347434997559 1130
1744833562761 12.052267074584961 1140
1744833576331 10.393229484558105 1150
1744833628628 6.471303462982178 1160
1744833642355 20.6500301361084 1170
1744833655962 17.818618774414062 1180
1744833669542 9.741591453552246 1190
1744833682962 11.463519096374512 1200
1744833696284 9.122147560119629 1210
1744833709702 10.797492980957031 1220
1744833723215 9.867108345031738 1230
1744833736649 33.710243225097656 1240
1744833749913 9.96924877166748 1250
1744833763403 11.377934455871582 1260
1744833777394 8.270434379577637 1270
1744833790669 8.646610260009766 1280
1744833804314 9.887476921081543 1290
1744833817437 8.506046295166016 1300
1744833831193 9.259708404541016 1310
1744833844664 9.257142066955566 1320
1744833858653 8.916287422180176 1330
1744833872113 10.955677032470703 1340
1744833885927 8.833956718444824 1350
1744833939243 7.808628082275391 1360
1744833953033 6.773199081420898 1370
1744833966394 13.18014907836914 1380
1744833979842 11.389820098876953 1390
1744833992850 7.406421184539795 1400
1744834006589 9.090190887451172 1410
1744834020835 6.174294948577881 1420
1744834034686 8.68795108795166 1430
1744834048365 6.823808670043945 1440
1744834061832 9.076638221740723 1450
1744834075274 7.322196006774902 1460
1744834088363 10.385077476501465 1470
1744834101662 12.119744300842285 1480
1744834114927 11.143489837646484 1490
1744834128385 8.521644592285156 1500
1744834141949 9.638927459716797 1510
1744834155513 9.80462646484375 1520
1744834169140 9.865947723388672 1530
1744834182245 8.107433319091797 1540
1744834235200 6.589663028717041 1550
1744834248501 6.423684597015381 1560
1744834262022 7.701032638549805 1570
1744834275249 9.062085151672363 1580
1744834288546 9.188657760620117 1590
1744834301939 8.88662052154541 1600
1744834315540 12.182493209838867 1610
1744834329712 7.501047611236572 1620
1744834343539 8.853232383728027 1630
1744834357326 14.965152740478516 1640
1744834371104 8.466140747070312 1650
1744834384889 9.060969352722168 1660
1744834398663 9.040481567382812 1670
1744834412257 7.388616561889648 1680
1744834425949 7.94325065612793 1690
1744834439632 16.9823055267334 1700
1744834453319 6.983328819274902 1710
1744834466258 7.48875617980957 1720
1744834479937 9.234241485595703 1730
1744834532873 9.114065170288086 1740
1744834546566 9.420624732971191 1750
1744834559895 9.153042793273926 1760
1744834573753 9.948046684265137 1770
1744834587398 9.447813034057617 1780
1744834600671 8.240278244018555 1790
1744834614188 9.055642127990723 1800
1744834627893 7.843430995941162 1810
1744834641777 10.694428443908691 1820
1744834655256 6.270646572113037 1830
1744834668792 9.082040786743164 1840
1744834682027 14.568870544433594 1850
1744834695836 8.404108047485352 1860
1744834708998 9.487305641174316 1870
1744834722572 9.434469223022461 1880
1744834736287 10.447668075561523 1890
1744834749672 7.650945663452148 1900
1744834762905 7.63895320892334 1910
1744834776196 10.954255104064941 1920
1744834788977 10.58458423614502 1930
1744834842236 9.96096134185791 1940
1744834855664 9.66215991973877 1950
1744834869117 9.7739896774292 1960
1744834882814 7.32275390625 1970
1744834895899 10.729994773864746 1980
1744834909411 9.552775382995605 1990
1744834922615 8.464465141296387 2000
1744834935798 8.053915023803711 2010
1744834949296 9.410058975219727 2020
1744834963048 9.722246170043945 2030
1744834976483 9.006104469299316 2040
1744834989510 7.625265121459961 2050
1744835002963 8.634779930114746 2060
1744835016353 8.88286304473877 2070
1744835029757 10.586596488952637 2080
1744835043506 10.519814491271973 2090
1744835057651 22.330692291259766 2100
1744835071247 9.375666618347168 2110
1744835084545 10.141613006591797 2120
1744835137671 9.690956115722656 2130
1744835152019 9.65352725982666 2140
1744835166171 9.243671417236328 2150
1744835180155 8.615976333618164 2160
1744835193576 8.250348091125488 2170
1744835206841 9.83651065826416 2180
1744835220509 10.14394760131836 2190
1744835234025 8.363828659057617 2200
1744835247886 10.011917114257812 2210
1744835261494 9.93628978729248 2220
1744835275084 7.166459083557129 2230
1744835288383 6.532950401306152 2240
1744835301930 11.132567405700684 2250
1744835316167 10.183038711547852 2260
1744835329487 7.109333515167236 2270
1744835342894 9.971402168273926 2280
1744835356598 7.858307838439941 2290
1744835370964 8.480998039245605 2300
1744835384288 7.263957977294922 2310
1744835436420 10.934632301330566 2320
1744835449745 9.114663124084473 2330
1744835463194 10.01752758026123 2340
1744835476638 8.140646934509277 2350
1744835490579 9.581686973571777 2360
1744835504530 8.722293853759766 2370
1744835518278 10.053863525390625 2380
1744835531657 8.22291088104248 2390
1744835544966 6.744643688201904 2400
1744835558464 12.43661117553711 2410
1744835571674 8.951033592224121 2420
1744835585189 10.061123847961426 2430
1744835598425 7.260131359100342 2440
1744835612016 10.282437324523926 2450
1744835625262 7.592265605926514 2460
1744835638813 7.513881683349609 2470
1744835652118 7.722804069519043 2480
1744835665666 11.823112487792969 2490
1744835678948 9.20265007019043 2500
1744835730903 13.44309139251709 2510
1744835744331 7.89586877822876 2520
1744835757760 7.508235931396484 2530
1744835770984 7.617116928100586 2540
1744835784525 9.137760162353516 2550
1744835798624 5.887795448303223 2560
1744835812351 6.989340782165527 2570
1744835825721 8.883914947509766 2580
1744835839101 5.94903564453125 2590
1744835852161 11.375860214233398 2600
1744835865504 8.60503101348877 2610
1744835878711 12.520198822021484 2620
1744835891983 7.950070858001709 2630
1744835906042 10.06354808807373 2640
1744835919329 7.874637126922607 2650
1744835932952 9.202642440795898 2660
1744835947106 15.585305213928223 2670
1744835960801 11.324201583862305 2680
1744835974237 10.074932098388672 2690
1744835988045 10.052276611328125 2700
1744836040223 9.862377166748047 2710
1744836053528 8.530306816101074 2720
1744836066705 7.847929954528809 2730
1744836080218 8.625981330871582 2740
1744836093767 6.633140563964844 2750
1744836107083 6.264590740203857 2760
1744836120841 10.790022850036621 2770
1744836134018 7.878572463989258 2780
1744836147692 11.506896018981934 2790
1744836161050 10.262706756591797 2800
1744836174607 12.610333442687988 2810
1744836188186 8.281115531921387 2820
1744836201414 13.24582576751709 2830
1744836215011 10.771331787109375 2840
1744836228561 8.849602699279785 2850
1744836242246 8.864704132080078 2860
1744836255417 10.731037139892578 2870
1744836268822 11.265691757202148 2880
1744836282018 8.107068061828613 2890
1744836334311 11.65578556060791 2900
1744836347862 9.511005401611328 2910
1744836361654 8.866440773010254 2920
1744836375785 7.906993865966797 2930
1744836389266 7.7928619384765625 2940
1744836403101 8.707961082458496 2950
1744836416324 9.65102481842041 2960
1744836429735 9.214651107788086 2970
1744836443185 8.085959434509277 2980
1744836456991 12.907577514648438 2990
1744836470860 8.947378158569336 3000
1744836484858 7.41939640045166 3010
1744836498426 9.703583717346191 3020
1744836512017 9.205617904663086 3030
1744836525210 11.162238121032715 3040
1744836538453 8.290264129638672 3050
1744836552346 7.523060321807861 3060
1744836566106 8.574362754821777 3070
1744836580110 11.243176460266113 3080
1744836633095 9.632928848266602 3090
1744836646641 9.15932559967041 3100
1744836659920 7.267678260803223 3110
1744836673645 11.071416854858398 3120
1744836686776 7.1837921142578125 3130
1744836701356 13.238378524780273 3140
1744836715464 10.40542984008789 3150
1744836728920 8.592214584350586 3160
1744836742524 9.453377723693848 3170
1744836755888 10.793224334716797 3180
1744836770081 8.565948486328125 3190
1744836783676 6.044327735900879 3200
1744836797083 9.33832836151123 3210
1744836810209 11.61923885345459 3220
1744836823732 13.955931663513184 3230
1744836836618 7.201451778411865 3240
1744836849956 24.4390926361084 3250
1744836862956 4.656913757324219 3260
1744836876388 9.3789701461792 3270
1744836889537 7.400781631469727 3280
1744836941773 7.6979522705078125 3290
1744836955323 6.977359294891357 3300
1744836968681 8.535811424255371 3310
1744836981983 9.063558578491211 3320
1744836995388 9.254598617553711 3330
1744837009156 9.682031631469727 3340
1744837022202 7.448732376098633 3350
1744837035718 9.515327453613281 3360
1744837049167 11.006649017333984 3370
1744837062527 7.508258819580078 3380
1744837075995 8.70285701751709 3390
1744837089085 8.307497024536133 3400
1744837102325 8.09041976928711 3410
1744837115635 7.6439056396484375 3420
1744837129266 10.643498420715332 3430
1744837142882 6.659671783447266 3440
1744837156441 11.506512641906738 3450
1744837170277 10.530393600463867 3460
1744837183823 9.413400650024414 3470
1744837236274 7.267637252807617 3480
1744837249967 9.962479591369629 3490
1744837263295 12.19890308380127 3500
1744837276740 7.577014923095703 3510
1744837290119 6.6747846603393555 3520
1744837303279 9.7670316696167 3530
1744837316832 9.684839248657227 3540
1744837330153 11.127813339233398 3550
1744837343779 7.926270484924316 3560
1744837357216 9.648720741271973 3570
1744837370996 7.8935370445251465 3580
1744837384920 6.76744270324707 3590
1744837398202 10.274679183959961 3600
1744837411885 8.265852928161621 3610
1744837425298 8.976444244384766 3620
1744837439103 7.053768157958984 3630
1744837452334 7.058617115020752 3640
1744837465725 6.804715156555176 3650
1744837479608 6.821863174438477 3660
1744837531690 9.775873184204102 3670
1744837545688 6.2898125648498535 3680
1744837559824 7.449582099914551 3690
1744837574299 9.2080078125 3700
1744837587975 9.978290557861328 3710
1744837601530 11.934805870056152 3720
1744837615083 8.346848487854004 3730
1744837628708 9.359269142150879 3740
1744837641796 7.749182224273682 3750
1744837655008 8.38255500793457 3760
1744837668269 9.713217735290527 3770
1744837681656 8.104565620422363 3780
1744837695109 9.094340324401855 3790
1744837708415 8.242677688598633 3800
1744837722145 11.605842590332031 3810
1744837735695 8.073559761047363 3820
1744837749253 8.96505355834961 3830
1744837762567 22.620826721191406 3840
1744837776266 6.579209327697754 3850
1744837789218 33.798824310302734 3860
1744837842306 8.068258285522461 3870
1744837855445 8.033201217651367 3880
1744837869134 25.396577835083008 3890
1744837882558 9.746519088745117 3900
1744837896401 8.996960639953613 3910
1744837909846 14.043853759765625 3920
1744837923371 8.477876663208008 3930
1744837937266 8.18710994720459 3940
1744837950638 6.461694240570068 3950
1744837964113 6.4292168617248535 3960
1744837977583 9.286956787109375 3970
1744837991137 11.663764953613281 3980
1744838004280 6.913364887237549 3990
1744838017454 11.03628921508789 4000
1744838031489 6.981032371520996 4010
1744838045273 8.367134094238281 4020
1744838058806 18.672082901000977 4030
1744838072389 6.465646266937256 4040
1744838086418 9.438111305236816 4050
1744838138225 14.064167022705078 4060
1744838151624 7.804501056671143 4070
1744838164914 8.59752368927002 4080
1744838178725 8.094520568847656 4090
1744838192154 8.509336471557617 4100
1744838205612 9.106308937072754 4110
1744838219535 8.430655479431152 4120
1744838232772 9.631368637084961 4130
1744838246377 9.454127311706543 4140
1744838259591 7.753884792327881 4150
1744838273285 7.18325662612915 4160
1744838286420 6.496774196624756 4170
1744838299499 8.598517417907715 4180
1744838313538 9.623103141784668 4190
1744838327399 10.784295082092285 4200
1744838340793 10.750814437866211 4210
1744838354564 8.940362930297852 4220
1744838368201 8.94918441772461 4230
1744838381600 8.56827163696289 4240
1744838433201 9.25230884552002 4250
1744838446476 9.286001205444336 4260
1744838460145 10.44906234741211 4270
1744838473217 12.194734573364258 4280
1744838486675 8.578177452087402 4290
1744838499845 8.307596206665039 4300
1744838513098 6.4875383377075195 4310
1744838526905 12.89362907409668 4320
1744838540063 8.43919563293457 4330
1744838553549 15.919038772583008 4340
1744838566977 9.402457237243652 4350
1744838580310 11.092023849487305 4360
1744838593744 9.170699119567871 4370
1744838606741 10.702569961547852 4380
1744838620073 8.396537780761719 4390
1744838633259 6.69950008392334 4400
1744838646765 9.585921287536621 4410
1744838659858 16.270044326782227 4420
1744838673406 12.780787467956543 4430
1744838724893 7.481914520263672 4440
1744838738106 8.565337181091309 4450
1744838751617 11.14138412475586 4460
1744838764932 8.600998878479004 4470
1744838778475 6.880199432373047 4480
1744838791983 8.958813667297363 4490
1744838805418 10.695670127868652 4500
1744838818808 7.741666793823242 4510
1744838832051 15.179161071777344 4520
1744838845338 9.349488258361816 4530
1744838858816 12.809782981872559 4540
1744838871790 6.220557689666748 4550
1744838885450 8.038839340209961 4560
1744838898593 9.445352554321289 4570
1744838912385 7.801725387573242 4580
1744838925542 10.382109642028809 4590
1744838938594 8.836991310119629 4600
1744838952106 13.257889747619629 4610
1744838965601 8.471181869506836 4620
1744838979002 9.796154022216797 4630
1744839029651 11.16016960144043 4640
1744839043042 8.91563892364502 4650
1744839056507 7.790074348449707 4660
1744839069777 8.016679763793945 4670
1744839082823 8.353517532348633 4680
1744839096502 10.031004905700684 4690
1744839109815 8.251269340515137 4700
1744839122936 7.27916145324707 4710
1744839136782 8.00916862487793 4720
1744839149871 7.453257083892822 4730
1744839163380 12.889270782470703 4740
1744839176399 8.346057891845703 4750
1744839189930 11.833024024963379 4760
1744839203147 7.449891090393066 4770
1744839216337 9.962599754333496 4780
1744839230151 8.487821578979492 4790
1744839243405 8.174981117248535 4800
1744839257021 13.917819023132324 4810
1744839270257 13.297686576843262 4820
1744839323394 10.239065170288086 4830
1744839336514 8.948826789855957 4840
1744839350358 9.936519622802734 4850
1744839363644 6.749651908874512 4860
1744839376940 8.4116792678833 4870
1744839390298 17.277074813842773 4880
1744839403650 12.47803783416748 4890
1744839416857 9.21307373046875 4900
1744839430498 7.767370223999023 4910
1744839443709 6.061849117279053 4920
1744839457463 7.393444538116455 4930
1744839470930 8.403266906738281 4940
1744839484139 14.216571807861328 4950
1744839497461 11.608524322509766 4960
1744839510627 11.43737506866455 4970
1744839524220 5.143523216247559 4980
1744839537444 8.409517288208008 4990
1744839550741 7.854931831359863 5000
1744839564026 6.9534783363342285 5010
1744839616007 7.332830905914307 5020
1744839629287 11.368054389953613 5030
1744839642471 9.566895484924316 5040
1744839656313 10.814908981323242 5050
1744839669691 8.868167877197266 5060
1744839683591 23.16786766052246 5070
1744839697060 10.645217895507812 5080
1744839710836 7.904358386993408 5090
1744839724175 11.506643295288086 5100
1744839737539 8.005480766296387 5110
1744839751037 8.037945747375488 5120
1744839764183 7.274093151092529 5130
1744839777627 8.058792114257812 5140
1744839791375 9.271821022033691 5150
1744839805039 23.274778366088867 5160
1744839819094 6.828291416168213 5170
1744839832932 7.196238994598389 5180
1744839846479 7.3650922775268555 5190
1744839860054 7.622904300689697 5200
1744839873361 29.72246551513672 5210
1744839926385 7.841213226318359 5220
1744839940087 10.537650108337402 5230
1744839953292 7.5302510261535645 5240
1744839966615 11.843315124511719 5250
1744839979858 6.824007034301758 5260
1744839993586 14.339430809020996 5270
1744840006851 8.831526756286621 5280
1744840020235 9.437776565551758 5290
1744840033396 8.956984519958496 5300
1744840046733 7.752788543701172 5310
1744840060162 9.142109870910645 5320
1744840073324 8.833832740783691 5330
1744840086981 27.62252426147461 5340
1744840100527 8.130395889282227 5350
1744840114115 7.618634223937988 5360
1744840127619 12.76565933227539 5370
1744840140851 8.561552047729492 5380
1744840154134 9.895575523376465 5390
1744840167544 9.754451751708984 5400
1744840219798 12.693439483642578 5410
1744840233146 8.010526657104492 5420
1744840246764 8.70761775970459 5430
1744840260285 10.449044227600098 5440
1744840273855 9.378670692443848 5450
1744840287251 9.192557334899902 5460
1744840300651 5.587658405303955 5470
1744840314282 6.6169891357421875 5480
1744840328140 10.933192253112793 5490
1744840341694 11.338863372802734 5500
1744840355048 158.28733825683594 5510
1744840368179 8.007197380065918 5520
1744840381167 11.800238609313965 5530
1744840394771 8.94456672668457 5540
1744840408692 13.232951164245605 5550
1744840422361 8.267200469970703 5560
1744840436134 11.49086856842041 5570
1744840449625 10.525211334228516 5580
1744840462992 10.41829776763916 5590
1744840514343 6.86417818069458 5600
1744840527356 10.187519073486328 5610
1744840540847 9.466682434082031 5620
1744840554092 7.324686527252197 5630
1744840567472 7.017749309539795 5640
1744840581040 8.664068222045898 5650
1744840594232 9.036377906799316 5660
1744840607712 8.474411010742188 5670
1744840620944 10.701068878173828 5680
1744840634324 7.237049102783203 5690
1744840647428 9.106375694274902 5700
1744840660663 6.857044219970703 5710
1744840674226 8.236920356750488 5720
1744840687442 10.279251098632812 5730
1744840700761 10.897954940795898 5740
1744840714110 8.667736053466797 5750
1744840727637 10.565566062927246 5760
1744840740736 10.795924186706543 5770
1744840754015 11.501112937927246 5780
1744840766478 13.772902488708496 5790
