1744831833055 1.5544041450777202e-07 10
1744831846933 3.281519861830743e-07 20
1744831861043 5.008635578583765e-07 30
1744831874644 6.735751295336788e-07 40
1744831888854 8.462867012089811e-07 50
1744831902516 1.0189982728842833e-06 60
1744831916375 1.1917098445595854e-06 70
1744831930112 1.364421416234888e-06 80
1744831944003 1.53713298791019e-06 90
1744831957547 1.7098445595854923e-06 100
1744831970913 1.8825561312607947e-06 110
1744831984352 2.0552677029360967e-06 120
1744831997886 2.227979274611399e-06 130
1744832011303 2.4006908462867014e-06 140
1744832024621 2.5734024179620037e-06 150
1744832038347 2.7461139896373056e-06 160
1744832051708 2.9188255613126083e-06 170
1744832065186 3.0915371329879106e-06 180
1744832078352 3.2642487046632125e-06 190
1744832133326 3.4369602763385152e-06 200
1744832146772 3.609671848013817e-06 210
1744832160922 3.7823834196891194e-06 220
1744832174544 3.955094991364421e-06 230
1744832188292 4.127806563039724e-06 240
1744832202081 4.300518134715026e-06 250
1744832215696 4.473229706390329e-06 260
1744832229652 4.645941278065631e-06 270
1744832242846 4.818652849740933e-06 280
1744832256524 4.991364421416235e-06 290
1744832270616 5.164075993091537e-06 300
1744832284330 5.33678756476684e-06 310
1744832298054 5.5094991364421425e-06 320
1744832311627 5.6822107081174435e-06 330
1744832325857 5.854922279792746e-06 340
1744832339408 6.027633851468049e-06 350
1744832353338 6.200345423143352e-06 360
1744832367582 6.373056994818654e-06 370
1744832381098 6.5457685664939555e-06 380
1744832434537 6.718480138169257e-06 390
1744832448276 6.89119170984456e-06 400
1744832461385 7.063903281519863e-06 410
1744832477950 7.236614853195166e-06 420
1744832491401 7.409326424870467e-06 430
1744832505078 7.582037996545769e-06 440
1744832518298 7.754749568221071e-06 450
1744832532055 7.927461139896375e-06 460
1744832545314 8.100172711571675e-06 470
1744832558662 8.272884283246979e-06 480
1744832571985 8.44559585492228e-06 490
1744832585316 8.618307426597582e-06 500
1744832598594 8.791018998272886e-06 510
1744832611779 8.963730569948186e-06 520
1744832625217 9.13644214162349e-06 530
1744832638440 9.309153713298792e-06 540
1744832651903 9.481865284974095e-06 550
1744832665455 9.654576856649395e-06 560
1744832679053 9.827288428324699e-06 570
1744832731060 1e-05 580
1744832744602 9.999909135070845e-06 590
1744832758744 9.999636543585954e-06 600
1744832772222 9.999182235452926e-06 610
1744832785627 9.998546227184033e-06 620
1744832799066 9.997728541895617e-06 630
1744832812701 9.996729209307242e-06 640
1744832826960 9.995548265740621e-06 650
1744832840308 9.994185754118296e-06 660
1744832853783 9.992641723962076e-06 670
1744832867113 9.990916231391237e-06 680
1744832880690 9.989009339120484e-06 690
1744832894121 9.986921116457669e-06 700
1744832907565 9.984651639301273e-06 710
1744832920906 9.982200990137647e-06 720
1744832934421 9.97956925803802e-06 730
1744832948203 9.97675653865525e-06 740
1744832961372 9.973762934220356e-06 750
1744832974802 9.970588553538802e-06 760
1744832988266 9.967233511986534e-06 770
1744833040175 9.963697931505801e-06 780
1744833053813 9.959981940600709e-06 790
1744833067602 9.95608567433256e-06 800
1744833080895 9.952009274314935e-06 810
1744833094548 9.947752888708556e-06 820
1744833107670 9.94331667221589e-06 830
1744833121268 9.93870078607554e-06 840
1744833134683 9.933905398056371e-06 850
1744833148212 9.928930682451421e-06 860
1744833161722 9.92377682007156e-06 870
1744833174737 9.918443998238925e-06 880
1744833188573 9.912932410780109e-06 890
1744833202142 9.907242258019113e-06 900
1744833215796 9.901373746770066e-06 910
1744833228767 9.895327090329713e-06 920
1744833242186 9.889102508469659e-06 930
1744833255362 9.88270022742838e-06 940
1744833269091 9.876120479902996e-06 950
1744833283191 9.86936350504083e-06 960
1744833334122 9.862429548430696e-06 970
1744833347282 9.855318862093985e-06 980
1744833360932 9.8480317044755e-06 990
1744833374262 9.840568340434069e-06 1000
1744833387524 9.832929041232906e-06 1010
1744833401047 9.825114084529767e-06 1020
1744833414053 9.817123754366842e-06 1030
1744833427614 9.80895834116045e-06 1040
1744833440820 9.800618141690463e-06 1050
1744833454379 9.792103459089539e-06 1060
1744833467595 9.783414602832087e-06 1070
1744833481309 9.774551888723032e-06 1080
1744833494492 9.765515638886331e-06 1090
1744833508067 9.756306181753262e-06 1100
1744833521792 9.746923852050494e-06 1110
1744833535843 9.737368990787917e-06 1120
1744833549430 9.727641945246247e-06 1130
1744833562761 9.717743068964407e-06 1140
1744833576331 9.707672721726671e-06 1150
1744833628628 9.697431269549597e-06 1160
1744833642355 9.687019084668716e-06 1170
1744833655962 9.676436545525001e-06 1180
1744833669542 9.665684036751124e-06 1190
1744833682962 9.654761949157463e-06 1200
1744833696284 9.6436706797179e-06 1210
1744833709702 9.632410631555406e-06 1220
1744833723215 9.62098221392737e-06 1230
1744833736649 9.609385842210735e-06 1240
1744833749913 9.597621937886899e-06 1250
1744833763403 9.585690928526392e-06 1260
1744833777394 9.573593247773348e-06 1270
1744833790669 9.561329335329726e-06 1280
1744833804314 9.548899636939338e-06 1290
1744833817437 9.536304604371653e-06 1300
1744833831193 9.523544695405366e-06 1310
1744833844664 9.510620373811767e-06 1320
1744833858653 9.497532109337882e-06 1330
1744833872113 9.484280377689401e-06 1340
1744833885927 9.470865660513389e-06 1350
1744833939243 9.457288445380773e-06 1360
1744833953033 9.443549225768629e-06 1370
1744833966394 9.429648501042248e-06 1380
1744833979842 9.415586776436973e-06 1390
1744833992850 9.40136456303985e-06 1400
1744834006589 9.386982377771046e-06 1410
1744834020835 9.372440743365054e-06 1420
1744834034686 9.357740188351709e-06 1430
1744834048365 9.342881247036967e-06 1440
1744834061832 9.32786445948349e-06 1450
1744834075274 9.31269037149101e-06 1460
1744834088363 9.297359534576497e-06 1470
1744834101662 9.281872505954121e-06 1480
1744834114927 9.266229848514981e-06 1490
1744834128385 9.250432130806662e-06 1500
1744834141949 9.234479927012565e-06 1510
1744834155513 9.218373816931037e-06 1520
1744834169140 9.202114385954299e-06 1530
1744834182245 9.185702225047167e-06 1540
1744834235200 9.169137930725575e-06 1550
1744834248501 9.1524221050349e-06 1560
1744834262022 9.135555355528063e-06 1570
1744834275249 9.11853829524347e-06 1580
1744834288546 9.101371542682704e-06 1590
1744834301939 9.084055721788072e-06 1600
1744834315540 9.066591461919912e-06 1610
1744834329712 9.048979397833713e-06 1620
1744834343539 9.03122016965706e-06 1630
1744834357326 9.013314422866358e-06 1640
1744834371104 8.995262808263368e-06 1650
1744834384889 8.977065981951567e-06 1660
1744834398663 8.958724605312287e-06 1670
1744834412257 8.940239344980686e-06 1680
1744834425949 8.921610872821508e-06 1690
1744834439632 8.902839865904676e-06 1700
1744834453319 8.883927006480676e-06 1710
1744834466258 8.86487298195576e-06 1720
1744834479937 8.845678484866964e-06 1730
1744834532873 8.826344212856936e-06 1740
1744834546566 8.806870868648576e-06 1750
1744834559895 8.787259160019504e-06 1760
1744834573753 8.767509799776323e-06 1770
1744834587398 8.747623505728723e-06 1780
1744834600671 8.727601000663383e-06 1790
1744834614188 8.707443012317704e-06 1800
1744834627893 8.68715027335336e-06 1810
1744834641777 8.666723521329667e-06 1820
1744834655256 8.646163498676776e-06 1830
1744834668792 8.625470952668685e-06 1840
1744834682027 8.604646635396085e-06 1850
1744834695836 8.583691303739023e-06 1860
1744834708998 8.56260571933939e-06 1870
1744834722572 8.541390648573238e-06 1880
1744834736287 8.520046862522929e-06 1890
1744834749672 8.498575136949104e-06 1900
1744834762905 8.476976252262491e-06 1910
1744834776196 8.455250993495547e-06 1920
1744834788977 8.433400150273907e-06 1930
1744834842236 8.4114245167877e-06 1940
1744834855664 8.389324891762675e-06 1950
1744834869117 8.367102078431182e-06 1960
1744834882814 8.344756884502962e-06 1970
1744834895899 8.322290122135803e-06 1980
1744834909411 8.299702607906009e-06 1990
1744834922615 8.276995162778736e-06 2000
1744834935798 8.254168612078138e-06 2010
1744834949296 8.23122378545738e-06 2020
1744834963048 8.208161516868485e-06 2030
1744834976483 8.184982644532008e-06 2040
1744834989510 8.161688010906588e-06 2050
1744835002963 8.138278462658318e-06 2060
1744835016353 8.114754850629977e-06 2070
1744835029757 8.091118029810102e-06 2080
1744835043506 8.067368859301909e-06 2090
1744835057651 8.043508202292078e-06 2100
1744835071247 8.019536926019373e-06 2110
1744835084545 7.995455901743124e-06 2120
1744835137671 7.971266004711553e-06 2130
1744835152019 7.946968114129974e-06 2140
1744835166171 7.922563113128829e-06 2150
1744835180155 7.898051888731592e-06 2160
1744835193576 7.873435331822534e-06 2170
1744835206841 7.848714337114332e-06 2180
1744835220509 7.823889803115559e-06 2190
1744835234025 7.798962632098024e-06 2200
1744835247886 7.773933730063981e-06 2210
1744835261494 7.74880400671319e-06 2220
1744835275084 7.723574375409866e-06 2230
1744835288383 7.698245753149476e-06 2240
1744835301930 7.672819060525402e-06 2250
1744835316167 7.647295221695497e-06 2260
1744835329487 7.621675164348481e-06 2270
1744835342894 7.595959819670236e-06 2280
1744835356598 7.570150122309947e-06 2290
1744835370964 7.544247010346147e-06 2300
1744835384288 7.518251425252607e-06 2310
1744835436420 7.492164311864125e-06 2320
1744835449745 7.465986618342189e-06 2330
1744835463194 7.4397192961405005e-06 2340
1744835476638 7.4133632999704135e-06 2350
1744835490579 7.386919587766211e-06 2360
1744835504530 7.360389120650316e-06 2370
1744835518278 7.333772862898328e-06 2380
1744835531657 7.3070717819039975e-06 2390
1744835544966 7.28028684814406e-06 2400
1744835558464 7.25341903514296e-06 2410
1744835571674 7.226469319437463e-06 2420
1744835585189 7.199438680541178e-06 2430
1744835598425 7.172328100908935e-06 2440
1744835612016 7.145138565901096e-06 2450
1744835625262 7.11787106374773e-06 2460
1744835638813 7.090526585512696e-06 2470
1744835652118 7.0631061250576265e-06 2480
1744835665666 7.0356106790057974e-06 2490
1744835678948 7.008041246705917e-06 2500
1744835730903 6.980398830195785e-06 2510
1744835744331 6.95268443416589e-06 2520
1744835757760 6.924899065922888e-06 2530
1744835770984 6.897043735352982e-06 2540
1744835784525 6.8691194548852295e-06 2550
1744835798624 6.841127239454737e-06 2560
1744835812351 6.813068106465771e-06 2570
1744835825721 6.7849430757547865e-06 2580
1744835839101 6.7567531695533515e-06 2590
1744835852161 6.728499412450999e-06 2600
1744835865504 6.700182831357984e-06 2610
1744835878711 6.6718044554679586e-06 2620
1744835891983 6.643365316220571e-06 2630
1744835906042 6.6148664472639676e-06 2640
1744835919329 6.586308884417236e-06 2650
1744835932952 6.557693665632743e-06 2660
1744835947106 6.52902183095842e-06 2670
1744835960801 6.500294422499958e-06 2680
1744835974237 6.471512484382932e-06 2690
1744835988045 6.442677062714847e-06 2700
1744836040223 6.413789205547123e-06 2710
1744836053528 6.384849962836997e-06 2720
1744836066705 6.355860386409367e-06 2730
1744836080218 6.3268215299185545e-06 2740
1744836093767 6.297734448810014e-06 2750
1744836107083 6.268600200281972e-06 2760
1744836120841 6.239419843247e-06 2770
1744836134018 6.210194438293526e-06 2780
1744836147692 6.180925047647294e-06 2790
1744836161050 6.151612735132745e-06 2800
1744836174607 6.122258566134359e-06 2810
1744836188186 6.092863607557929e-06 2820
1744836201414 6.06342892779179e-06 2830
1744836215011 6.0339555966679766e-06 2840
1744836228561 6.004444685423345e-06 2850
1744836242246 5.974897266660643e-06 2860
1744836255417 5.9453144143095105e-06 2870
1744836268822 5.915697203587467e-06 2880
1744836282018 5.886046710960808e-06 2890
1744836334311 5.856364014105503e-06 2900
1744836347862 5.826650191868009e-06 2910
1744836361654 5.796906324226064e-06 2920
1744836375785 5.767133492249444e-06 2930
1744836389266 5.737332778060653e-06 2940
1744836403101 5.707505264795603e-06 2950
1744836416324 5.677652036564249e-06 2960
1744836429735 5.647774178411178e-06 2970
1744836443185 5.6178727762761755e-06 2980
1744836456991 5.587948916954754e-06 2990
1744836470860 5.5580036880586585e-06 3000
1744836484858 5.52803817797633e-06 3010
1744836498426 5.498053475833347e-06 3020
1744836512017 5.4680506714528455e-06 3030
1744836525210 5.438030855315904e-06 3040
1744836538453 5.407995118521907e-06 3050
1744836552346 5.377944552748895e-06 3060
1744836566106 5.347880250213877e-06 3070
1744836580110 5.317803303633144e-06 3080
1744836633095 5.287714806182543e-06 3090
1744836646641 5.257615851457749e-06 3100
1744836659920 5.227507533434519e-06 3110
1744836673645 5.197390946428925e-06 3120
1744836686776 5.167267185057588e-06 3130
1744836701356 5.13713734419788e-06 3140
1744836715464 5.107002518948148e-06 3150
1744836728920 5.0768638045878926e-06 3160
1744836742524 5.046722296537975e-06 3170
1744836755888 5.01657909032079e-06 3180
1744836770081 4.98643528152046e-06 3190
1744836783676 4.956291965743003e-06 3200
1744836797083 4.92615023857652e-06 3210
1744836810209 4.896011195551374e-06 3220
1744836823732 4.865875932100367e-06 3230
1744836836618 4.8357455435189295e-06 3240
1744836849956 4.805621124925315e-06 3250
1744836862956 4.775503771220785e-06 3260
1744836876388 4.745394577049825e-06 3270
1744836889537 4.715294636760352e-06 3280
1744836941773 4.685205044363942e-06 3290
1744836955323 4.6551268934960705e-06 3300
1744836968681 4.625061277376355e-06 3310
1744836981983 4.595009288768827e-06 3320
1744836995388 4.564972019942214e-06 3330
1744837009156 4.534950562630233e-06 3340
1744837022202 4.504946007991927e-06 3350
1744837035718 4.474959446571986e-06 3360
1744837049167 4.444991968261121e-06 3370
1744837062527 4.41504466225645e-06 3380
1744837075995 4.385118617021906e-06 3390
1744837089085 4.355214920248686e-06 3400
1744837102325 4.325334658815702e-06 3410
1744837115635 4.29547891875009e-06 3420
1744837129266 4.2656487851877335e-06 3430
1744837142882 4.235845342333818e-06 3440
1744837156441 4.206069673423438e-06 3450
1744837170277 4.176322860682209e-06 3460
1744837183823 4.146605985286945e-06 3470
1744837236274 4.116920127326356e-06 3480
1744837249967 4.087266365761794e-06 3490
1744837263295 4.057645778388038e-06 3500
1744837276740 4.0280594417941164e-06 3510
1744837290119 3.99850843132418e-06 3520
1744837303279 3.96899382103842e-06 3530
1744837316832 3.939516683674022e-06 3540
1744837330153 3.91007809060619e-06 3550
1744837343779 3.8806791118091885e-06 3560
1744837357216 3.851320815817472e-06 3570
1744837370996 3.822004269686832e-06 3580
1744837384920 3.792730538955624e-06 3590
1744837398202 3.7635006876060352e-06 3600
1744837411885 3.7343157780254163e-06 3610
1744837425298 3.7051768709676626e-06 3620
1744837439103 3.676085025514664e-06 3630
1744837452334 3.6470412990378094e-06 3640
1744837465725 3.6180467471595626e-06 3650
1744837479608 3.589102423715082e-06 3660
1744837531690 3.5602093807139263e-06 3670
1744837545688 3.5313686683018195e-06 3680
1744837559824 3.5025813347224746e-06 3690
1744837574299 3.473848426279507e-06 3700
1744837587975 3.445170987298389e-06 3710
1744837601530 3.416550060088507e-06 3720
1744837615083 3.3879866849052694e-06 3730
1744837628708 3.3594818999122992e-06 3740
1744837641796 3.331036741143708e-06 3750
1744837655008 3.302652242466429e-06 3760
1744837668269 3.2743294355426465e-06 3770
1744837681656 3.2460693497922975e-06 3780
1744837695109 3.217873012355657e-06 3790
1744837708415 3.1897414480560085e-06 3800
1744837722145 3.1616756793623913e-06 3810
1744837735695 3.133676726352438e-06 3820
1744837749253 3.105745606675301e-06 3830
1744837762567 3.0778833355146653e-06 3840
1744837776266 3.0500909255518464e-06 3850
1744837789218 3.022369386928993e-06 3860
1744837842306 2.99471972721236e-06 3870
1744837855445 2.967142951355697e-06 3880
1744837869134 2.9396400616637165e-06 3890
1744837882558 2.912212057755669e-06 3900
1744837896401 2.8848599365290077e-06 3910
1744837909846 2.8575846921231555e-06 3920
1744837923371 2.830387315883372e-06 3930
1744837937266 2.8032687963247226e-06 3940
1744837950638 2.77623011909615e-06 3950
1744837964113 2.7492722669446536e-06 3960
1744837977583 2.7223962196795626e-06 3970
1744837991137 2.695602954136929e-06 3980
1744838004280 2.668893444144023e-06 3990
1744838017454 2.6422686604839352e-06 4000
1744838031489 2.6157295708603027e-06 4010
1744838045273 2.589277139862123e-06 4020
1744838058806 2.5629123289287033e-06 4030
1744838072389 2.5366360963147147e-06 4040
1744838086418 2.5104493970553613e-06 4050
1744838138225 2.4843531829316758e-06 4060
1744838151624 2.4583484024359156e-06 4070
1744838164914 2.432436000737096e-06 4080
1744838178725 2.4066169196466326e-06 4090
1744838192154 2.380892097584119e-06 4100
1744838205612 2.3552624695432067e-06 4110
1744838219535 2.3297289670576305e-06 4120
1744838232772 2.304292518167346e-06 4130
1744838246377 2.2789540473848083e-06 4140
1744838259591 2.2537144756613555e-06 4150
1744838273285 2.2285747203537467e-06 4160
1744838286420 2.203535695190814e-06 4170
1744838299499 2.17859831024026e-06 4180
1744838313538 2.1537634718755697e-06 4190
1744838327399 2.129032082743073e-06 4200
1744838340793 2.1044050417291417e-06 4210
1744838354564 2.0798832439275096e-06 4220
1744838368201 2.055467580606743e-06 4230
1744838381600 2.0311589391778515e-06 4240
1744838433201 2.006958203162023e-06 4250
1744838446476 1.982866252158529e-06 4260
1744838460145 1.9588839618127355e-06 4270
1744838473217 1.935012203784287e-06 4280
1744838486675 1.9112518457154243e-06 4290
1744838499845 1.8876037511994478e-06 4300
1744838513098 1.8640687797493328e-06 4310
1744838526905 1.8406477867664847e-06 4320
1744838540063 1.8173416235096492e-06 4330
1744838553549 1.7941511370639764e-06 4340
1744838566977 1.771077170310227e-06 4350
1744838580310 1.7481205618941472e-06 4360
1744838593744 1.725282146195974e-06 4370
1744838606741 1.7025627533001166e-06 4380
1744838620073 1.6799632089649854e-06 4390
1744838633259 1.6574843345929776e-06 4400
1744838646765 1.6351269472006266e-06 4410
1744838659858 1.6128918593888994e-06 4420
1744838673406 1.5907798793136676e-06 4430
1744838724893 1.5687918106563326e-06 4440
1744838738106 1.5469284525946138e-06 4450
1744838751617 1.5251905997735055e-06 4460
1744838764932 1.5035790422763897e-06 4470
1744838778475 1.4820945655963227e-06 4480
1744838791983 1.4607379506074843e-06 4490
1744838805418 1.4395099735367974e-06 4500
1744838818808 1.418411405935717e-06 4510
1744838832051 1.3974430146521823e-06 4520
1744838845338 1.3766055618027486e-06 4530
1744838858816 1.3558998047448869e-06 4540
1744838871790 1.3353264960494544e-06 4550
1744838885450 1.3148863834733495e-06 4560
1744838898593 1.294580209932323e-06 4570
1744838912385 1.2744087134739825e-06 4580
1744838925542 1.2543726272509677e-06 4590
1744838938594 1.234472679494298e-06 4600
1744838952106 1.2147095934869147e-06 4610
1744838965601 1.1950840875373793e-06 4620
1744838979002 1.1755968749537755e-06 4630
1744839029651 1.15624866401778e-06 4640
1744839043042 1.1370401579589169e-06 4650
1744839056507 1.1179720549290062e-06 4660
1744839069777 1.0990450479767796e-06 4670
1744839082823 1.0802598250226942e-06 4680
1744839096502 1.0616170688339323e-06 4690
1744839109815 1.04311745699958e-06 4700
1744839122936 1.0247616619060075e-06 4710
1744839136782 1.006550350712422e-06 4720
1744839149871 9.884841853266236e-07 4730
1744839163380 9.705638223809488e-07 4740
1744839176399 9.527899132083984e-07 4750
1744839189930 9.351631038189751e-07 4760
1744839203147 9.176840348761918e-07 4770
1744839216337 9.003533416737937e-07 4780
1744839230151 8.831716541126634e-07 4790
1744839243405 8.661395966779318e-07 4800
1744839257021 8.492577884162728e-07 4810
1744839270257 8.325268429134147e-07 4820
1744839323394 8.159473682718278e-07 4830
1744839336514 7.995199670886262e-07 4840
1744839350358 7.832452364336674e-07 4850
1744839363644 7.671237678278531e-07 4860
1744839376940 7.511561472216234e-07 4870
1744839390298 7.353429549736635e-07 4880
1744839403650 7.196847658298101e-07 4890
1744839416857 7.041821489021639e-07 4900
1744839430498 6.888356676484004e-07 4910
1744839443709 6.736458798512918e-07 4920
1744839457463 6.586133375984333e-07 4930
1744839470930 6.437385872621826e-07 4940
1744839484139 6.290221694797922e-07 4950
1744839497461 6.144646191337661e-07 4960
1744839510627 6.000664653324156e-07 4970
1744839524220 5.858282313906333e-07 4980
1744839537444 5.717504348108649e-07 4990
1744839550741 5.578335872643059e-07 5000
1744839564026 5.440781945723017e-07 5010
1744839616007 5.304847566879678e-07 5020
1744839629287 5.170537676780119e-07 5030
1744839642471 5.037857157047782e-07 5040
1744839656313 4.906810830085096e-07 5050
1744839669691 4.777403458898123e-07 5060
1744839683591 4.64963974692354e-07 5070
1744839697060 4.523524337857582e-07 5080
1744839710836 4.399061815487343e-07 5090
1744839724175 4.2762567035241233e-07 5100
1744839737539 4.155113465439042e-07 5110
1744839751037 4.0356365043008103e-07 5120
1744839764183 3.9178301626156654e-07 5130
1744839777627 3.8016987221695664e-07 5140
1744839791375 3.687246403872552e-07 5150
1744839805039 3.5744773676053337e-07 5160
1744839819094 3.4633957120681294e-07 5170
1744839832932 3.354005474631622e-07 5180
1744839846479 3.246310631190297e-07 5190
1744839860054 3.140315096017871e-07 5200
1744839873361 3.0360227216250595e-07 5210
1744839926385 2.933437298619557e-07 5220
1744839940087 2.8325625555682414e-07 5230
1744839953292 2.733402158861659e-07 5240
1744839966615 2.6359597125807765e-07 5250
1744839979858 2.540238758365987e-07 5260
1744839993586 2.446242775288382e-07 5270
1744840006851 2.3539751797233056e-07 5280
1744840020235 2.2634393252261633e-07 5290
1744840033396 2.174638502410553e-07 5300
1744840046733 2.0875759388286676e-07 5310
1744840060162 2.0022547988539864e-07 5320
1744840073324 1.9186781835662304e-07 5330
1744840086981 1.8368491306387014e-07 5340
1744840100527 1.7567706142278318e-07 5350
1744840114115 1.6784455448651037e-07 5360
1744840127619 1.601876769351285e-07 5370
1744840140851 1.52706707065291e-07 5380
1744840154134 1.4540191678011685e-07 5390
1744840167544 1.382735715793071e-07 5400
1744840219798 1.3132193054949394e-07 5410
1744840233146 1.2454724635482584e-07 5420
1744840246764 1.1794976522778168e-07 5430
1744840260285 1.1152972696022447e-07 5440
1744840273855 1.0528736489468283e-07 5450
1744840287251 9.922290591587114e-08 5460
1744840300651 9.333657044244438e-08 5470
1744840314282 8.762857241898403e-08 5480
1744840328140 8.20991193082249e-08 5490
1744840341694 7.674841208351269e-08 5500
1744840355048 7.157664522150109e-08 5510
1744840368179 6.65840066950818e-08 5520
1744840381167 6.177067796655334e-08 5530
1744840394771 5.713683398102465e-08 5540
1744840408692 5.268264316005855e-08 5550
1744840422361 4.840826739554771e-08 5560
1744840436134 4.431386204383326e-08 5570
1744840449625 4.039957592005595e-08 5580
1744840462992 3.666555129274829e-08 5590
1744840514343 3.3111923878663134e-08 5600
1744840527356 2.973882283784202e-08 5610
1744840540847 2.6546370768920638e-08 5620
1744840554092 2.3534683704670158e-08 5630
1744840567472 2.070387110778338e-08 5640
1744840581040 1.8054035866895693e-08 5650
1744840594232 1.5585274292842512e-08 5660
1744840607712 1.3297676115163194e-08 5670
1744840620944 1.1191324478835863e-08 5680
1744840634324 9.266295941256498e-09 5690
1744840647428 7.522660469458932e-09 5700
1744840660663 5.9604814375685546e-09 5710
1744840674226 4.579815624499162e-09 5720
1744840687442 3.3807132118923726e-09 5730
1744840700761 2.363217782290206e-09 5740
1744840714110 1.5273663175524588e-09 5750
1744840727637 8.731891975127804e-10 5760
1744840740736 4.007101988745543e-10 5770
1744840754015 1.0994649434603599e-10 5780
1744840766478 9.086520164069967e-13 5790
