1744831833055 3.7816 10
1744831846933 3.8082 20
1744831861043 3.796 30
1744831874644 3.7674 40
1744831888854 3.7358 50
1744831902516 3.7149 60
1744831916375 3.7142 70
1744831930112 3.6974 80
1744831944003 3.6417 90
1744831957547 3.5919 100
1744831970913 3.5794 110
1744831984352 3.5378 120
1744831997886 3.4838 130
1744832011303 3.4534 140
1744832024621 3.3917 150
1744832038347 3.3295 160
1744832051708 3.2847 170
1744832065186 3.1953 180
1744832078352 3.2053 190
1744832133326 3.0999 200
1744832146772 3.0736 210
1744832160922 2.9263 220
1744832174544 2.8868 230
1744832188292 2.9366 240
1744832202081 2.8055 250
1744832215696 2.7575 260
1744832229652 2.6956 270
1744832242846 2.5265 280
1744832256524 2.6172 290
1744832270616 2.5402 300
1744832284330 2.3893 310
1744832298054 2.3537 320
1744832311627 2.2822 330
1744832325857 2.2672 340
1744832339408 2.2439 350
1744832353338 2.1371 360
1744832367582 2.092 370
1744832381098 2.1819 380
1744832434537 2.141 390
1744832448276 1.959 400
1744832461385 2.0072 410
1744832477950 1.9996 420
1744832491401 1.9625 430
1744832505078 1.9279 440
1744832518298 1.9617 450
1744832532055 1.9586 460
1744832545314 1.9582 470
1744832558662 1.8753 480
1744832571985 1.7817 490
1744832585316 1.8273 500
1744832598594 1.8588 510
1744832611779 1.8384 520
1744832625217 1.8263 530
1744832638440 1.8193 540
1744832651903 1.7076 550
1744832665455 1.8522 560
1744832679053 1.7941 570
1744832731060 1.7143 580
1744832744602 1.6482 590
1744832758744 1.716 600
1744832772222 1.733 610
1744832785627 1.6686 620
1744832799066 1.6863 630
1744832812701 1.7904 640
1744832826960 1.669 650
1744832840308 1.6949 660
1744832853783 1.689 670
1744832867113 1.6844 680
1744832880690 1.701 690
1744832894121 1.6785 700
1744832907565 1.6736 710
1744832920906 1.6704 720
1744832934421 1.6681 730
1744832948203 1.6587 740
1744832961372 1.69 750
1744832974802 1.627 760
1744832988266 1.6754 770
1744833040175 1.5962 780
1744833053813 1.6209 790
1744833067602 1.5444 800
1744833080895 1.6169 810
1744833094548 1.5869 820
1744833107670 1.6285 830
1744833121268 1.5982 840
1744833134683 1.5958 850
1744833148212 1.5899 860
1744833161722 1.6127 870
1744833174737 1.5516 880
1744833188573 1.5878 890
1744833202142 1.6375 900
1744833215796 1.5567 910
1744833228767 1.5261 920
1744833242186 1.5886 930
1744833255362 1.6361 940
1744833269091 1.5786 950
1744833283191 1.5074 960
1744833334122 1.4936 970
1744833347282 1.5688 980
1744833360932 1.4713 990
1744833374262 1.4808 1000
1744833387524 1.5499 1010
1744833401047 1.5029 1020
1744833414053 1.4556 1030
1744833427614 1.5061 1040
1744833440820 1.542 1050
1744833454379 1.5073 1060
1744833467595 1.508 1070
1744833481309 1.5419 1080
1744833494492 1.506 1090
1744833508067 1.4786 1100
1744833521792 1.4982 1110
1744833535843 1.5942 1120
1744833549430 1.5154 1130
1744833562761 1.5487 1140
1744833576331 1.5421 1150
1744833628628 1.4492 1160
1744833642355 1.5155 1170
1744833655962 1.425 1180
1744833669542 1.4359 1190
1744833682962 1.5091 1200
1744833696284 1.4106 1210
1744833709702 1.5067 1220
1744833723215 1.5215 1230
1744833736649 1.5149 1240
1744833749913 1.441 1250
1744833763403 1.5058 1260
1744833777394 1.4623 1270
1744833790669 1.449 1280
1744833804314 1.506 1290
1744833817437 1.4789 1300
1744833831193 1.4675 1310
1744833844664 1.4162 1320
1744833858653 1.5038 1330
1744833872113 1.4444 1340
1744833885927 1.4483 1350
1744833939243 1.4873 1360
1744833953033 1.4126 1370
1744833966394 1.4097 1380
1744833979842 1.4513 1390
1744833992850 1.4367 1400
1744834006589 1.409 1410
1744834020835 1.486 1420
1744834034686 1.4292 1430
1744834048365 1.5107 1440
1744834061832 1.5142 1450
1744834075274 1.464 1460
1744834088363 1.4503 1470
1744834101662 1.4401 1480
1744834114927 1.4181 1490
1744834128385 1.4047 1500
1744834141949 1.4318 1510
1744834155513 1.4259 1520
1744834169140 1.3967 1530
1744834182245 1.507 1540
1744834235200 1.3901 1550
1744834248501 1.4177 1560
1744834262022 1.4025 1570
1744834275249 1.4147 1580
1744834288546 1.4532 1590
1744834301939 1.4276 1600
1744834315540 1.448 1610
1744834329712 1.4165 1620
1744834343539 1.4218 1630
1744834357326 1.5113 1640
1744834371104 1.4077 1650
1744834384889 1.4052 1660
1744834398663 1.442 1670
1744834412257 1.3726 1680
1744834425949 1.374 1690
1744834439632 1.4269 1700
1744834453319 1.3895 1710
1744834466258 1.337 1720
1744834479937 1.4009 1730
1744834532873 1.3732 1740
1744834546566 1.4353 1750
1744834559895 1.3725 1760
1744834573753 1.2801 1770
1744834587398 1.3213 1780
1744834600671 1.3866 1790
1744834614188 1.4118 1800
1744834627893 1.3958 1810
1744834641777 1.4227 1820
1744834655256 1.3637 1830
1744834668792 1.365 1840
1744834682027 1.3711 1850
1744834695836 1.4059 1860
1744834708998 1.3692 1870
1744834722572 1.3758 1880
1744834736287 1.3568 1890
1744834749672 1.3556 1900
1744834762905 1.383 1910
1744834776196 1.2784 1920
1744834788977 1.391 1930
1744834842236 1.3419 1940
1744834855664 1.298 1950
1744834869117 1.3068 1960
1744834882814 1.3294 1970
1744834895899 1.3878 1980
1744834909411 1.384 1990
1744834922615 1.3444 2000
1744834935798 1.322 2010
1744834949296 1.3772 2020
1744834963048 1.3964 2030
1744834976483 1.3141 2040
1744834989510 1.3552 2050
1744835002963 1.3483 2060
1744835016353 1.3335 2070
1744835029757 1.3585 2080
1744835043506 1.3631 2090
1744835057651 1.2806 2100
1744835071247 1.3521 2110
1744835084545 1.3318 2120
1744835137671 1.3454 2130
1744835152019 1.2909 2140
1744835166171 1.2847 2150
1744835180155 1.3808 2160
1744835193576 1.3245 2170
1744835206841 1.2603 2180
1744835220509 1.3786 2190
1744835234025 1.2796 2200
1744835247886 1.3293 2210
1744835261494 1.3494 2220
1744835275084 1.3562 2230
1744835288383 1.303 2240
1744835301930 1.323 2250
1744835316167 1.3227 2260
1744835329487 1.2916 2270
1744835342894 1.3436 2280
1744835356598 1.3458 2290
1744835370964 1.299 2300
1744835384288 1.297 2310
1744835436420 1.3232 2320
1744835449745 1.3215 2330
1744835463194 1.3438 2340
1744835476638 1.2357 2350
1744835490579 1.2965 2360
1744835504530 1.2956 2370
1744835518278 1.3385 2380
1744835531657 1.2502 2390
1744835544966 1.3118 2400
1744835558464 1.2861 2410
1744835571674 1.2938 2420
1744835585189 1.3321 2430
1744835598425 1.2742 2440
1744835612016 1.302 2450
1744835625262 1.2658 2460
1744835638813 1.3202 2470
1744835652118 1.3114 2480
1744835665666 1.3498 2490
1744835678948 1.3453 2500
1744835730903 1.3095 2510
1744835744331 1.3278 2520
1744835757760 1.3195 2530
1744835770984 1.2988 2540
1744835784525 1.1944 2550
1744835798624 1.2559 2560
1744835812351 1.3331 2570
1744835825721 1.2635 2580
1744835839101 1.245 2590
1744835852161 1.2938 2600
1744835865504 1.3094 2610
1744835878711 1.2258 2620
1744835891983 1.3054 2630
1744835906042 1.264 2640
1744835919329 1.2868 2650
1744835932952 1.2897 2660
1744835947106 1.3033 2670
1744835960801 1.3125 2680
1744835974237 1.2961 2690
1744835988045 1.3061 2700
1744836040223 1.2865 2710
1744836053528 1.3433 2720
1744836066705 1.2852 2730
1744836080218 1.232 2740
1744836093767 1.242 2750
1744836107083 1.2673 2760
1744836120841 1.2598 2770
1744836134018 1.2927 2780
1744836147692 1.2731 2790
1744836161050 1.2871 2800
1744836174607 1.2593 2810
1744836188186 1.2925 2820
1744836201414 1.2529 2830
1744836215011 1.2945 2840
1744836228561 1.3522 2850
1744836242246 1.2765 2860
1744836255417 1.3065 2870
1744836268822 1.2057 2880
1744836282018 1.2381 2890
1744836334311 1.2188 2900
1744836347862 1.2911 2910
1744836361654 1.3036 2920
1744836375785 1.2937 2930
1744836389266 1.2677 2940
1744836403101 1.3126 2950
1744836416324 1.2756 2960
1744836429735 1.2178 2970
1744836443185 1.2485 2980
1744836456991 1.2599 2990
1744836470860 1.2338 3000
1744836484858 1.2172 3010
1744836498426 1.2878 3020
1744836512017 1.2769 3030
1744836525210 1.2275 3040
1744836538453 1.2284 3050
1744836552346 1.2337 3060
1744836566106 1.239 3070
1744836580110 1.2955 3080
1744836633095 1.2331 3090
1744836646641 1.2786 3100
1744836659920 1.243 3110
1744836673645 1.2778 3120
1744836686776 1.262 3130
1744836701356 1.1949 3140
1744836715464 1.1987 3150
1744836728920 1.3147 3160
1744836742524 1.2354 3170
1744836755888 1.2226 3180
1744836770081 1.2121 3190
1744836783676 1.2141 3200
1744836797083 1.2431 3210
1744836810209 1.2231 3220
1744836823732 1.2275 3230
1744836836618 1.2266 3240
1744836849956 1.224 3250
1744836862956 1.2584 3260
1744836876388 1.2155 3270
1744836889537 1.2841 3280
1744836941773 1.2215 3290
1744836955323 1.1789 3300
1744836968681 1.1899 3310
1744836981983 1.2467 3320
1744836995388 1.2367 3330
1744837009156 1.2146 3340
1744837022202 1.2974 3350
1744837035718 1.2923 3360
1744837049167 1.2543 3370
1744837062527 1.2555 3380
1744837075995 1.2651 3390
1744837089085 1.2226 3400
1744837102325 1.2581 3410
1744837115635 1.2467 3420
1744837129266 1.1993 3430
1744837142882 1.2337 3440
1744837156441 1.1823 3450
1744837170277 1.3067 3460
1744837183823 1.2531 3470
1744837236274 1.1922 3480
1744837249967 1.1967 3490
1744837263295 1.1587 3500
1744837276740 1.2016 3510
1744837290119 1.2111 3520
1744837303279 1.2682 3530
1744837316832 1.1985 3540
1744837330153 1.2699 3550
1744837343779 1.2128 3560
1744837357216 1.1739 3570
1744837370996 1.2452 3580
1744837384920 1.2387 3590
1744837398202 1.283 3600
1744837411885 1.1837 3610
1744837425298 1.1836 3620
1744837439103 1.2718 3630
1744837452334 1.2562 3640
1744837465725 1.1988 3650
1744837479608 1.2349 3660
1744837531690 1.1749 3670
1744837545688 1.215 3680
1744837559824 1.2538 3690
1744837574299 1.2077 3700
1744837587975 1.2528 3710
1744837601530 1.2206 3720
1744837615083 1.2261 3730
1744837628708 1.1607 3740
1744837641796 1.1689 3750
1744837655008 1.252 3760
1744837668269 1.1933 3770
1744837681656 1.1683 3780
1744837695109 1.2181 3790
1744837708415 1.2321 3800
1744837722145 1.193 3810
1744837735695 1.2202 3820
1744837749253 1.2161 3830
1744837762567 1.1861 3840
1744837776266 1.2002 3850
1744837789218 1.2842 3860
1744837842306 1.1963 3870
1744837855445 1.2892 3880
1744837869134 1.2375 3890
1744837882558 1.2331 3900
1744837896401 1.2134 3910
1744837909846 1.1398 3920
1744837923371 1.1916 3930
1744837937266 1.2223 3940
1744837950638 1.2044 3950
1744837964113 1.1868 3960
1744837977583 1.212 3970
1744837991137 1.1549 3980
1744838004280 1.2176 3990
1744838017454 1.2034 4000
1744838031489 1.1821 4010
1744838045273 1.2019 4020
1744838058806 1.1869 4030
1744838072389 1.1623 4040
1744838086418 1.232 4050
1744838138225 1.263 4060
1744838151624 1.1459 4070
1744838164914 1.2099 4080
1744838178725 1.164 4090
1744838192154 1.239 4100
1744838205612 1.177 4110
1744838219535 1.1835 4120
1744838232772 1.2322 4130
1744838246377 1.1257 4140
1744838259591 1.1605 4150
1744838273285 1.2295 4160
1744838286420 1.1501 4170
1744838299499 1.1731 4180
1744838313538 1.1741 4190
1744838327399 1.1464 4200
1744838340793 1.1898 4210
1744838354564 1.2324 4220
1744838368201 1.2348 4230
1744838381600 1.2095 4240
1744838433201 1.1784 4250
1744838446476 1.1928 4260
1744838460145 1.2418 4270
1744838473217 1.1425 4280
1744838486675 1.1564 4290
1744838499845 1.2052 4300
1744838513098 1.2598 4310
1744838526905 1.2531 4320
1744838540063 1.1677 4330
1744838553549 1.2038 4340
1744838566977 1.1664 4350
1744838580310 1.1623 4360
1744838593744 1.1764 4370
1744838606741 1.1835 4380
1744838620073 1.1303 4390
1744838633259 1.1853 4400
1744838646765 1.1812 4410
1744838659858 1.189 4420
1744838673406 1.1405 4430
1744838724893 1.2334 4440
1744838738106 1.1742 4450
1744838751617 1.1623 4460
1744838764932 1.1624 4470
1744838778475 1.1911 4480
1744838791983 1.152 4490
1744838805418 1.2151 4500
1744838818808 1.1881 4510
1744838832051 1.1702 4520
1744838845338 1.194 4530
1744838858816 1.1376 4540
1744838871790 1.2645 4550
1744838885450 1.193 4560
1744838898593 1.1572 4570
1744838912385 1.2144 4580
1744838925542 1.2227 4590
1744838938594 1.1435 4600
1744838952106 1.2592 4610
1744838965601 1.1405 4620
1744838979002 1.1821 4630
1744839029651 1.1767 4640
1744839043042 1.1689 4650
1744839056507 1.1112 4660
1744839069777 1.2049 4670
1744839082823 1.1785 4680
1744839096502 1.1698 4690
1744839109815 1.188 4700
1744839122936 1.2011 4710
1744839136782 1.1581 4720
1744839149871 1.1684 4730
1744839163380 1.1804 4740
1744839176399 1.1969 4750
1744839189930 1.1667 4760
1744839203147 1.2168 4770
1744839216337 1.1377 4780
1744839230151 1.1105 4790
1744839243405 1.1348 4800
1744839257021 1.2057 4810
1744839270257 1.208 4820
1744839323394 1.159 4830
1744839336514 1.138 4840
1744839350358 1.1855 4850
1744839363644 1.2 4860
1744839376940 1.2332 4870
1744839390298 1.1646 4880
1744839403650 1.1246 4890
1744839416857 1.1611 4900
1744839430498 1.2118 4910
1744839443709 1.128 4920
1744839457463 1.1057 4930
1744839470930 1.1781 4940
1744839484139 1.1829 4950
1744839497461 1.1469 4960
1744839510627 1.1696 4970
1744839524220 1.1959 4980
1744839537444 1.1854 4990
1744839550741 1.174 5000
1744839564026 1.1492 5010
1744839616007 1.1961 5020
1744839629287 1.1622 5030
1744839642471 1.2 5040
1744839656313 1.1863 5050
1744839669691 1.1826 5060
1744839683591 1.1814 5070
1744839697060 1.2004 5080
1744839710836 1.1328 5090
1744839724175 1.2288 5100
1744839737539 1.1254 5110
1744839751037 1.1483 5120
1744839764183 1.2033 5130
1744839777627 1.1578 5140
1744839791375 1.1838 5150
1744839805039 1.2181 5160
1744839819094 1.1597 5170
1744839832932 1.1782 5180
1744839846479 1.1952 5190
1744839860054 1.2166 5200
1744839873361 1.1804 5210
1744839926385 1.1709 5220
1744839940087 1.2342 5230
1744839953292 1.1691 5240
1744839966615 1.1596 5250
1744839979858 1.1742 5260
1744839993586 1.2348 5270
1744840006851 1.1141 5280
1744840020235 1.1812 5290
1744840033396 1.1933 5300
1744840046733 1.1358 5310
1744840060162 1.1704 5320
1744840073324 1.1828 5330
1744840086981 1.1479 5340
1744840100527 1.1688 5350
1744840114115 1.2316 5360
1744840127619 1.1992 5370
1744840140851 1.2384 5380
1744840154134 1.228 5390
1744840167544 1.198 5400
1744840219798 1.2057 5410
1744840233146 1.197 5420
1744840246764 1.1439 5430
1744840260285 1.2442 5440
1744840273855 1.2027 5450
1744840287251 1.1593 5460
1744840300651 1.1249 5470
1744840314282 1.15 5480
1744840328140 1.1487 5490
1744840341694 1.2377 5500
1744840355048 1.194 5510
1744840368179 1.1723 5520
1744840381167 1.1661 5530
1744840394771 1.1786 5540
1744840408692 1.2128 5550
1744840422361 1.1723 5560
1744840436134 1.2062 5570
1744840449625 1.1634 5580
1744840462992 1.1637 5590
1744840514343 1.1408 5600
1744840527356 1.1685 5610
1744840540847 1.1743 5620
1744840554092 1.092 5630
1744840567472 1.189 5640
1744840581040 1.1767 5650
1744840594232 1.2104 5660
1744840607712 1.1569 5670
1744840620944 1.2272 5680
1744840634324 1.1895 5690
1744840647428 1.1543 5700
1744840660663 1.178 5710
1744840674226 1.1121 5720
1744840687442 1.1494 5730
1744840700761 1.2105 5740
1744840714110 1.1906 5750
1744840727637 1.2213 5760
1744840740736 1.1786 5770
1744840754015 1.2317 5780
1744840766478 1.2233 5790
