1744570587183 0.2631578947368421 10
1744570595833 0.5263157894736842 20
1744570604076 0.7894736842105263 30
1744570618877 1.0 38
1744570622455 1.0526315789473684 40
1744570631219 1.3157894736842106 50
1744570639819 1.5789473684210527 60
1744570647934 1.8421052631578947 70
1744570659040 2.0 76
1744570664554 2.1052631578947367 80
1744570673069 2.3684210526315788 90
1744570682132 2.6315789473684212 100
1744570690772 2.8947368421052633 110
1744570700126 3.0 114
1744570707038 3.1578947368421053 120
1744570715357 3.4210526315789473 130
1744570723455 3.6842105263157894 140
1744570731896 3.9473684210526314 150
1744570739673 4.0 152
1744570748187 4.2105263157894735 160
1744570756513 4.473684210526316 170
1744570764541 4.7368421052631575 180
1744570772068 5.0 190
1744570778803 5.0 190
1744570780535 5.0 190
1744570781113 5.0 0
1744570788268 5.0 190
