1744570587183 0.9853950142860413 10
1744570595833 0.9782334566116333 20
1744570604076 0.9555277824401855 30
1744570622455 1.0625154972076416 40
1744570631219 1.0328998565673828 50
1744570639819 1.0924930572509766 60
1744570647934 1.0556589365005493 70
1744570664554 1.0744099617004395 80
1744570673069 1.1418384313583374 90
1744570682132 1.0834853649139404 100
1744570690772 1.2134815454483032 110
1744570707038 1.1739503145217896 120
1744570715357 1.1336592435836792 130
1744570723455 1.209298014640808 140
1744570731896 1.1522603034973145 150
1744570748187 1.171285629272461 160
1744570756513 1.0836670398712158 170
1744570764541 1.1258907318115234 180
1744570772068 3.595700979232788 190
