1744570587183 9.526315789473684e-06 10
1744570595833 9e-06 20
1744570604076 8.473684210526317e-06 30
1744570622455 7.947368421052633e-06 40
1744570631219 7.421052631578948e-06 50
1744570639819 6.894736842105264e-06 60
1744570647934 6.3684210526315795e-06 70
1744570664554 5.842105263157896e-06 80
1744570673069 5.315789473684211e-06 90
1744570682132 4.789473684210527e-06 100
1744570690772 4.2631578947368425e-06 110
1744570707038 3.736842105263158e-06 120
1744570715357 3.210526315789474e-06 130
1744570723455 2.68421052631579e-06 140
1744570731896 2.1578947368421054e-06 150
1744570748187 1.6315789473684212e-06 160
1744570756513 1.1052631578947369e-06 170
1744570764541 5.789473684210526e-07 180
1744570772068 5.263157894736842e-08 190
