1744753966062 0.20408163265306123 10
1744753983465 0.40816326530612246 20
1744754000535 0.6122448979591837 30
1744754017170 0.8163265306122449 40
1744754049390 1.0 49
1744754053661 1.0204081632653061 50
1744754070644 1.2244897959183674 60
1744754087830 1.4285714285714286 70
1744754104877 1.6326530612244898 80
1744754121900 1.836734693877551 90
1744754150866 2.0 98
1744754156690 2.0408163265306123 100
1744754173771 2.2448979591836733 110
1744754190564 2.4489795918367347 120
1744754207674 2.6530612244897958 130
1744754224623 2.857142857142857 140
1744754251298 3.0 147
1744754258643 3.061224489795918 150
1744754275939 3.2653061224489797 160
1744754292811 3.4693877551020407 170
1744754309641 3.673469387755102 180
1744754326713 3.877551020408163 190
1744754351815 4.0 196
1744754361048 4.081632653061225 200
1744754378192 4.285714285714286 210
1744754395063 4.489795918367347 220
1744754412044 4.6938775510204085 230
1744754428907 4.8979591836734695 240
1744754452497 5.0 245
1744754463703 5.1020408163265305 250
1744754480630 5.3061224489795915 260
1744754497319 5.510204081632653 270
1744754514209 5.714285714285714 280
1744754531011 5.918367346938775 290
1744754553195 6.0 294
1744754565824 6.122448979591836 300
1744754582872 6.326530612244898 310
1744754599838 6.530612244897959 320
1744754616467 6.73469387755102 330
1744754633518 6.938775510204081 340
1744754653673 7.0 343
1744754667962 7.142857142857143 350
1744754684924 7.346938775510204 360
1744754701909 7.551020408163265 370
1744754718559 7.755102040816326 380
1744754735522 7.959183673469388 390
1744754753833 8.0 392
1744754769831 8.16326530612245 400
1744754786625 8.36734693877551 410
1744754803320 8.571428571428571 420
1744754820001 8.775510204081632 430
1744754835864 8.979591836734693 440
1744754853736 9.0 441
1744754871485 9.183673469387756 450
1744754888278 9.387755102040817 460
1744754905116 9.591836734693878 470
1744754921962 9.795918367346939 480
1744754936965 10.0 490
1744754954214 10.0 490
1744754973952 10.204081632653061 500
1744754990600 10.408163265306122 510
1744755007594 10.612244897959183 520
1744755024414 10.816326530612244 530
1744755055061 11.0 539
1744755059313 11.020408163265307 540
1744755076078 11.224489795918368 550
1744755092918 11.428571428571429 560
1744755109796 11.63265306122449 570
1744755126673 11.83673469387755 580
1744755155329 12.0 588
1744755161373 12.040816326530612 590
1744755178092 12.244897959183673 600
1744755194788 12.448979591836734 610
1744755211665 12.653061224489797 620
1744755228572 12.857142857142858 630
1744755255538 13.0 637
1744755263142 13.061224489795919 640
1744755280067 13.26530612244898 650
1744755296874 13.46938775510204 660
1744755313708 13.673469387755102 670
1744755330599 13.877551020408163 680
1744755356001 14.0 686
1744755365371 14.081632653061224 690
1744755382487 14.285714285714286 700
1744755399339 14.489795918367347 710
1744755416319 14.693877551020408 720
1744755433453 14.89795918367347 730
1744755457148 15.0 735
1744755468358 15.10204081632653 740
1744755485046 15.306122448979592 750
1744755501927 15.510204081632653 760
1744755518991 15.714285714285714 770
1744755535717 15.918367346938776 780
1744755557152 16.0 784
1744755569715 16.122448979591837 790
1744755586696 16.3265306122449 800
1744755603368 16.53061224489796 810
1744755620067 16.73469387755102 820
1744755636936 16.93877551020408 830
1744755657048 17.0 833
1744755671441 17.142857142857142 840
1744755688247 17.346938775510203 850
1744755704931 17.551020408163264 860
1744755721658 17.755102040816325 870
1744755738663 17.959183673469386 880
1744755756993 18.0 882
1744755773028 18.163265306122447 890
1744755789992 18.367346938775512 900
1744755806741 18.571428571428573 910
1744755823666 18.775510204081634 920
1744755839895 18.979591836734695 930
1744755857575 19.0 931
1744755875206 19.183673469387756 940
1744755892239 19.387755102040817 950
1744755909230 19.591836734693878 960
1744755926076 19.79591836734694 970
1744755940710 20.0 980
1744755958069 20.0 980
1744755977546 20.20408163265306 990
1744755994396 20.408163265306122 1000
1744756011080 20.612244897959183 1010
1744756027729 20.816326530612244 1020
1744756057944 21.0 1029
1744756062214 21.020408163265305 1030
1744756078837 21.224489795918366 1040
1744756095729 21.428571428571427 1050
1744756112575 21.632653061224488 1060
1744756129406 21.836734693877553 1070
1744756157995 22.0 1078
1744756164011 22.040816326530614 1080
1744756180924 22.244897959183675 1090
1744756197637 22.448979591836736 1100
1744756214571 22.653061224489797 1110
1744756231745 22.857142857142858 1120
1744756258939 23.0 1127
1744756266691 23.06122448979592 1130
1744756284147 23.26530612244898 1140
1744756301134 23.46938775510204 1150
1744756317940 23.6734693877551 1160
1744756334873 23.877551020408163 1170
1744756360732 24.0 1176
1744756370093 24.081632653061224 1180
1744756387265 24.285714285714285 1190
1744756404226 24.489795918367346 1200
1744756421178 24.693877551020407 1210
1744756438158 24.897959183673468 1220
1744756461987 25.0 1225
1744756473164 25.102040816326532 1230
1744756490120 25.306122448979593 1240
1744756506827 25.510204081632654 1250
1744756523750 25.714285714285715 1260
1744756540703 25.918367346938776 1270
1744756562473 26.0 1274
1744756575122 26.122448979591837 1280
1744756591971 26.3265306122449 1290
1744756608840 26.53061224489796 1300
1744756625721 26.73469387755102 1310
1744756642757 26.93877551020408 1320
1744756663139 27.0 1323
1744756677514 27.142857142857142 1330
1744756694352 27.346938775510203 1340
1744756711317 27.551020408163264 1350
1744756728089 27.755102040816325 1360
1744756745084 27.959183673469386 1370
1744756763654 28.0 1372
1744756779815 28.163265306122447 1380
1744756796970 28.367346938775512 1390
1744756814060 28.571428571428573 1400
1744756830776 28.775510204081634 1410
1744756846865 28.979591836734695 1420
1744756864696 29.0 1421
1744756882507 29.183673469387756 1430
1744756899473 29.387755102040817 1440
1744756916307 29.591836734693878 1450
1744756933078 29.79591836734694 1460
1744756947682 30.0 1470
1744756964869 30.0 1470
1744756966524 30.0 1470
1744756967048 30.0 0
1744756984779 30.0 1470
