1744753966062 0.6080198287963867 10
1744753983465 0.7036213278770447 20
1744754000535 0.6995993256568909 30
1744754017170 0.724942684173584 40
1744754053661 0.8814336657524109 50
1744754070644 0.8752191066741943 60
1744754087830 1.2744182348251343 70
1744754104877 1.1813112497329712 80
1744754121900 1.62140953540802 90
1744754156690 2.2334868907928467 100
1744754173771 1.602789044380188 110
1744754190564 1.3401888608932495 120
1744754207674 1.330191969871521 130
1744754224623 1.5413202047348022 140
1744754258643 1.647791862487793 150
1744754275939 1.65754234790802 160
1744754292811 1.31322181224823 170
1744754309641 1.4477976560592651 180
1744754326713 1.4663447141647339 190
1744754361048 1.3311855792999268 200
1744754378192 1.2873539924621582 210
1744754395063 1.25239098072052 220
1744754412044 1.3665437698364258 230
1744754428907 1.2901262044906616 240
1744754463703 1.3669323921203613 250
1744754480630 1.320875883102417 260
1744754497319 1.1857503652572632 270
1744754514209 1.2734200954437256 280
1744754531011 1.30730140209198 290
1744754565824 1.2609148025512695 300
1744754582872 1.4056458473205566 310
1744754599838 1.157766580581665 320
1744754616467 1.5166133642196655 330
1744754633518 1.2900241613388062 340
1744754667962 1.213840365409851 350
1744754684924 1.5626693964004517 360
1744754701909 1.114806056022644 370
1744754718559 1.1484546661376953 380
1744754735522 1.2537314891815186 390
1744754769831 1.1833022832870483 400
1744754786625 1.266775369644165 410
1744754803320 1.3007240295410156 420
1744754820001 1.0235391855239868 430
1744754835864 1.3680886030197144 440
1744754871485 1.2217741012573242 450
1744754888278 1.3606666326522827 460
1744754905116 1.2800623178482056 470
1744754921962 1.2057907581329346 480
1744754936965 2.3003106117248535 490
1744754973952 1.199217677116394 500
1744754990600 1.2089169025421143 510
1744755007594 1.2653766870498657 520
1744755024414 1.1813572645187378 530
1744755059313 1.154789686203003 540
1744755076078 1.0403192043304443 550
1744755092918 1.2462852001190186 560
1744755109796 0.9649851322174072 570
1744755126673 1.0604522228240967 580
1744755161373 1.3241314888000488 590
1744755178092 1.0921984910964966 600
1744755194788 1.0098602771759033 610
1744755211665 1.2795339822769165 620
1744755228572 1.399838924407959 630
1744755263142 1.1320964097976685 640
1744755280067 1.1184871196746826 650
1744755296874 0.9100099802017212 660
1744755313708 1.0586735010147095 670
1744755330599 1.123100996017456 680
1744755365371 1.1371103525161743 690
1744755382487 0.990726888179779 700
1744755399339 1.0148584842681885 710
1744755416319 1.2177904844284058 720
1744755433453 1.198061227798462 730
1744755468358 0.9247362017631531 740
1744755485046 0.8075756430625916 750
1744755501927 1.125382900238037 760
1744755518991 0.9519543051719666 770
1744755535717 1.2588530778884888 780
1744755569715 0.8307621479034424 790
1744755586696 0.9148620963096619 800
1744755603368 1.0273778438568115 810
1744755620067 0.8715615272521973 820
1744755636936 1.0647860765457153 830
1744755671441 1.1249645948410034 840
1744755688247 1.1276354789733887 850
1744755704931 0.781690776348114 860
1744755721658 0.958861231803894 870
1744755738663 1.062659740447998 880
1744755773028 1.0612660646438599 890
1744755789992 1.0263749361038208 900
1744755806741 1.050112247467041 910
1744755823666 1.0137016773223877 920
1744755839895 0.873485267162323 930
1744755875206 0.961306095123291 940
1744755892239 0.863244891166687 950
1744755909230 0.8759655952453613 960
1744755926076 1.224087119102478 970
1744755940710 2.160466194152832 980
1744755977546 0.9559853672981262 990
1744755994396 0.9364783763885498 1000
1744756011080 0.9409131407737732 1010
1744756027729 0.9579343795776367 1020
1744756062214 0.9170350432395935 1030
1744756078837 0.8323673605918884 1040
1744756095729 0.7754156589508057 1050
1744756112575 0.8664988875389099 1060
1744756129406 0.9199643731117249 1070
1744756164011 0.867698609828949 1080
1744756180924 0.8554299473762512 1090
1744756197637 0.8745759129524231 1100
1744756214571 0.8704508543014526 1110
1744756231745 0.9266192317008972 1120
1744756266691 0.741107165813446 1130
1744756284147 0.9170050024986267 1140
1744756301134 0.8437283039093018 1150
1744756317940 0.8183586001396179 1160
1744756334873 0.8472719788551331 1170
1744756370093 0.8047654032707214 1180
1744756387265 0.8280311226844788 1190
1744756404226 1.0548920631408691 1200
1744756421178 0.9397158026695251 1210
1744756438158 0.8400328755378723 1220
1744756473164 0.8800848722457886 1230
1744756490120 0.7736911177635193 1240
1744756506827 0.6930094957351685 1250
1744756523750 0.9521182179450989 1260
1744756540703 0.8338825702667236 1270
1744756575122 0.9098092913627625 1280
1744756591971 0.9626238346099854 1290
1744756608840 0.7920575737953186 1300
1744756625721 0.8429690599441528 1310
1744756642757 0.7870086431503296 1320
1744756677514 0.7362596988677979 1330
1744756694352 0.7442132830619812 1340
1744756711317 0.7479381561279297 1350
1744756728089 0.7668136954307556 1360
1744756745084 1.0023130178451538 1370
1744756779815 0.7305968403816223 1380
1744756796970 0.8915522694587708 1390
1744756814060 0.7911466360092163 1400
1744756830776 0.8712067008018494 1410
1744756846865 0.6333267688751221 1420
1744756882507 0.8232437968254089 1430
1744756899473 0.7135736346244812 1440
1744756916307 0.6614574193954468 1450
1744756933078 0.8828680515289307 1460
1744756947682 2.593580484390259 1470
