1744753966062 3.061224489795918e-05 10
1744753983465 6.462585034013606e-05 20
1744754000535 9.863945578231292e-05 30
1744754017170 0.0001326530612244898 40
1744754053661 0.00016666666666666666 50
1744754070644 0.00020068027210884355 60
1744754087830 0.00023469387755102041 70
1744754104877 0.00026870748299319733 80
1744754121900 0.00030272108843537414 90
1744754156690 0.000336734693877551 100
1744754173771 0.0003707482993197279 110
1744754190564 0.0004047619047619048 120
1744754207674 0.00043877551020408165 130
1744754224623 0.00047278911564625856 140
1744754258643 0.0004999971806483666 150
1744754275939 0.0004998985100179795 160
1744754292811 0.000499658935389422 170
1744754309641 0.0004992785918456243 180
1744754326713 0.0004987576938413504 190
1744754361048 0.0004980965350822788 200
1744754378192 0.0004972954883593982 210
1744754395063 0.0004963550053388106 220
1744754412044 0.0004952756163070626 230
1744754428907 0.000494057929872145 240
1744754463703 0.0004927026326203333 250
1744754480630 0.0004912104887290587 260
1744754497319 0.0004895823395360314 270
1744754514209 0.0004878191030648555 280
1744754531011 0.0004859217735074073 290
1744754565824 0.00048389142066326455 300
1744754582872 0.0004817291893365054 310
1744754599838 0.0004794362986902171 320
1744754616467 0.0004770140415590762 330
1744754633518 0.00047446378372039126 340
1744754667962 0.0004717869631240155 350
1744754684924 0.0004689850890815667 360
1744754701909 0.0004660597414154092 370
1744754718559 0.0004630125695678793 380
1744754735522 0.0004598452916712556 390
1744754769831 0.00045655969357899875 400
1744754786625 0.0004531576278588074 410
1744754803320 0.00044964101274805714 420
1744754820001 0.0004460118310722121 430
1744754835864 0.0004422721291268192 440
1744754871485 0.00043842401552371467 450
1744754888278 0.00043446966000209393 460
1744754905116 0.00043041129220511553 470
1744754921962 0.0004262512004227281 480
1744754936965 0.00042199173030142966 490
1744754973952 0.000417635283521687 500
1744754990600 0.00041318431644376034 510
1744755007594 0.0004086413387226968 520
1744755024414 0.00040400891189327516 530
1744755059313 0.00039928964792569654 540
1744755076078 0.00039448620775283885 550
1744755092918 0.0003896012997699034 560
1744755109796 0.0003846376783072998 570
1744755126673 0.0003795981420776313 580
1744755161373 0.00037448553259765443 590
1744755178092 0.00036930273258610485 600
1744755194788 0.0003640526643382908 610
1744755211665 0.0003587382880783716 620
1744755228572 0.00035336260029025096 630
1744755263142 0.00034792863202802454 640
1744755280067 0.00034243944720693527 650
1744755296874 0.0003368981408758011 660
1744755313708 0.0003313078374718868 670
1744755330599 0.00032567168905920654 680
1744755365371 0.0003199928735512482 690
1744755382487 0.0003142745929191237 700
1744755399339 0.00030852007138615334 710
1744755416319 0.0003027325536099043 720
1744755433453 0.0002969153028527069 730
1744755468358 0.000291071599141681 740
1744755485046 0.0002852047374193092 750
1744755501927 0.0002793180256856005 760
1744755518991 0.0002734147831328914 770
1744755535717 0.0002674983382743364 780
1744755569715 0.00026157202706714226 790
1744755586696 0.00025563919103160665 800
1744755603368 0.0002497031753670178 810
1744755620067 0.00024376732706548183 820
1744755636936 0.00023783499302473793 830
1744755671441 0.00023190951816102736 840
1744755688247 0.00022599424352307955 850
1744755704931 0.00022009250440827854 860
1744755721658 0.00021420762848207297 870
1744755738663 0.00020834293390168857 880
1744755773028 0.00020250172744520258 890
1744755789992 0.00019668730264703322 900
1744755806741 0.00019090293794089778 910
1744755823666 0.0001851518948112843 920
1744755839895 0.00017943741595447983 930
1744755875206 0.00017376272345019322 940
1744755892239 0.0001681310169448016 950
1744755909230 0.00016254547184724638 960
1744755926076 0.00015700923753859475 970
1744755940710 0.00015152543559627773 980
1744755977546 0.00014609715803400448 990
1744755994396 0.0001407274655583459 1000
1744756011080 0.00013541938584297125 1010
1744756027729 0.00013017591182150977 1020
1744756062214 0.00012500000000000006 1030
1744756078837 0.00011989456878987954 1040
1744756095729 0.0001148624968624529 1050
1744756112575 0.00010990662152576822 1060
1744756129406 0.00010502973712481514 1070
1744756164011 0.00010023459346594765 1080
1744756180924 9.552389426641995e-05 1090
1744756197637 9.090029562990912e-05 1100
1744756214571 8.636640454888508e-05 1110
1744756231745 8.192477743467078e-05 1120
1744756266691 7.757791867602274e-05 1130
1744756284147 7.332827922704436e-05 1140
1744756301134 6.9178255225228e-05 1150
1744756317940 6.51301866404052e-05 1160
1744756334873 6.118635595536634e-05 1170
1744756370093 5.73489868788945e-05 1180
1744756387265 5.3620243091938945e-05 1190
1744756404226 5.0002227027634044e-05 1200
1744756421178 4.6496978685853784e-05 1210
1744756438158 4.310647448296767e-05 1220
1744756473164 3.983262613744884e-05 1230
1744756490120 3.6677279591961096e-05 1240
1744756506827 3.3642213972533865e-05 1250
1744756523750 3.072914058541093e-05 1260
1744756540703 2.7939701952139018e-05 1270
1744756575122 2.5275470883440538e-05 1280
1744756591971 2.273794959239228e-05 1290
1744756608840 2.0328568847410412e-05 1300
1744756625721 1.804868716551866e-05 1310
1744756642757 1.589959004635569e-05 1320
1744756677514 1.3882489247352719e-05 1330
1744756694352 1.1998522100490045e-05 1340
1744756711317 1.0248750871018536e-05 1350
1744756728089 8.634162158506487e-06 1360
1744756745084 7.155666340550732e-06 1370
1744756779815 5.814097059464701e-06 1380
1744756796970 4.61021075223364e-06 1390
1744756814060 3.5446862240014198e-06 1400
1744756830776 2.6181242653295913e-06 1410
1744756846865 1.831047313444828e-06 1420
1744756882507 1.1838991576653967e-06 1430
1744756899473 6.770446891727344e-07 1440
1744756916307 3.107696952694139e-07 1450
1744756933078 8.528069823948714e-08 1460
1744756947682 7.048389019659318e-10 1470
