1744753966062 3.7114 10
1744753983465 3.5804 20
1744754000535 3.3408 30
1744754017170 3.1091 40
1744754053661 2.8787 50
1744754070644 2.6253 60
1744754087830 2.4034 70
1744754104877 2.2467 80
1744754121900 2.0898 90
1744754156690 2.0217 100
1744754173771 1.9124 110
1744754190564 1.9138 120
1744754207674 1.8756 130
1744754224623 1.8588 140
1744754258643 1.8332 150
1744754275939 1.8034 160
1744754292811 1.8053 170
1744754309641 1.7964 180
1744754326713 1.7747 190
1744754361048 1.7408 200
1744754378192 1.69 210
1744754395063 1.7304 220
1744754412044 1.7064 230
1744754428907 1.6915 240
1744754463703 1.6511 250
1744754480630 1.5725 260
1744754497319 1.6221 270
1744754514209 1.5745 280
1744754531011 1.6368 290
1744754565824 1.5803 300
1744754582872 1.5364 310
1744754599838 1.5545 320
1744754616467 1.5405 330
1744754633518 1.5637 340
1744754667962 1.5477 350
1744754684924 1.4919 360
1744754701909 1.5227 370
1744754718559 1.5001 380
1744754735522 1.4903 390
1744754769831 1.4512 400
1744754786625 1.4369 410
1744754803320 1.4734 420
1744754820001 1.4578 430
1744754835864 1.424 440
1744754871485 1.3834 450
1744754888278 1.4222 460
1744754905116 1.3876 470
1744754921962 1.4174 480
1744754936965 1.3872 490
1744754973952 1.323 500
1744754990600 1.3886 510
1744755007594 1.3879 520
1744755024414 1.3341 530
1744755059313 1.3267 540
1744755076078 1.2993 550
1744755092918 1.2836 560
1744755109796 1.3281 570
1744755126673 1.319 580
1744755161373 1.3032 590
1744755178092 1.2695 600
1744755194788 1.2361 610
1744755211665 1.2434 620
1744755228572 1.2804 630
1744755263142 1.2837 640
1744755280067 1.1934 650
1744755296874 1.2166 660
1744755313708 1.2201 670
1744755330599 1.2434 680
1744755365371 1.2111 690
1744755382487 1.1552 700
1744755399339 1.1942 710
1744755416319 1.2253 720
1744755433453 1.1907 730
1744755468358 1.1434 740
1744755485046 1.1714 750
1744755501927 1.133 760
1744755518991 1.1295 770
1744755535717 1.1442 780
1744755569715 1.1503 790
1744755586696 1.0862 800
1744755603368 1.1039 810
1744755620067 1.0914 820
1744755636936 1.1368 830
1744755671441 1.1052 840
1744755688247 1.0737 850
1744755704931 1.0843 860
1744755721658 1.0856 870
1744755738663 1.0769 880
1744755773028 1.0126 890
1744755789992 1.0569 900
1744755806741 1.0439 910
1744755823666 1.0456 920
1744755839895 1.0469 930
1744755875206 1.0442 940
1744755892239 1.0056 950
1744755909230 0.9873 960
1744755926076 1.0339 970
1744755940710 1.0234 980
1744755977546 1.0051 990
1744755994396 0.976 1000
1744756011080 0.9908 1010
1744756027729 0.989 1020
1744756062214 0.9786 1030
1744756078837 0.9417 1040
1744756095729 0.9588 1050
1744756112575 0.9539 1060
1744756129406 0.9437 1070
1744756164011 0.9917 1080
1744756180924 0.9537 1090
1744756197637 0.9776 1100
1744756214571 0.9495 1110
1744756231745 0.9365 1120
1744756266691 0.9599 1130
1744756284147 0.9371 1140
1744756301134 0.9395 1150
1744756317940 0.9154 1160
1744756334873 0.9484 1170
1744756370093 0.8984 1180
1744756387265 0.9116 1190
1744756404226 0.9165 1200
1744756421178 0.9337 1210
1744756438158 0.9014 1220
1744756473164 0.9291 1230
1744756490120 0.9089 1240
1744756506827 0.9126 1250
1744756523750 0.8886 1260
1744756540703 0.9202 1270
1744756575122 0.9077 1280
1744756591971 0.8919 1290
1744756608840 0.8936 1300
1744756625721 0.8997 1310
1744756642757 0.8903 1320
1744756677514 0.9239 1330
1744756694352 0.9024 1340
1744756711317 0.8944 1350
1744756728089 0.9021 1360
1744756745084 0.911 1370
1744756779815 0.907 1380
1744756796970 0.8863 1390
1744756814060 0.9163 1400
1744756830776 0.8893 1410
1744756846865 0.8999 1420
1744756882507 0.881 1430
1744756899473 0.8943 1440
1744756916307 0.8934 1450
1744756933078 0.8919 1460
1744756947682 0.8928 1470
