1744591412796 0.2631578947368421 10
1744591421957 0.5263157894736842 20
1744591430944 0.7894736842105263 30
1744591446533 1.0 38
1744591450321 1.0526315789473684 40
1744591458741 1.3157894736842106 50
1744591467106 1.5789473684210527 60
1744591475207 1.8421052631578947 70
1744591486805 2.0 76
1744591492014 2.1052631578947367 80
1744591500452 2.3684210526315788 90
1744591508887 2.6315789473684212 100
1744591516986 2.8947368421052633 110
1744591526420 3.0 114
1744591533317 3.1578947368421053 120
1744591541718 3.4210526315789473 130
1744591549894 3.6842105263157894 140
1744591558262 3.9473684210526314 150
1744591566109 4.0 152
1744591574890 4.2105263157894735 160
1744591583692 4.473684210526316 170
1744591592076 4.7368421052631575 180
1744591599700 5.0 190
1744591606874 5.0 190
1744591608630 5.0 190
1744591609229 5.0 0
1744591616277 5.0 190
