1744591412796 1.0634504556655884 10
1744591421957 1.0549068450927734 20
1744591430944 1.0908511877059937 30
1744591450321 1.2302361726760864 40
1744591458741 1.1767224073410034 50
1744591467106 1.290339708328247 60
1744591475207 1.2421778440475464 70
1744591492014 1.2355881929397583 80
1744591500452 1.2633553743362427 90
1744591508887 1.6579123735427856 100
1744591516986 1.388972520828247 110
1744591533317 1.362147569656372 120
1744591541718 1.3301680088043213 130
1744591549894 1.2481834888458252 140
1744591558262 1.3433395624160767 150
1744591574890 1.4119619131088257 160
1744591583692 1.4400514364242554 170
1744591592076 1.3488620519638062 180
1744591599700 3.7663800716400146 190
