1744591412796 2.8578947368421053e-05 10
1744591421957 2.7000000000000002e-05 20
1744591430944 2.5421052631578948e-05 30
1744591450321 2.3842105263157897e-05 40
1744591458741 2.2263157894736843e-05 50
1744591467106 2.0684210526315792e-05 60
1744591475207 1.9105263157894738e-05 70
1744591492014 1.7526315789473687e-05 80
1744591500452 1.5947368421052633e-05 90
1744591508887 1.4368421052631578e-05 100
1744591516986 1.2789473684210526e-05 110
1744591533317 1.1210526315789473e-05 120
1744591541718 9.63157894736842e-06 130
1744591549894 8.052631578947368e-06 140
1744591558262 6.473684210526316e-06 150
1744591574890 4.894736842105264e-06 160
1744591583692 3.3157894736842107e-06 170
1744591592076 1.7368421052631579e-06 180
1744591599700 1.5789473684210527e-07 190
