1744582796576 0.2631578947368421 10
1744582805756 0.5263157894736842 20
1744582814280 0.7894736842105263 30
1744582829349 1.0 38
1744582832973 1.0526315789473684 40
1744582841452 1.3157894736842106 50
1744582849821 1.5789473684210527 60
1744582857979 1.8421052631578947 70
1744582869367 2.0 76
1744582874479 2.1052631578947367 80
1744582882891 2.3684210526315788 90
1744582891248 2.6315789473684212 100
1744582899426 2.8947368421052633 110
1744582909053 3.0 114
1744582910682 3.0 114
1744582911254 3.0 0
1744582918101 3.0 114
