1744818317606 0.05181347150259067 10
1744818327857 0.10362694300518134 20
1744818337904 0.15544041450777202 30
1744818348159 0.20725388601036268 40
1744818358248 0.25906735751295334 50
1744818368725 0.31088082901554404 60
1744818379083 0.3626943005181347 70
1744818389201 0.41450777202072536 80
1744818399478 0.46632124352331605 90
1744818409921 0.5181347150259067 100
1744818420532 0.5699481865284974 110
1744818431055 0.6217616580310881 120
1744818441338 0.6735751295336787 130
1744818451589 0.7253886010362695 140
1744818461698 0.7772020725388601 150
1744818471814 0.8290155440414507 160
1744818482166 0.8808290155440415 170
1744818492910 0.9326424870466321 180
1744818503407 0.9844559585492227 190
1744818530029 1.0 193
1744818539201 1.0362694300518134 200
1744818549399 1.0880829015544042 210
1744818559719 1.1398963730569949 220
1744818570034 1.1917098445595855 230
1744818580276 1.2435233160621761 240
1744818590534 1.2953367875647668 250
1744818600717 1.3471502590673574 260
1744818611346 1.3989637305699483 270
1744818621618 1.450777202072539 280
1744818631853 1.5025906735751295 290
1744818642204 1.5544041450777202 300
1744818652437 1.6062176165803108 310
1744818662710 1.6580310880829017 320
1744818673289 1.709844559585492 330
1744818683486 1.761658031088083 340
1744818693547 1.8134715025906736 350
1744818703921 1.8652849740932642 360
1744818714124 1.917098445595855 370
1744818724172 1.9689119170984455 380
1744818752907 2.0 386
1744818758952 2.0207253886010363 390
1744818769362 2.0725388601036268 400
1744818779434 2.1243523316062176 410
1744818789647 2.1761658031088085 420
1744818799694 2.227979274611399 430
1744818809847 2.2797927461139897 440
1744818820143 2.33160621761658 450
1744818830217 2.383419689119171 460
1744818840522 2.4352331606217614 470
1744818850605 2.4870466321243523 480
1744818860869 2.538860103626943 490
1744818871053 2.5906735751295336 500
1744818881322 2.6424870466321244 510
1744818891508 2.694300518134715 520
1744818901721 2.7461139896373057 530
1744818911961 2.7979274611398965 540
1744818922102 2.849740932642487 550
1744818932393 2.901554404145078 560
1744818942580 2.9533678756476682 570
1744818974569 3.0 579
1744818977684 3.005181347150259 580
1744818987913 3.05699481865285 590
1744818998191 3.1088082901554404 600
1744819008412 3.160621761658031 610
1744819019007 3.2124352331606216 620
1744819029072 3.2642487046632125 630
1744819039450 3.3160621761658033 640
1744819049691 3.3678756476683938 650
1744819059851 3.4196891191709846 660
1744819070080 3.471502590673575 670
1744819080127 3.523316062176166 680
1744819090271 3.5751295336787567 690
1744819100355 3.626943005181347 700
1744819110558 3.6787564766839376 710
1744819120936 3.7305699481865284 720
1744819131068 3.7823834196891193 730
1744819141217 3.8341968911917097 740
1744819151427 3.8860103626943006 750
1744819161606 3.937823834196891 760
1744819171861 3.989637305699482 770
1744819196104 4.0 772
1744819206995 4.041450777202073 780
1744819217076 4.0932642487046635 790
1744819227453 4.1450777202072535 800
1744819237671 4.196891191709844 810
1744819247932 4.248704663212435 820
1744819257998 4.300518134715026 830
1744819268061 4.352331606217617 840
1744819278378 4.404145077720207 850
1744819288442 4.455958549222798 860
1744819298718 4.507772020725389 870
1744819308891 4.5595854922279795 880
1744819319203 4.61139896373057 890
1744819329748 4.66321243523316 900
1744819339802 4.715025906735751 910
1744819349963 4.766839378238342 920
1744819360009 4.818652849740933 930
1744819370539 4.870466321243523 940
1744819380966 4.922279792746114 950
1744819391385 4.974093264248705 960
1744819419060 5.0 965
1744819426733 5.025906735751295 970
1744819437274 5.077720207253886 980
1744819447438 5.129533678756476 990
1744819457787 5.181347150259067 1000
1744819468477 5.233160621761658 1010
1744819478547 5.284974093264249 1020
1744819488947 5.33678756476684 1030
1744819499138 5.38860103626943 1040
1744819509614 5.4404145077720205 1050
1744819519807 5.492227979274611 1060
1744819530389 5.544041450777202 1070
1744819540766 5.595854922279793 1080
1744819550931 5.647668393782383 1090
1744819561524 5.699481865284974 1100
1744819571645 5.751295336787565 1110
1744819581981 5.803108808290156 1120
1744819592466 5.8549222797927465 1130
1744819602732 5.9067357512953365 1140
1744819613030 5.958549222797927 1150
1744819643566 6.0 1158
1744819647809 6.010362694300518 1160
1744819657908 6.062176165803109 1170
1744819668287 6.1139896373057 1180
1744819678574 6.16580310880829 1190
1744819688891 6.217616580310881 1200
1744819699057 6.269430051813472 1210
1744819709125 6.321243523316062 1220
1744819719278 6.373056994818652 1230
1744819729335 6.424870466321243 1240
1744819739537 6.476683937823834 1250
1744819749591 6.528497409326425 1260
1744819759830 6.580310880829016 1270
1744819770167 6.632124352331607 1280
1744819780424 6.683937823834197 1290
1744819790851 6.7357512953367875 1300
1744819801199 6.787564766839378 1310
1744819811492 6.839378238341969 1320
1744819821661 6.891191709844559 1330
1744819831739 6.94300518134715 1340
1744819842038 6.994818652849741 1350
1744819865660 7.0 1351
1744819877175 7.046632124352332 1360
1744819887725 7.098445595854923 1370
1744819898170 7.150259067357513 1380
1744819908365 7.2020725388601035 1390
1744819918739 7.253886010362694 1400
1744819929046 7.305699481865285 1410
1744819939095 7.357512953367876 1420
1744819949272 7.409326424870466 1430
1744819959357 7.461139896373057 1440
1744819969548 7.512953367875648 1450
1744819979902 7.564766839378239 1460
1744819990002 7.616580310880829 1470
1744820000235 7.668393782383419 1480
1744820010689 7.72020725388601 1490
1744820020801 7.772020725388601 1500
1744820031019 7.823834196891192 1510
1744820041662 7.875647668393782 1520
1744820052099 7.927461139896373 1530
1744820062189 7.979274611398964 1540
1744820088371 8.0 1544
1744820096714 8.031088082901555 1550
1744820106969 8.082901554404145 1560
1744820117064 8.134715025906736 1570
1744820127456 8.186528497409327 1580
1744820137883 8.238341968911918 1590
1744820147951 8.290155440414507 1600
1744820158173 8.341968911917098 1610
1744820168533 8.393782383419689 1620
1744820178881 8.44559585492228 1630
1744820189357 8.49740932642487 1640
1744820199615 8.549222797927461 1650
1744820209794 8.601036269430052 1660
1744820219874 8.652849740932643 1670
1744820230591 8.704663212435234 1680
1744820240976 8.756476683937823 1690
1744820251208 8.808290155440414 1700
1744820261282 8.860103626943005 1710
1744820271493 8.911917098445596 1720
1744820281711 8.963730569948186 1730
1744820311061 9.0 1737
1744820316638 9.015544041450777 1740
1744820326882 9.067357512953368 1750
1744820337203 9.119170984455959 1760
1744820347346 9.17098445595855 1770
1744820357750 9.22279792746114 1780
1744820368027 9.27461139896373 1790
1744820378439 9.32642487046632 1800
1744820388783 9.378238341968911 1810
1744820398896 9.430051813471502 1820
1744820409326 9.481865284974093 1830
1744820419739 9.533678756476684 1840
1744820429976 9.585492227979275 1850
1744820440382 9.637305699481866 1860
1744820450550 9.689119170984457 1870
1744820460858 9.740932642487046 1880
1744820470956 9.792746113989637 1890
1744820481152 9.844559585492227 1900
1744820491256 9.896373056994818 1910
1744820501345 9.94818652849741 1920
1744820510889 10.0 1930
1744820533737 10.0 1930
1744820546526 10.05181347150259 1940
1744820556625 10.103626943005182 1950
1744820567044 10.155440414507773 1960
1744820577527 10.207253886010363 1970
1744820588124 10.259067357512953 1980
1744820598578 10.310880829015543 1990
1744820608657 10.362694300518134 2000
1744820619203 10.414507772020725 2010
1744820629882 10.466321243523316 2020
1744820640063 10.518134715025907 2030
1744820650938 10.569948186528498 2040
1744820661013 10.621761658031089 2050
1744820671515 10.67357512953368 2060
1744820681669 10.72538860103627 2070
1744820691988 10.77720207253886 2080
1744820702135 10.82901554404145 2090
1744820712350 10.880829015544041 2100
1744820722504 10.932642487046632 2110
1744820732612 10.984455958549223 2120
1744820757956 11.0 2123
1744820767191 11.036269430051814 2130
1744820777458 11.088082901554404 2140
1744820787548 11.139896373056995 2150
1744820797839 11.191709844559586 2160
1744820808036 11.243523316062177 2170
1744820818109 11.295336787564766 2180
1744820828603 11.347150259067357 2190
1744820838690 11.398963730569948 2200
1744820848838 11.450777202072539 2210
1744820858901 11.50259067357513 2220
1744820869178 11.55440414507772 2230
1744820879504 11.606217616580311 2240
1744820889559 11.658031088082902 2250
1744820899808 11.709844559585493 2260
1744820909901 11.761658031088082 2270
1744820920063 11.813471502590673 2280
1744820930356 11.865284974093264 2290
1744820940704 11.917098445595855 2300
1744820950933 11.968911917098445 2310
1744820979402 12.0 2316
1744820986136 12.020725388601036 2320
1744820996401 12.072538860103627 2330
1744821006656 12.124352331606218 2340
1744821016950 12.176165803108809 2350
1744821027131 12.2279792746114 2360
1744821037310 12.279792746113989 2370
1744821047524 12.33160621761658 2380
1744821057816 12.38341968911917 2390
1744821068084 12.435233160621761 2400
1744821078321 12.487046632124352 2410
1744821088490 12.538860103626943 2420
1744821099016 12.590673575129534 2430
1744821109272 12.642487046632125 2440
1744821119370 12.694300518134716 2450
1744821129552 12.746113989637305 2460
1744821139761 12.797927461139896 2470
1744821149893 12.849740932642487 2480
1744821160094 12.901554404145077 2490
1744821170135 12.953367875647668 2500
1744821201560 13.0 2509
1744821204881 13.005181347150259 2510
1744821215030 13.05699481865285 2520
1744821225069 13.10880829015544 2530
1744821235358 13.160621761658032 2540
1744821245684 13.212435233160623 2550
1744821256058 13.264248704663212 2560
1744821266578 13.316062176165802 2570
1744821276725 13.367875647668393 2580
1744821286894 13.419689119170984 2590
1744821297027 13.471502590673575 2600
1744821307281 13.523316062176166 2610
1744821317804 13.575129533678757 2620
1744821327957 13.626943005181348 2630
1744821338140 13.678756476683938 2640
1744821348358 13.73056994818653 2650
1744821358615 13.782383419689118 2660
1744821369146 13.83419689119171 2670
1744821379326 13.8860103626943 2680
1744821389547 13.937823834196891 2690
1744821399915 13.989637305699482 2700
1744821424342 14.0 2702
1744821435119 14.041450777202073 2710
1744821445255 14.093264248704664 2720
1744821455510 14.145077720207254 2730
1744821465573 14.196891191709845 2740
1744821475961 14.248704663212436 2750
1744821486488 14.300518134715025 2760
1744821496721 14.352331606217616 2770
1744821506936 14.404145077720207 2780
1744821517155 14.455958549222798 2790
1744821527638 14.507772020725389 2800
1744821538142 14.55958549222798 2810
1744821548444 14.61139896373057 2820
1744821558520 14.663212435233161 2830
1744821568782 14.715025906735752 2840
1744821578864 14.766839378238341 2850
1744821589394 14.818652849740932 2860
1744821599791 14.870466321243523 2870
1744821610044 14.922279792746114 2880
1744821620276 14.974093264248705 2890
1744821647918 15.0 2895
1744821655593 15.025906735751295 2900
1744821666037 15.077720207253886 2910
1744821676271 15.129533678756477 2920
1744821686322 15.181347150259068 2930
1744821696496 15.233160621761659 2940
1744821706646 15.284974093264248 2950
1744821716743 15.336787564766839 2960
1744821726984 15.38860103626943 2970
1744821737349 15.44041450777202 2980
1744821747587 15.492227979274611 2990
1744821757778 15.544041450777202 3000
1744821768001 15.595854922279793 3010
1744821778405 15.647668393782384 3020
1744821788770 15.699481865284975 3030
1744821799187 15.751295336787564 3040
1744821809221 15.803108808290155 3050
1744821819413 15.854922279792746 3060
1744821829621 15.906735751295336 3070
1744821839714 15.958549222797927 3080
1744821870514 16.0 3088
1744821875043 16.010362694300518 3090
1744821886059 16.06217616580311 3100
1744821896492 16.1139896373057 3110
1744821906838 16.16580310880829 3120
1744821917189 16.21761658031088 3130
1744821927308 16.269430051813472 3140
1744821937944 16.321243523316063 3150
1744821948218 16.373056994818654 3160
1744821958394 16.424870466321245 3170
1744821968464 16.476683937823836 3180
1744821978723 16.528497409326423 3190
1744821988961 16.580310880829014 3200
1744821999045 16.632124352331605 3210
1744822009363 16.683937823834196 3220
1744822019546 16.735751295336787 3230
1744822029814 16.787564766839377 3240
1744822040023 16.83937823834197 3250
1744822050114 16.89119170984456 3260
1744822060409 16.94300518134715 3270
1744822070285 16.99481865284974 3280
1744822094124 17.0 3281
1744822105491 17.04663212435233 3290
1744822115662 17.098445595854923 3300
1744822125792 17.150259067357513 3310
1744822135880 17.202072538860104 3320
1744822146072 17.253886010362695 3330
1744822156567 17.305699481865286 3340
1744822166869 17.357512953367877 3350
1744822177058 17.409326424870468 3360
1744822187297 17.46113989637306 3370
1744822197562 17.512953367875646 3380
1744822207721 17.564766839378237 3390
1744822217817 17.616580310880828 3400
1744822227914 17.66839378238342 3410
1744822238317 17.72020725388601 3420
1744822248699 17.7720207253886 3430
1744822258866 17.82383419689119 3440
1744822269105 17.875647668393782 3450
1744822279236 17.927461139896373 3460
1744822289588 17.979274611398964 3470
1744822316095 18.0 3474
1744822324689 18.031088082901555 3480
1744822335184 18.082901554404145 3490
1744822345506 18.134715025906736 3500
1744822355686 18.186528497409327 3510
1744822365850 18.238341968911918 3520
1744822376165 18.29015544041451 3530
1744822386395 18.3419689119171 3540
1744822396560 18.39378238341969 3550
1744822406668 18.44559585492228 3560
1744822417036 18.497409326424872 3570
1744822427243 18.54922279792746 3580
1744822437590 18.60103626943005 3590
1744822447835 18.65284974093264 3600
1744822457974 18.704663212435232 3610
1744822468242 18.756476683937823 3620
1744822478642 18.808290155440414 3630
1744822488936 18.860103626943005 3640
1744822499149 18.911917098445596 3650
1744822509245 18.963730569948186 3660
1744822539239 19.0 3667
1744822544610 19.015544041450777 3670
1744822555605 19.067357512953368 3680
1744822565770 19.11917098445596 3690
1744822576217 19.17098445595855 3700
1744822586481 19.22279792746114 3710
1744822596593 19.27461139896373 3720
1744822607200 19.326424870466322 3730
1744822617292 19.378238341968913 3740
1744822627842 19.430051813471504 3750
1744822638306 19.481865284974095 3760
1744822648386 19.533678756476682 3770
1744822658626 19.585492227979273 3780
1744822668849 19.637305699481864 3790
1744822679032 19.689119170984455 3800
1744822689117 19.740932642487046 3810
1744822699364 19.792746113989637 3820
1744822709737 19.844559585492227 3830
1744822720081 19.89637305699482 3840
1744822730246 19.94818652849741 3850
1744822739663 20.0 3860
1744822763075 20.0 3860
1744822775487 20.05181347150259 3870
1744822785710 20.10362694300518 3880
1744822795855 20.155440414507773 3890
1744822805950 20.207253886010363 3900
1744822816121 20.259067357512954 3910
1744822826390 20.310880829015545 3920
1744822836631 20.362694300518136 3930
1744822846700 20.414507772020727 3940
1744822856938 20.466321243523318 3950
1744822867326 20.518134715025905 3960
1744822877474 20.569948186528496 3970
1744822887656 20.621761658031087 3980
1744822897917 20.673575129533678 3990
1744822908007 20.72538860103627 4000
1744822918444 20.77720207253886 4010
1744822928522 20.82901554404145 4020
1744822938769 20.88082901554404 4030
1744822948894 20.932642487046632 4040
1744822959291 20.984455958549223 4050
1744822984522 21.0 4053
1744822994166 21.036269430051814 4060
1744823004422 21.088082901554404 4070
1744823014610 21.139896373056995 4080
1744823024849 21.191709844559586 4090
1744823035108 21.243523316062177 4100
1744823045446 21.295336787564768 4110
1744823056054 21.34715025906736 4120
1744823066299 21.39896373056995 4130
1744823076514 21.45077720207254 4140
1744823086978 21.502590673575128 4150
1744823097479 21.55440414507772 4160
1744823107602 21.60621761658031 4170
1744823117938 21.6580310880829 4180
1744823128066 21.70984455958549 4190
1744823138709 21.761658031088082 4200
1744823148991 21.813471502590673 4210
1744823159072 21.865284974093264 4220
1744823169621 21.917098445595855 4230
1744823180272 21.968911917098445 4240
1744823208964 22.0 4246
1744823215590 22.020725388601036 4250
1744823225814 22.072538860103627 4260
1744823236084 22.124352331606218 4270
1744823246163 22.17616580310881 4280
1744823256860 22.2279792746114 4290
1744823267526 22.27979274611399 4300
1744823277831 22.33160621761658 4310
1744823287922 22.383419689119172 4320
1744823298099 22.435233160621763 4330
1744823308270 22.487046632124354 4340
1744823318690 22.53886010362694 4350
1744823329062 22.590673575129532 4360
1744823339381 22.642487046632123 4370
1744823349639 22.694300518134714 4380
1744823359927 22.746113989637305 4390
1744823370136 22.797927461139896 4400
1744823381006 22.849740932642487 4410
1744823391128 22.901554404145077 4420
1744823401345 22.95336787564767 4430
1744823432869 23.0 4439
1744823435944 23.00518134715026 4440
1744823446538 23.05699481865285 4450
1744823457222 23.10880829015544 4460
1744823467399 23.16062176165803 4470
1744823477494 23.212435233160623 4480
1744823487585 23.264248704663213 4490
1744823497985 23.316062176165804 4500
1744823508290 23.367875647668395 4510
1744823518908 23.419689119170986 4520
1744823529003 23.471502590673577 4530
1744823539276 23.523316062176164 4540
1744823549383 23.575129533678755 4550
1744823559569 23.626943005181346 4560
1744823569886 23.678756476683937 4570
1744823580234 23.730569948186528 4580
1744823590427 23.78238341968912 4590
1744823600512 23.83419689119171 4600
1744823610824 23.8860103626943 4610
1744823620921 23.93782383419689 4620
1744823631113 23.989637305699482 4630
1744823655310 24.0 4632
1744823665865 24.041450777202073 4640
1744823675956 24.093264248704664 4650
1744823686199 24.145077720207254 4660
1744823696383 24.196891191709845 4670
1744823706642 24.248704663212436 4680
1744823716841 24.300518134715027 4690
1744823726901 24.352331606217618 4700
1744823737181 24.40414507772021 4710
1744823747345 24.4559585492228 4720
1744823757598 24.50777202072539 4730
1744823767803 24.559585492227978 4740
1744823778054 24.61139896373057 4750
1744823788214 24.66321243523316 4760
1744823798405 24.71502590673575 4770
1744823808672 24.76683937823834 4780
1744823818863 24.818652849740932 4790
1744823829165 24.870466321243523 4800
1744823839374 24.922279792746114 4810
1744823849612 24.974093264248705 4820
1744823877487 25.0 4825
1744823884983 25.025906735751295 4830
1744823895204 25.077720207253886 4840
1744823905569 25.129533678756477 4850
1744823915685 25.181347150259068 4860
1744823925943 25.23316062176166 4870
1744823936118 25.28497409326425 4880
1744823946299 25.33678756476684 4890
1744823956508 25.38860103626943 4900
1744823966872 25.440414507772022 4910
1744823977331 25.49222797927461 4920
1744823987867 25.5440414507772 4930
1744823998091 25.59585492227979 4940
1744824008207 25.647668393782382 4950
1744824018394 25.699481865284973 4960
1744824028931 25.751295336787564 4970
1744824038999 25.803108808290155 4980
1744824049200 25.854922279792746 4990
1744824059302 25.906735751295336 5000
1744824069608 25.958549222797927 5010
1744824100975 26.0 5018
1744824105621 26.010362694300518 5020
1744824115816 26.06217616580311 5030
1744824126477 26.1139896373057 5040
1744824137255 26.16580310880829 5050
1744824148054 26.21761658031088 5060
1744824158631 26.269430051813472 5070
1744824168882 26.321243523316063 5080
1744824179149 26.373056994818654 5090
1744824189387 26.424870466321245 5100
1744824199671 26.476683937823836 5110
1744824209921 26.528497409326423 5120
1744824220036 26.580310880829014 5130
1744824230237 26.632124352331605 5140
1744824240332 26.683937823834196 5150
1744824250642 26.735751295336787 5160
1744824260883 26.787564766839377 5170
1744824271287 26.83937823834197 5180
1744824281494 26.89119170984456 5190
1744824291550 26.94300518134715 5200
1744824301534 26.99481865284974 5210
1744824324934 27.0 5211
1744824336552 27.04663212435233 5220
1744824346812 27.098445595854923 5230
1744824356984 27.150259067357513 5240
1744824367290 27.202072538860104 5250
1744824377377 27.253886010362695 5260
1744824387459 27.305699481865286 5270
1744824397676 27.357512953367877 5280
1744824408192 27.409326424870468 5290
1744824418408 27.46113989637306 5300
1744824428539 27.512953367875646 5310
1744824438754 27.564766839378237 5320
1744824448830 27.616580310880828 5330
1744824459041 27.66839378238342 5340
1744824469176 27.72020725388601 5350
1744824479263 27.7720207253886 5360
1744824489394 27.82383419689119 5370
1744824499561 27.875647668393782 5380
1744824509967 27.927461139896373 5390
1744824520294 27.979274611398964 5400
1744824546972 28.0 5404
1744824555075 28.031088082901555 5410
1744824565136 28.082901554404145 5420
1744824575284 28.134715025906736 5430
1744824586082 28.186528497409327 5440
1744824596941 28.238341968911918 5450
1744824607026 28.29015544041451 5460
1744824617489 28.3419689119171 5470
1744824627660 28.39378238341969 5480
1744824637826 28.44559585492228 5490
1744824648006 28.497409326424872 5500
1744824658128 28.54922279792746 5510
1744824668292 28.60103626943005 5520
1744824678498 28.65284974093264 5530
1744824688591 28.704663212435232 5540
1744824698897 28.756476683937823 5550
1744824708969 28.808290155440414 5560
1744824719123 28.860103626943005 5570
1744824729447 28.911917098445596 5580
1744824740425 28.963730569948186 5590
1744824770590 29.0 5597
1744824775952 29.015544041450777 5600
1744824786336 29.067357512953368 5610
1744824796434 29.11917098445596 5620
1744824806636 29.17098445595855 5630
1744824816715 29.22279792746114 5640
1744824827025 29.27461139896373 5650
1744824837196 29.326424870466322 5660
1744824847281 29.378238341968913 5670
1744824857452 29.430051813471504 5680
1744824867550 29.481865284974095 5690
1744824878056 29.533678756476682 5700
1744824888339 29.585492227979273 5710
1744824898405 29.637305699481864 5720
1744824908722 29.689119170984455 5730
1744824918853 29.740932642487046 5740
1744824929038 29.792746113989637 5750
1744824939165 29.844559585492227 5760
1744824949493 29.89637305699482 5770
1744824959824 29.94818652849741 5780
1744824969420 30.0 5790
1744824992393 30.0 5790
1744824994155 30.0 5790
1744824994974 30.0 0
1744825017984 30.0 5790
