1744818317606 4.224122524261475 10
1744818327857 4.203742980957031 20
1744818337904 4.3059468269348145 30
1744818348159 4.395668029785156 40
1744818358248 4.2733235359191895 50
1744818368725 4.120853424072266 60
1744818379083 4.34445858001709 70
1744818389201 4.071789741516113 80
1744818399478 4.364071369171143 90
1744818409921 4.491794586181641 100
1744818420532 3.9251155853271484 110
1744818431055 3.8938069343566895 120
1744818441338 3.7184524536132812 130
1744818451589 3.799701452255249 140
1744818461698 3.781647205352783 150
1744818471814 3.981452703475952 160
1744818482166 3.5445828437805176 170
1744818492910 3.712325096130371 180
1744818503407 3.6787424087524414 190
1744818539201 3.647326707839966 200
1744818549399 3.770773410797119 210
1744818559719 3.530014753341675 220
1744818570034 3.9092235565185547 230
1744818580276 3.7647933959960938 240
1744818590534 3.5687246322631836 250
1744818600717 3.9872992038726807 260
1744818611346 4.0034990310668945 270
1744818621618 3.6519598960876465 280
1744818631853 3.5018086433410645 290
1744818642204 3.419466257095337 300
1744818652437 4.451818466186523 310
1744818662710 3.63472843170166 320
1744818673289 3.4022367000579834 330
1744818683486 5.198202133178711 340
1744818693547 3.6143088340759277 350
1744818703921 3.869431972503662 360
1744818714124 5.000732898712158 370
1744818724172 3.4898271560668945 380
1744818758952 4.626905918121338 390
1744818769362 4.235552787780762 400
1744818779434 3.4893171787261963 410
1744818789647 3.94366717338562 420
1744818799694 3.829293727874756 430
1744818809847 3.98980975151062 440
1744818820143 4.379457950592041 450
1744818830217 3.584383010864258 460
1744818840522 3.6878936290740967 470
1744818850605 3.2458693981170654 480
1744818860869 3.813194513320923 490
1744818871053 4.073023319244385 500
1744818881322 4.067027568817139 510
1744818891508 3.7753710746765137 520
1744818901721 4.424549579620361 530
1744818911961 3.646557569503784 540
1744818922102 3.280670642852783 550
1744818932393 4.07357120513916 560
1744818942580 3.8844857215881348 570
1744818977684 4.059016227722168 580
1744818987913 3.729814291000366 590
1744818998191 3.067929983139038 600
1744819008412 3.5629160404205322 610
1744819019007 3.478034734725952 620
1744819029072 4.126086711883545 630
1744819039450 4.209437847137451 640
1744819049691 3.691660165786743 650
1744819059851 3.9357664585113525 660
1744819070080 3.990063190460205 670
1744819080127 3.656362771987915 680
1744819090271 4.028298377990723 690
1744819100355 4.020643711090088 700
1744819110558 2.947930335998535 710
1744819120936 3.5364179611206055 720
1744819131068 4.255932331085205 730
1744819141217 4.314504146575928 740
1744819151427 4.380950927734375 750
1744819161606 3.9374396800994873 760
1744819171861 3.904446601867676 770
1744819206995 3.2383341789245605 780
1744819217076 2.7973618507385254 790
1744819227453 3.433769464492798 800
1744819237671 4.192785263061523 810
1744819247932 3.566253662109375 820
1744819257998 2.9988412857055664 830
1744819268061 3.399096727371216 840
1744819278378 3.6527915000915527 850
1744819288442 4.179100036621094 860
1744819298718 3.849663734436035 870
1744819308891 4.554291725158691 880
1744819319203 4.427010536193848 890
1744819329748 4.102964878082275 900
1744819339802 3.3594000339508057 910
1744819349963 3.797809362411499 920
1744819360009 3.3656256198883057 930
1744819370539 3.6719768047332764 940
1744819380966 3.765709400177002 950
1744819391385 3.2894372940063477 960
1744819426733 3.2491559982299805 970
1744819437274 3.6836180686950684 980
1744819447438 2.422224760055542 990
1744819457787 3.8653204441070557 1000
1744819468477 2.971928596496582 1010
1744819478547 2.726071834564209 1020
1744819488947 3.6237146854400635 1030
1744819499138 2.777080774307251 1040
1744819509614 3.256413698196411 1050
1744819519807 3.2837936878204346 1060
1744819530389 3.8185007572174072 1070
1744819540766 3.8921566009521484 1080
1744819550931 3.8200595378875732 1090
1744819561524 2.8767125606536865 1100
1744819571645 4.922952651977539 1110
1744819581981 3.127035140991211 1120
1744819592466 3.7609832286834717 1130
1744819602732 3.9716649055480957 1140
1744819613030 3.5078487396240234 1150
1744819647809 2.6053009033203125 1160
1744819657908 3.6861352920532227 1170
1744819668287 2.8395426273345947 1180
1744819678574 3.4008665084838867 1190
1744819688891 3.8043646812438965 1200
1744819699057 3.002763509750366 1210
1744819709125 4.2872490882873535 1220
1744819719278 3.233180046081543 1230
1744819729335 3.9331448078155518 1240
1744819739537 2.468568801879883 1250
1744819749591 2.906851053237915 1260
1744819759830 3.1597952842712402 1270
1744819770167 2.584543228149414 1280
1744819780424 3.0691978931427 1290
1744819790851 3.2072372436523438 1300
1744819801199 4.076592922210693 1310
1744819811492 3.1645681858062744 1320
1744819821661 4.144635200500488 1330
1744819831739 3.5957155227661133 1340
1744819842038 3.2664589881896973 1350
1744819877175 3.6583902835845947 1360
1744819887725 3.195711612701416 1370
1744819898170 3.3391168117523193 1380
1744819908365 4.1266937255859375 1390
1744819918739 3.4112370014190674 1400
1744819929046 3.2735331058502197 1410
1744819939095 3.750988721847534 1420
1744819949272 3.244764804840088 1430
1744819959357 2.7488601207733154 1440
1744819969548 4.319144248962402 1450
1744819979902 2.447493553161621 1460
1744819990002 2.711672782897949 1470
1744820000235 2.6210339069366455 1480
1744820010689 3.118295192718506 1490
1744820020801 3.9315919876098633 1500
1744820031019 2.8601491451263428 1510
1744820041662 3.4541900157928467 1520
1744820052099 3.313127279281616 1530
1744820062189 4.429073333740234 1540
1744820096714 2.8837056159973145 1550
1744820106969 2.615884304046631 1560
1744820117064 3.086397409439087 1570
1744820127456 2.805544376373291 1580
1744820137883 2.6605613231658936 1590
1744820147951 3.3920490741729736 1600
1744820158173 3.700752019882202 1610
1744820168533 2.8796117305755615 1620
1744820178881 3.2038142681121826 1630
1744820189357 3.4145874977111816 1640
1744820199615 4.617464065551758 1650
1744820209794 3.2334070205688477 1660
1744820219874 4.227052688598633 1670
1744820230591 3.3120107650756836 1680
1744820240976 3.5345969200134277 1690
1744820251208 3.930292844772339 1700
1744820261282 3.252190113067627 1710
1744820271493 3.2084548473358154 1720
1744820281711 3.849923610687256 1730
1744820316638 3.0119240283966064 1740
1744820326882 2.842366933822632 1750
1744820337203 2.7106196880340576 1760
1744820347346 3.1400527954101562 1770
1744820357750 3.191192388534546 1780
1744820368027 3.071458578109741 1790
1744820378439 2.813375473022461 1800
1744820388783 3.3648154735565186 1810
1744820398896 3.3368937969207764 1820
1744820409326 3.065213203430176 1830
1744820419739 2.633157968521118 1840
1744820429976 3.160062074661255 1850
1744820440382 3.4524364471435547 1860
1744820450550 3.6826939582824707 1870
1744820460858 3.2276089191436768 1880
1744820470956 4.455835342407227 1890
1744820481152 3.7172629833221436 1900
1744820491256 3.4998745918273926 1910
1744820501345 3.6065673828125 1920
1744820510889 4.517126083374023 1930
1744820546526 3.697693347930908 1940
1744820556625 3.1660518646240234 1950
1744820567044 2.379392147064209 1960
1744820577527 3.5585169792175293 1970
1744820588124 3.2757527828216553 1980
1744820598578 3.258042335510254 1990
1744820608657 3.290947198867798 2000
1744820619203 2.7825706005096436 2010
1744820629882 2.8650026321411133 2020
1744820640063 3.357024669647217 2030
1744820650938 2.6598329544067383 2040
1744820661013 2.648944616317749 2050
1744820671515 2.56827449798584 2060
1744820681669 2.9747490882873535 2070
1744820691988 3.4247655868530273 2080
1744820702135 2.700007677078247 2090
1744820712350 3.9040307998657227 2100
1744820722504 3.669532299041748 2110
1744820732612 2.5243518352508545 2120
1744820767191 2.4116106033325195 2130
1744820777458 3.594459056854248 2140
1744820787548 3.1804404258728027 2150
1744820797839 3.875920295715332 2160
1744820808036 2.607903480529785 2170
1744820818109 2.985687255859375 2180
1744820828603 2.4184346199035645 2190
1744820838690 3.0697035789489746 2200
1744820848838 3.2204666137695312 2210
1744820858901 4.1087646484375 2220
1744820869178 2.6964683532714844 2230
1744820879504 2.4832065105438232 2240
1744820889559 2.566080093383789 2250
1744820899808 3.0538880825042725 2260
1744820909901 2.4700891971588135 2270
1744820920063 3.885948419570923 2280
1744820930356 4.743412494659424 2290
1744820940704 3.950547933578491 2300
1744820950933 3.1556038856506348 2310
1744820986136 2.617396116256714 2320
1744820996401 3.575050115585327 2330
1744821006656 3.192152500152588 2340
1744821016950 2.4732651710510254 2350
1744821027131 3.4751930236816406 2360
1744821037310 2.7663955688476562 2370
1744821047524 3.3012030124664307 2380
1744821057816 3.1690168380737305 2390
1744821068084 3.6763803958892822 2400
1744821078321 2.9288997650146484 2410
1744821088490 3.107808828353882 2420
1744821099016 2.4149694442749023 2430
1744821109272 2.700197696685791 2440
1744821119370 3.3018031120300293 2450
1744821129552 3.5545129776000977 2460
1744821139761 3.267183780670166 2470
1744821149893 3.1340091228485107 2480
1744821160094 3.912949562072754 2490
1744821170135 2.481316328048706 2500
1744821204881 3.1338329315185547 2510
1744821215030 3.153266668319702 2520
1744821225069 2.112163782119751 2530
1744821235358 3.1410515308380127 2540
1744821245684 3.693880081176758 2550
1744821256058 2.631276845932007 2560
1744821266578 3.360752820968628 2570
1744821276725 2.93442964553833 2580
1744821286894 2.377875566482544 2590
1744821297027 2.539518356323242 2600
1744821307281 2.4109461307525635 2610
1744821317804 2.8171417713165283 2620
1744821327957 2.65971302986145 2630
1744821338140 2.954075574874878 2640
1744821348358 2.7649481296539307 2650
1744821358615 4.112888336181641 2660
1744821369146 4.292183876037598 2670
1744821379326 4.4801740646362305 2680
1744821389547 2.7768898010253906 2690
1744821399915 3.159332752227783 2700
1744821435119 2.7095184326171875 2710
1744821445255 3.853285551071167 2720
1744821455510 3.6042819023132324 2730
1744821465573 2.8926773071289062 2740
1744821475961 3.026205062866211 2750
1744821486488 2.5979652404785156 2760
1744821496721 3.170691728591919 2770
1744821506936 4.488513946533203 2780
1744821517155 3.0530998706817627 2790
1744821527638 4.316211223602295 2800
1744821538142 3.8513669967651367 2810
1744821548444 3.3726587295532227 2820
1744821558520 2.928568124771118 2830
1744821568782 2.2569034099578857 2840
1744821578864 3.0059757232666016 2850
1744821589394 2.1502015590667725 2860
1744821599791 3.1104869842529297 2870
1744821610044 3.1568028926849365 2880
1744821620276 3.239187479019165 2890
1744821655593 2.700127363204956 2900
1744821666037 3.69344425201416 2910
1744821676271 3.1968994140625 2920
1744821686322 4.224255084991455 2930
1744821696496 3.583401679992676 2940
1744821706646 4.007237434387207 2950
1744821716743 2.890950918197632 2960
1744821726984 4.4355268478393555 2970
1744821737349 3.2146155834198 2980
1744821747587 4.29661226272583 2990
1744821757778 3.515075922012329 3000
1744821768001 3.0808591842651367 3010
1744821778405 3.330392599105835 3020
1744821788770 3.1120235919952393 3030
1744821799187 3.583832263946533 3040
1744821809221 3.850630283355713 3050
1744821819413 3.5832126140594482 3060
1744821829621 2.945915937423706 3070
1744821839714 4.561436176300049 3080
1744821875043 1.959176778793335 3090
1744821886059 2.923755168914795 3100
1744821896492 2.4381728172302246 3110
1744821906838 3.4895999431610107 3120
1744821917189 3.064615488052368 3130
1744821927308 3.521606206893921 3140
1744821937944 2.6372063159942627 3150
1744821948218 3.2701709270477295 3160
1744821958394 2.859527349472046 3170
1744821968464 3.440410614013672 3180
1744821978723 2.8037450313568115 3190
1744821988961 3.7909445762634277 3200
1744821999045 2.3193230628967285 3210
1744822009363 3.1541037559509277 3220
1744822019546 2.9138107299804688 3230
1744822029814 3.4673855304718018 3240
1744822040023 2.8077235221862793 3250
1744822050114 1.901378870010376 3260
1744822060409 2.088714599609375 3270
1744822070285 2.3305656909942627 3280
1744822105491 2.916313648223877 3290
1744822115662 3.305964231491089 3300
1744822125792 2.8799378871917725 3310
1744822135880 2.715189218521118 3320
1744822146072 2.353710412979126 3330
1744822156567 2.67147159576416 3340
1744822166869 3.035282850265503 3350
1744822177058 2.988694429397583 3360
1744822187297 3.1666152477264404 3370
1744822197562 2.387861490249634 3380
1744822207721 4.070170879364014 3390
1744822217817 2.9802870750427246 3400
1744822227914 2.574411153793335 3410
1744822238317 3.191967725753784 3420
1744822248699 2.2602717876434326 3430
1744822258866 3.8630173206329346 3440
1744822269105 3.2104651927948 3450
1744822279236 2.96531343460083 3460
1744822289588 3.3076395988464355 3470
1744822324689 2.2686734199523926 3480
1744822335184 2.1854474544525146 3490
1744822345506 2.9951672554016113 3500
1744822355686 2.478400945663452 3510
1744822365850 3.037254810333252 3520
1744822376165 4.121224403381348 3530
1744822386395 3.1729917526245117 3540
1744822396560 3.816861629486084 3550
1744822406668 3.254683494567871 3560
1744822417036 3.3575870990753174 3570
1744822427243 3.1812984943389893 3580
1744822437590 2.540126085281372 3590
1744822447835 2.2515320777893066 3600
1744822457974 2.8599095344543457 3610
1744822468242 3.0035319328308105 3620
1744822478642 2.508395195007324 3630
1744822488936 2.5828402042388916 3640
1744822499149 1.954724907875061 3650
1744822509245 2.799694299697876 3660
1744822544610 2.372866630554199 3670
1744822555605 2.486053705215454 3680
1744822565770 2.470898151397705 3690
1744822576217 4.277441501617432 3700
1744822586481 2.9829723834991455 3710
1744822596593 3.0619871616363525 3720
1744822607200 2.6049866676330566 3730
1744822617292 1.8094496726989746 3740
1744822627842 2.923784017562866 3750
1744822638306 2.787219524383545 3760
1744822648386 3.030517101287842 3770
1744822658626 2.71150803565979 3780
1744822668849 2.8894686698913574 3790
1744822679032 2.5329551696777344 3800
1744822689117 2.4101040363311768 3810
1744822699364 3.100426435470581 3820
1744822709737 5.27924108505249 3830
1744822720081 3.45615816116333 3840
1744822730246 3.1530942916870117 3850
1744822739663 4.473503589630127 3860
1744822775487 2.505000352859497 3870
1744822785710 2.8543529510498047 3880
1744822795855 2.2123682498931885 3890
1744822805950 2.960589647293091 3900
1744822816121 3.1868560314178467 3910
1744822826390 2.7159790992736816 3920
1744822836631 2.778557538986206 3930
1744822846700 2.757197380065918 3940
1744822856938 3.0468099117279053 3950
1744822867326 2.1389777660369873 3960
1744822877474 2.0490050315856934 3970
1744822887656 2.487873077392578 3980
1744822897917 1.8301218748092651 3990
1744822908007 2.755180835723877 4000
1744822918444 3.99621319770813 4010
1744822928522 3.3225669860839844 4020
1744822938769 2.5351340770721436 4030
1744822948894 2.5631260871887207 4040
1744822959291 2.602825403213501 4050
1744822994166 3.1466879844665527 4060
1744823004422 2.4435808658599854 4070
1744823014610 2.3892061710357666 4080
1744823024849 2.295936346054077 4090
1744823035108 2.6850664615631104 4100
1744823045446 2.6829793453216553 4110
1744823056054 3.3210885524749756 4120
1744823066299 2.9009790420532227 4130
1744823076514 4.144388675689697 4140
1744823086978 3.723611354827881 4150
1744823097479 2.1473231315612793 4160
1744823107602 2.7821457386016846 4170
1744823117938 2.7691915035247803 4180
1744823128066 2.536102294921875 4190
1744823138709 2.4813358783721924 4200
1744823148991 2.38702654838562 4210
1744823159072 2.584054946899414 4220
1744823169621 2.3810815811157227 4230
1744823180272 2.8447763919830322 4240
1744823215590 3.107022762298584 4250
1744823225814 3.038235902786255 4260
1744823236084 3.065600633621216 4270
1744823246163 2.6004762649536133 4280
1744823256860 2.7142693996429443 4290
1744823267526 2.79954195022583 4300
1744823277831 3.091144323348999 4310
1744823287922 3.299180030822754 4320
1744823298099 3.4516422748565674 4330
1744823308270 2.350322723388672 4340
1744823318690 3.5900068283081055 4350
1744823329062 2.8211166858673096 4360
1744823339381 2.1004176139831543 4370
1744823349639 2.7363877296447754 4380
1744823359927 2.6539783477783203 4390
1744823370136 2.2863361835479736 4400
1744823381006 2.696357250213623 4410
1744823391128 2.6337454319000244 4420
1744823401345 3.543998956680298 4430
1744823435944 2.9325404167175293 4440
1744823446538 1.9633312225341797 4450
1744823457222 2.674288272857666 4460
1744823467399 2.0410444736480713 4470
1744823477494 2.883270502090454 4480
1744823487585 2.7618207931518555 4490
1744823497985 3.8646910190582275 4500
1744823508290 2.450563669204712 4510
1744823518908 2.840285539627075 4520
1744823529003 2.4536521434783936 4530
1744823539276 2.918597936630249 4540
1744823549383 2.2929608821868896 4550
1744823559569 2.3842880725860596 4560
1744823569886 2.8221004009246826 4570
1744823580234 3.671461820602417 4580
1744823590427 2.929800510406494 4590
1744823600512 2.4388668537139893 4600
1744823610824 2.4862799644470215 4610
1744823620921 2.9033000469207764 4620
1744823631113 2.9423329830169678 4630
1744823665865 2.504621744155884 4640
1744823675956 2.343860149383545 4650
1744823686199 2.7158002853393555 4660
1744823696383 1.8920685052871704 4670
1744823706642 2.976717472076416 4680
1744823716841 2.4147024154663086 4690
1744823726901 2.2596538066864014 4700
1744823737181 2.6299924850463867 4710
1744823747345 2.520099401473999 4720
1744823757598 2.783057689666748 4730
1744823767803 3.5199568271636963 4740
1744823778054 2.0004892349243164 4750
1744823788214 3.3384461402893066 4760
1744823798405 1.8719589710235596 4770
1744823808672 2.5291404724121094 4780
1744823818863 2.0181639194488525 4790
1744823829165 1.7863733768463135 4800
1744823839374 3.2503557205200195 4810
1744823849612 2.4148683547973633 4820
1744823884983 3.623124599456787 4830
1744823895204 2.896474599838257 4840
1744823905569 2.5539236068725586 4850
1744823915685 2.248180627822876 4860
1744823925943 4.281734943389893 4870
1744823936118 2.1786272525787354 4880
1744823946299 4.013063907623291 4890
1744823956508 3.1592555046081543 4900
1744823966872 2.5895020961761475 4910
1744823977331 2.74643611907959 4920
1744823987867 2.7518367767333984 4930
1744823998091 2.6962316036224365 4940
1744824008207 2.04844069480896 4950
1744824018394 2.433084726333618 4960
1744824028931 2.344137668609619 4970
1744824038999 2.722651243209839 4980
1744824049200 3.3423666954040527 4990
1744824059302 3.2976930141448975 5000
1744824069608 2.49997878074646 5010
1744824105621 3.0601701736450195 5020
1744824115816 3.043224811553955 5030
1744824126477 3.2914164066314697 5040
1744824137255 2.396524667739868 5050
1744824148054 3.290250539779663 5060
1744824158631 2.865534543991089 5070
1744824168882 2.336989402770996 5080
1744824179149 2.8517282009124756 5090
1744824189387 3.3985049724578857 5100
1744824199671 2.660797357559204 5110
1744824209921 2.9825527667999268 5120
1744824220036 2.469273567199707 5130
1744824230237 2.5620250701904297 5140
1744824240332 3.1727495193481445 5150
1744824250642 2.746981143951416 5160
1744824260883 2.534695863723755 5170
1744824271287 3.2094566822052 5180
1744824281494 2.424044370651245 5190
1744824291550 2.370933771133423 5200
1744824301534 3.0045931339263916 5210
1744824336552 2.1256356239318848 5220
1744824346812 2.7490813732147217 5230
1744824356984 2.9972569942474365 5240
1744824367290 2.5849106311798096 5250
1744824377377 2.205408811569214 5260
1744824387459 2.814211845397949 5270
1744824397676 2.6905763149261475 5280
1744824408192 2.5320780277252197 5290
1744824418408 2.5417795181274414 5300
1744824428539 2.6651577949523926 5310
1744824438754 2.929548501968384 5320
1744824448830 3.488084077835083 5330
1744824459041 2.9216408729553223 5340
1744824469176 2.4825241565704346 5350
1744824479263 3.4472005367279053 5360
1744824489394 2.9032087326049805 5370
1744824499561 2.068774938583374 5380
1744824509967 3.0719785690307617 5390
1744824520294 2.631361722946167 5400
1744824555075 3.1290552616119385 5410
1744824565136 3.540212869644165 5420
1744824575284 2.632091760635376 5430
1744824586082 3.306687593460083 5440
1744824596941 2.3075225353240967 5450
1744824607026 2.657902240753174 5460
1744824617489 2.0652101039886475 5470
1744824627660 2.1490700244903564 5480
1744824637826 2.7189784049987793 5490
1744824648006 3.414383888244629 5500
1744824658128 2.771935224533081 5510
1744824668292 1.9489636421203613 5520
1744824678498 2.3541958332061768 5530
1744824688591 3.078476667404175 5540
1744824698897 3.8041226863861084 5550
1744824708969 3.206550121307373 5560
1744824719123 2.7305264472961426 5570
1744824729447 3.2603657245635986 5580
1744824740425 4.187708377838135 5590
1744824775952 2.565601348876953 5600
1744824786336 2.582409143447876 5610
1744824796434 2.935767650604248 5620
1744824806636 2.3538711071014404 5630
1744824816715 3.066676378250122 5640
1744824827025 2.319209337234497 5650
1744824837196 3.1797232627868652 5660
1744824847281 2.0513453483581543 5670
1744824857452 3.058532953262329 5680
1744824867550 2.776001453399658 5690
1744824878056 2.438422918319702 5700
1744824888339 2.2792725563049316 5710
1744824898405 2.6232235431671143 5720
1744824908722 3.3745665550231934 5730
1744824918853 2.7503292560577393 5740
1744824929038 3.36680006980896 5750
1744824939165 2.3732082843780518 5760
1744824949493 3.2200891971588135 5770
1744824959824 2.660691022872925 5780
1744824969420 5.504948616027832 5790
