1744818317606 7.772020725388602e-07 10
1744818327857 1.6407599309153715e-06 20
1744818337904 2.504317789291883e-06 30
1744818348159 3.367875647668394e-06 40
1744818358248 4.2314335060449055e-06 50
1744818368725 5.094991364421417e-06 60
1744818379083 5.958549222797928e-06 70
1744818389201 6.822107081174439e-06 80
1744818399478 7.68566493955095e-06 90
1744818409921 8.549222797927462e-06 100
1744818420532 9.412780656303973e-06 110
1744818431055 1.0276338514680484e-05 120
1744818441338 1.1139896373056995e-05 130
1744818451589 1.2003454231433506e-05 140
1744818461698 1.2867012089810018e-05 150
1744818471814 1.3730569948186529e-05 160
1744818482166 1.459412780656304e-05 170
1744818492910 1.5457685664939554e-05 180
1744818503407 1.6321243523316064e-05 190
1744818539201 1.7184801381692577e-05 200
1744818549399 1.8048359240069086e-05 210
1744818559719 1.89119170984456e-05 220
1744818570034 1.9775474956822108e-05 230
1744818580276 2.063903281519862e-05 240
1744818590534 2.150259067357513e-05 250
1744818600717 2.2366148531951643e-05 260
1744818611346 2.3229706390328153e-05 270
1744818621618 2.4093264248704665e-05 280
1744818631853 2.4956822107081175e-05 290
1744818642204 2.5820379965457688e-05 300
1744818652437 2.6683937823834197e-05 310
1744818662710 2.754749568221071e-05 320
1744818673289 2.841105354058722e-05 330
1744818683486 2.9274611398963732e-05 340
1744818693547 3.013816925734024e-05 350
1744818703921 3.1001727115716754e-05 360
1744818714124 3.186528497409327e-05 370
1744818724172 3.272884283246977e-05 380
1744818758952 3.3592400690846286e-05 390
1744818769362 3.44559585492228e-05 400
1744818779434 3.531951640759931e-05 410
1744818789647 3.6183074265975825e-05 420
1744818799694 3.704663212435233e-05 430
1744818809847 3.791018998272884e-05 440
1744818820143 3.8773747841105356e-05 450
1744818830217 3.963730569948187e-05 460
1744818840522 4.0500863557858375e-05 470
1744818850605 4.136442141623489e-05 480
1744818860869 4.22279792746114e-05 490
1744818871053 4.3091537132987913e-05 500
1744818881322 4.3955094991364426e-05 510
1744818891508 4.481865284974093e-05 520
1744818901721 4.5682210708117445e-05 530
1744818911961 4.654576856649396e-05 540
1744818922102 4.740932642487047e-05 550
1744818932393 4.827288428324698e-05 560
1744818942580 4.913644214162349e-05 570
1744818977684 5e-05 580
1744818987913 4.999954567535423e-05 590
1744818998191 4.999818271792977e-05 600
1744819008412 4.9995911177264626e-05 610
1744819019007 4.999273113592017e-05 620
1744819029072 4.998864270947808e-05 630
1744819039450 4.9983646046536206e-05 640
1744819049691 4.99777413287031e-05 650
1744819059851 4.997092877059147e-05 660
1744819070080 4.9963208619810374e-05 670
1744819080127 4.995458115695618e-05 680
1744819090271 4.994504669560241e-05 690
1744819100355 4.993460558228834e-05 700
1744819110558 4.992325819650636e-05 710
1744819120936 4.991100495068823e-05 720
1744819131068 4.98978462901901e-05 730
1744819141217 4.988378269327625e-05 740
1744819151427 4.986881467110178e-05 750
1744819161606 4.985294276769401e-05 760
1744819171861 4.983616755993267e-05 770
1744819206995 4.9818489657529e-05 780
1744819217076 4.979990970300354e-05 790
1744819227453 4.9780428371662796e-05 800
1744819237671 4.9760046371574676e-05 810
1744819247932 4.973876444354277e-05 820
1744819257998 4.971658336107945e-05 830
1744819268061 4.96935039303777e-05 840
1744819278378 4.966952699028186e-05 850
1744819288442 4.96446534122571e-05 860
1744819298718 4.96188841003578e-05 870
1744819308891 4.959221999119463e-05 880
1744819319203 4.956466205390055e-05 890
1744819329748 4.953621129009556e-05 900
1744819339802 4.950686873385033e-05 910
1744819349963 4.947663545164857e-05 920
1744819360009 4.944551254234829e-05 930
1744819370539 4.941350113714189e-05 940
1744819380966 4.9380602399514973e-05 950
1744819391385 4.934681752520415e-05 960
1744819426733 4.931214774215348e-05 970
1744819437274 4.9276594310469924e-05 980
1744819447438 4.9240158522377506e-05 990
1744819457787 4.9202841702170345e-05 1000
1744819468477 4.9164645206164536e-05 1010
1744819478547 4.912557042264883e-05 1020
1744819488947 4.9085618771834215e-05 1030
1744819499138 4.904479170580225e-05 1040
1744819509614 4.900309070845232e-05 1050
1744819519807 4.8960517295447694e-05 1060
1744819530389 4.891707301416043e-05 1070
1744819540766 4.8872759443615155e-05 1080
1744819550931 4.882757819443165e-05 1090
1744819561524 4.8781530908766303e-05 1100
1744819571645 4.873461926025247e-05 1110
1744819581981 4.868684495393958e-05 1120
1744819592466 4.863820972623123e-05 1130
1744819602732 4.8588715344822036e-05 1140
1744819613030 4.853836360863335e-05 1150
1744819647809 4.8487156347747986e-05 1160
1744819657908 4.843509542334358e-05 1170
1744819668287 4.838218272762501e-05 1180
1744819678574 4.8328420183755617e-05 1190
1744819688891 4.827380974578731e-05 1200
1744819699057 4.8218353398589504e-05 1210
1744819709125 4.816205315777703e-05 1220
1744819719278 4.8104911069636846e-05 1230
1744819729335 4.804692921105367e-05 1240
1744819739537 4.798810968943449e-05 1250
1744819749591 4.792845464263196e-05 1260
1744819759830 4.786796623886674e-05 1270
1744819770167 4.780664667664863e-05 1280
1744819780424 4.774449818469669e-05 1290
1744819790851 4.7681523021858265e-05 1300
1744819801199 4.7617723477026824e-05 1310
1744819811492 4.755310186905883e-05 1320
1744819821661 4.74876605466894e-05 1330
1744819831739 4.7421401888447006e-05 1340
1744819842038 4.735432830256694e-05 1350
1744819877175 4.728644222690386e-05 1360
1744819887725 4.721774612884314e-05 1370
1744819898170 4.7148242505211235e-05 1380
1744819908365 4.7077933882184864e-05 1390
1744819918739 4.700682281519925e-05 1400
1744819929046 4.6934911888855226e-05 1410
1744819939095 4.686220371682527e-05 1420
1744819949272 4.678870094175855e-05 1430
1744819959357 4.6714406235184835e-05 1440
1744819969548 4.6639322297417445e-05 1450
1744819979902 4.6563451857455046e-05 1460
1744819990002 4.648679767288249e-05 1470
1744820000235 4.64093625297706e-05 1480
1744820010689 4.63311492425749e-05 1490
1744820020801 4.6252160654033314e-05 1500
1744820031019 4.6172399635062826e-05 1510
1744820041662 4.609186908465519e-05 1520
1744820052099 4.601057192977149e-05 1530
1744820062189 4.592851112523583e-05 1540
1744820096714 4.584568965362788e-05 1550
1744820106969 4.5762110525174496e-05 1560
1744820117064 4.5677776777640314e-05 1570
1744820127456 4.559269147621734e-05 1580
1744820137883 4.550685771341352e-05 1590
1744820147951 4.5420278608940364e-05 1600
1744820158173 4.533295730959956e-05 1610
1744820168533 4.5244896989168566e-05 1620
1744820178881 4.51561008482853e-05 1630
1744820189357 4.5066572114331785e-05 1640
1744820199615 4.497631404131684e-05 1650
1744820209794 4.488532990975783e-05 1660
1744820219874 4.4793623026561436e-05 1670
1744820230591 4.470119672490343e-05 1680
1744820240976 4.460805436410753e-05 1690
1744820251208 4.4514199329523374e-05 1700
1744820261282 4.441963503240338e-05 1710
1744820271493 4.4324364909778804e-05 1720
1744820281711 4.422839242433482e-05 1730
1744820316638 4.413172106428468e-05 1740
1744820326882 4.403435434324288e-05 1750
1744820337203 4.393629580009752e-05 1760
1744820347346 4.3837548998881614e-05 1770
1744820357750 4.373811752864361e-05 1780
1744820368027 4.363800500331691e-05 1790
1744820378439 4.353721506158852e-05 1800
1744820388783 4.3435751366766805e-05 1810
1744820398896 4.333361760664834e-05 1820
1744820409326 4.323081749338388e-05 1830
1744820419739 4.312735476334342e-05 1840
1744820429976 4.302323317698043e-05 1850
1744820440382 4.291845651869512e-05 1860
1744820450550 4.281302859669695e-05 1870
1744820460858 4.270695324286619e-05 1880
1744820470956 4.260023431261464e-05 1890
1744820481152 4.249287568474551e-05 1900
1744820491256 4.238488126131246e-05 1910
1744820501345 4.2276254967477734e-05 1920
1744820510889 4.216700075136953e-05 1930
1744820546526 4.205712258393849e-05 1940
1744820556625 4.1946624458813375e-05 1950
1744820567044 4.183551039215591e-05 1960
1744820577527 4.172378442251481e-05 1970
1744820588124 4.161145061067902e-05 1980
1744820598578 4.149851303953004e-05 1990
1744820608657 4.138497581389368e-05 2000
1744820619203 4.127084306039069e-05 2010
1744820629882 4.11561189272869e-05 2020
1744820640063 4.1040807584342424e-05 2030
1744820650938 4.092491322266003e-05 2040
1744820661013 4.080844005453294e-05 2050
1744820671515 4.069139231329159e-05 2060
1744820681669 4.057377425314989e-05 2070
1744820691988 4.04555901490505e-05 2080
1744820702135 4.033684429650954e-05 2090
1744820712350 4.0217541011460394e-05 2100
1744820722504 4.009768463009686e-05 2110
1744820732612 3.997727950871562e-05 2120
1744820767191 3.9856330023557764e-05 2130
1744820777458 3.9734840570649865e-05 2140
1744820787548 3.9612815565644146e-05 2150
1744820797839 3.949025944365796e-05 2160
1744820808036 3.936717665911267e-05 2170
1744820818109 3.9243571685571654e-05 2180
1744820828603 3.9119449015577794e-05 2190
1744820838690 3.899481316049012e-05 2200
1744820848838 3.8869668650319903e-05 2210
1744820858901 3.8744020033565946e-05 2220
1744820869178 3.861787187704933e-05 2230
1744820879504 3.8491228765747375e-05 2240
1744820889559 3.8364095302627004e-05 2250
1744820899808 3.823647610847748e-05 2260
1744820909901 3.81083758217424e-05 2270
1744820920063 3.797979909835117e-05 2280
1744820930356 3.7850750611549734e-05 2290
1744820940704 3.772123505173074e-05 2300
1744820950933 3.759125712626304e-05 2310
1744820986136 3.7460821559320625e-05 2320
1744820996401 3.732993309171095e-05 2330
1744821006656 3.71985964807025e-05 2340
1744821016950 3.7066816499852065e-05 2350
1744821027131 3.693459793883105e-05 2360
1744821037310 3.680194560325157e-05 2370
1744821047524 3.6668864314491636e-05 2380
1744821057816 3.6535358909519985e-05 2390
1744821068084 3.64014342407203e-05 2400
1744821078321 3.62670951757148e-05 2410
1744821088490 3.613234659718732e-05 2420
1744821099016 3.5997193402705886e-05 2430
1744821109272 3.5861640504544674e-05 2440
1744821119370 3.572569282950548e-05 2450
1744821129552 3.5589355318738646e-05 2460
1744821139761 3.545263292756348e-05 2470
1744821149893 3.531553062528813e-05 2480
1744821160094 3.5178053395028986e-05 2490
1744821170135 3.504020623352958e-05 2500
1744821204881 3.490199415097892e-05 2510
1744821215030 3.476342217082945e-05 2520
1744821225069 3.4624495329614435e-05 2530
1744821235358 3.448521867676491e-05 2540
1744821245684 3.434559727442614e-05 2550
1744821256058 3.4205636197273684e-05 2560
1744821266578 3.406534053232886e-05 2570
1744821276725 3.392471537877393e-05 2580
1744821286894 3.378376584776676e-05 2590
1744821297027 3.3642497062255e-05 2600
1744821307281 3.350091415678992e-05 2610
1744821317804 3.3359022277339794e-05 2620
1744821327957 3.3216826581102855e-05 2630
1744821338140 3.307433223631984e-05 2640
1744821348358 3.293154442208618e-05 2650
1744821358615 3.278846832816371e-05 2660
1744821369146 3.2645109154792095e-05 2670
1744821379326 3.250147211249979e-05 2680
1744821389547 3.235756242191466e-05 2690
1744821399915 3.221338531357424e-05 2700
1744821435119 3.206894602773561e-05 2710
1744821445255 3.1924249814184985e-05 2720
1744821455510 3.177930193204684e-05 2730
1744821465573 3.163410764959277e-05 2740
1744821475961 3.1488672244050066e-05 2750
1744821486488 3.134300100140985e-05 2760
1744821496721 3.1197099216235e-05 2770
1744821506936 3.105097219146763e-05 2780
1744821517155 3.090462523823647e-05 2790
1744821527638 3.075806367566372e-05 2800
1744821538142 3.0611292830671795e-05 2810
1744821548444 3.0464318037789648e-05 2820
1744821558520 3.031714463895895e-05 2830
1744821568782 3.0169777983339882e-05 2840
1744821578864 3.0022223427116724e-05 2850
1744821589394 2.9874486333303214e-05 2860
1744821599791 2.9726572071547553e-05 2870
1744821610044 2.9578486017937335e-05 2880
1744821620276 2.9430233554804045e-05 2890
1744821655593 2.928182007052751e-05 2900
1744821666037 2.913325095934004e-05 2910
1744821676271 2.898453162113032e-05 2920
1744821686322 2.8835667461247216e-05 2930
1744821696496 2.8686663890303263e-05 2940
1744821706646 2.8537526323978014e-05 2950
1744821716743 2.8388260182821248e-05 2960
1744821726984 2.8238870892055892e-05 2970
1744821737349 2.8089363881380877e-05 2980
1744821747587 2.793974458477377e-05 2990
1744821757778 2.7790018440293292e-05 3000
1744821768001 2.764019088988165e-05 3010
1744821778405 2.7490267379166733e-05 3020
1744821788770 2.7340253357264228e-05 3030
1744821799187 2.719015427657952e-05 3040
1744821809221 2.7039975592609536e-05 3050
1744821819413 2.6889722763744473e-05 3060
1744821829621 2.6739401251069384e-05 3070
1744821839714 2.658901651816572e-05 3080
1744821875043 2.6438574030912715e-05 3090
1744821886059 2.6288079257288744e-05 3100
1744821896492 2.6137537667172595e-05 3110
1744821906838 2.5986954732144625e-05 3120
1744821917189 2.5836335925287937e-05 3130
1744821927308 2.56856867209894e-05 3140
1744821937944 2.5535012594740736e-05 3150
1744821948218 2.5384319022939464e-05 3160
1744821958394 2.5233611482689872e-05 3170
1744821968464 2.508289545160395e-05 3180
1744821978723 2.49321764076023e-05 3190
1744821988961 2.478145982871501e-05 3200
1744821999045 2.46307511928826e-05 3210
1744822009363 2.448005597775687e-05 3220
1744822019546 2.4329379660501836e-05 3230
1744822029814 2.4178727717594644e-05 3240
1744822040023 2.4028105624626573e-05 3250
1744822050114 2.3877518856103924e-05 3260
1744822060409 2.372697288524912e-05 3270
1744822070285 2.357647318380176e-05 3280
1744822105491 2.3426025221819708e-05 3290
1744822115662 2.327563446748035e-05 3300
1744822125792 2.3125306386881777e-05 3310
1744822135880 2.2975046443844138e-05 3320
1744822146072 2.2824860099711068e-05 3330
1744822156567 2.2674752813151166e-05 3340
1744822166869 2.2524730039959637e-05 3350
1744822177058 2.2374797232859928e-05 3360
1744822187297 2.2224959841305605e-05 3370
1744822197562 2.2075223311282248e-05 3380
1744822207721 2.1925593085109528e-05 3390
1744822217817 2.1776074601243426e-05 3400
1744822227914 2.162667329407851e-05 3410
1744822238317 2.147739459375045e-05 3420
1744822248699 2.132824392593867e-05 3430
1744822258866 2.117922671166909e-05 3440
1744822269105 2.103034836711719e-05 3450
1744822279236 2.0881614303411046e-05 3460
1744822289588 2.0733029926434726e-05 3470
1744822324689 2.058460063663178e-05 3480
1744822335184 2.043633182880897e-05 3490
1744822345506 2.0288228891940188e-05 3500
1744822355686 2.0140297208970583e-05 3510
1744822365850 1.99925421566209e-05 3520
1744822376165 1.98449691051921e-05 3530
1744822386395 1.969758341837011e-05 3540
1744822396560 1.9550390453030948e-05 3550
1744822406668 1.940339555904594e-05 3560
1744822417036 1.925660407908736e-05 3570
1744822427243 1.911002134843416e-05 3580
1744822437590 1.896365269477812e-05 3590
1744822447835 1.8817503438030175e-05 3600
1744822457974 1.8671578890127082e-05 3610
1744822468242 1.852588435483831e-05 3620
1744822478642 1.838042512757332e-05 3630
1744822488936 1.8235206495189048e-05 3640
1744822499149 1.809023373579781e-05 3650
1744822509245 1.794551211857541e-05 3660
1744822544610 1.7801046903569632e-05 3670
1744822555605 1.7656843341509096e-05 3680
1744822565770 1.7512906673612373e-05 3690
1744822576217 1.7369242131397536e-05 3700
1744822586481 1.7225854936491944e-05 3710
1744822596593 1.7082750300442534e-05 3720
1744822607200 1.6939933424526347e-05 3730
1744822617292 1.6797409499561497e-05 3740
1744822627842 1.665518370571854e-05 3750
1744822638306 1.6513261212332146e-05 3760
1744822648386 1.637164717771323e-05 3770
1744822658626 1.6230346748961486e-05 3780
1744822668849 1.6089365061778283e-05 3790
1744822679032 1.5948707240280043e-05 3800
1744822689117 1.5808378396811957e-05 3810
1744822699364 1.566838363176219e-05 3820
1744822709737 1.5528728033376506e-05 3830
1744822720081 1.5389416677573326e-05 3840
1744822730246 1.5250454627759231e-05 3850
1744822739663 1.5111846934644962e-05 3860
1744822775487 1.49735986360618e-05 3870
1744822785710 1.4835714756778484e-05 3880
1744822795855 1.4698200308318583e-05 3890
1744822805950 1.4561060288778344e-05 3900
1744822816121 1.4424299682645037e-05 3910
1744822826390 1.4287923460615777e-05 3920
1744822836631 1.4151936579416858e-05 3930
1744822846700 1.4016343981623612e-05 3940
1744822856938 1.3881150595480749e-05 3950
1744822867326 1.3746361334723268e-05 3960
1744822877474 1.3611981098397814e-05 3970
1744822887656 1.3478014770684644e-05 3980
1744822897917 1.3344467220720114e-05 3990
1744822908007 1.3211343302419676e-05 4000
1744822918444 1.3078647854301512e-05 4010
1744822928522 1.2946385699310614e-05 4020
1744822938769 1.2814561644643516e-05 4030
1744822948894 1.2683180481573573e-05 4040
1744822959291 1.2552246985276806e-05 4050
1744822994166 1.2421765914658378e-05 4060
1744823004422 1.2291742012179578e-05 4070
1744823014610 1.216218000368548e-05 4080
1744823024849 1.2033084598233163e-05 4090
1744823035108 1.1904460487920593e-05 4100
1744823045446 1.1776312347716034e-05 4110
1744823056054 1.1648644835288152e-05 4120
1744823066299 1.1521462590836729e-05 4130
1744823076514 1.139477023692404e-05 4140
1744823086978 1.1268572378306777e-05 4150
1744823097479 1.1142873601768732e-05 4160
1744823107602 1.1017678475954069e-05 4170
1744823117938 1.0892991551201297e-05 4180
1744823128066 1.0768817359377847e-05 4190
1744823138709 1.0645160413715366e-05 4200
1744823148991 1.0522025208645708e-05 4210
1744823159072 1.0399416219637549e-05 4220
1744823169621 1.0277337903033716e-05 4230
1744823180272 1.0155794695889256e-05 4240
1744823215590 1.0034791015810117e-05 4250
1744823225814 9.914331260792645e-06 4260
1744823236084 9.794419809063676e-06 4270
1744823246163 9.675061018921434e-06 4280
1744823256860 9.556259228577121e-06 4290
1744823267526 9.438018755997239e-06 4300
1744823277831 9.320343898746664e-06 4310
1744823287922 9.203238933832422e-06 4320
1744823298099 9.086708117548245e-06 4330
1744823308270 8.970755685319881e-06 4340
1744823318690 8.855385851551135e-06 4350
1744823329062 8.740602809470735e-06 4360
1744823339381 8.62641073097987e-06 4370
1744823349639 8.512813766500583e-06 4380
1744823359927 8.399816044824927e-06 4390
1744823370136 8.287421672964887e-06 4400
1744823381006 8.175634736003131e-06 4410
1744823391128 8.064459296944496e-06 4420
1744823401345 7.953899396568338e-06 4430
1744823435944 7.843959053281663e-06 4440
1744823446538 7.734642262973068e-06 4450
1744823457222 7.625952998867528e-06 4460
1744823467399 7.517895211381948e-06 4470
1744823477494 7.410472827981612e-06 4480
1744823487585 7.303689753037421e-06 4490
1744823497985 7.197549867683987e-06 4500
1744823508290 7.092057029678584e-06 4510
1744823518908 6.987215073260911e-06 4520
1744823529003 6.883027809013743e-06 4530
1744823539276 6.779499023724434e-06 4540
1744823549383 6.676632480247272e-06 4550
1744823559569 6.574431917366747e-06 4560
1744823569886 6.472901049661614e-06 4570
1744823580234 6.372043567369912e-06 4580
1744823590427 6.271863136254838e-06 4590
1744823600512 6.1723633974714895e-06 4600
1744823610824 6.073547967434573e-06 4610
1744823620921 5.975420437686896e-06 4620
1744823631113 5.877984374768877e-06 4630
1744823665865 5.7812433200889e-06 4640
1744823675956 5.685200789794584e-06 4650
1744823686199 5.589860274645031e-06 4660
1744823696383 5.495225239883897e-06 4670
1744823706642 5.401299125113471e-06 4680
1744823716841 5.308085344169661e-06 4690
1744823726901 5.2155872849979e-06 4700
1744823737181 5.123808309530037e-06 4710
1744823747345 5.032751753562109e-06 4720
1744823757598 4.9424209266331175e-06 4730
1744823767803 4.852819111904744e-06 4740
1744823778054 4.763949566041992e-06 4750
1744823788214 4.675815519094876e-06 4760
1744823798405 4.588420174380959e-06 4770
1744823808672 4.501766708368968e-06 4780
1744823818863 4.415858270563317e-06 4790
1744823829165 4.330697983389659e-06 4800
1744823839374 4.246288942081364e-06 4810
1744823849612 4.162634214567074e-06 4820
1744823884983 4.079736841359139e-06 4830
1744823895204 3.99759983544313e-06 4840
1744823905569 3.916226182168337e-06 4850
1744823915685 3.835618839139265e-06 4860
1744823925943 3.7557807361081167e-06 4870
1744823936118 3.676714774868317e-06 4880
1744823946299 3.5984238291490503e-06 4890
1744823956508 3.5209107445108194e-06 4900
1744823966872 3.444178338242002e-06 4910
1744823977331 3.368229399256459e-06 4920
1744823987867 3.2930666879921664e-06 4930
1744823998091 3.218692936310913e-06 4940
1744824008207 3.1451108473989604e-06 4950
1744824018394 3.07232309566883e-06 4960
1744824028931 3.0003323266620783e-06 4970
1744824038999 2.9291411569531664e-06 4980
1744824049200 2.8587521740543245e-06 4990
1744824059302 2.7891679363215295e-06 5000
1744824069608 2.7203909728615084e-06 5010
1744824105621 2.652423783439839e-06 5020
1744824115816 2.585268838390059e-06 5030
1744824126477 2.518928578523891e-06 5040
1744824137255 2.4534054150425477e-06 5050
1744824148054 2.388701729449061e-06 5060
1744824158631 2.32481987346177e-06 5070
1744824168882 2.261762168928791e-06 5080
1744824179149 2.1995309077436715e-06 5090
1744824189387 2.1381283517620615e-06 5100
1744824199671 2.077556732719521e-06 5110
1744824209921 2.0178182521504052e-06 5120
1744824220036 1.958915081307833e-06 5130
1744824230237 1.9008493610847832e-06 5140
1744824240332 1.843623201936276e-06 5150
1744824250642 1.7872386838026667e-06 5160
1744824260883 1.7316978560340646e-06 5170
1744824271287 1.677002737315811e-06 5180
1744824281494 1.6231553155951484e-06 5190
1744824291550 1.5701575480089353e-06 5200
1744824301534 1.5180113608125295e-06 5210
1744824336552 1.4667186493097784e-06 5220
1744824346812 1.4162812777841205e-06 5230
1744824356984 1.3667010794308293e-06 5240
1744824367290 1.3179798562903884e-06 5250
1744824377377 1.2701193791829934e-06 5260
1744824387459 1.223121387644191e-06 5270
1744824397676 1.1769875898616528e-06 5280
1744824408192 1.1317196626130817e-06 5290
1744824418408 1.0873192512052765e-06 5300
1744824428539 1.0437879694143337e-06 5310
1744824438754 1.0011273994269931e-06 5320
1744824448830 9.593390917831153e-07 5330
1744824459041 9.184245653193507e-07 5340
1744824469176 8.783853071139159e-07 5350
1744824479263 8.392227724325518e-07 5360
1744824489394 8.009383846756424e-07 5370
1744824499561 7.63533535326455e-07 5380
1744824509967 7.270095839005842e-07 5390
1744824520294 6.913678578965355e-07 5400
1744824555075 6.566096527474697e-07 5410
1744824565136 6.227362317741293e-07 5420
1744824575284 5.897488261389083e-07 5430
1744824586082 5.576486348011223e-07 5440
1744824596941 5.264368244734141e-07 5450
1744824607026 4.961145295793557e-07 5460
1744824617489 4.6668285221222184e-07 5470
1744824627660 4.381428620949202e-07 5480
1744824637826 4.1049559654112445e-07 5490
1744824648006 3.8374206041756345e-07 5500
1744824658128 3.5788322610750545e-07 5510
1744824668292 3.32920033475409e-07 5520
1744824678498 3.0885338983276666e-07 5530
1744824688591 2.8568416990512324e-07 5540
1744824698897 2.634132158002928e-07 5550
1744824708969 2.4204133697773854e-07 5560
1744824719123 2.2156931021916626e-07 5570
1744824729447 2.0199787960027972e-07 5580
1744824740425 1.8332775646374146e-07 5590
1744824775952 1.6555961939331565e-07 5600
1744824786336 1.486941141892101e-07 5610
1744824796434 1.3273185384460318e-07 5620
1744824806636 1.1767341852335079e-07 5630
1744824816715 1.035193555389169e-07 5640
1744824827025 9.027017933447845e-08 5650
1744824837196 7.792637146421256e-08 5660
1744824847281 6.648838057581597e-08 5670
1744824857452 5.595662239417932e-08 5680
1744824867550 4.6331479706282485e-08 5690
1744824878056 3.7613302347294656e-08 5700
1744824888339 2.9802407187842776e-08 5710
1744824898405 2.289907812249581e-08 5720
1744824908722 1.6903566059461863e-08 5730
1744824918853 1.1816088911451028e-08 5740
1744824929038 7.636831587762295e-09 5750
1744824939165 4.365945987563902e-09 5760
1744824949493 2.0035509943727714e-09 5770
1744824959824 5.497324717301799e-10 5780
1744824969420 4.543260082034984e-12 5790
