1744818317606 3.8556 10
1744818327857 3.8396 20
1744818337904 3.8264 30
1744818348159 3.7699 40
1744818358248 3.7116 50
1744818368725 3.631 60
1744818379083 3.5475 70
1744818389201 3.4652 80
1744818399478 3.3657 90
1744818409921 3.197 100
1744818420532 3.1891 110
1744818431055 3.0311 120
1744818441338 3.0119 130
1744818451589 2.905 140
1744818461698 2.7957 150
1744818471814 2.7475 160
1744818482166 2.7013 170
1744818492910 2.5935 180
1744818503407 2.5567 190
1744818539201 2.4544 200
1744818549399 2.3453 210
1744818559719 2.2467 220
1744818570034 2.1828 230
1744818580276 2.2203 240
1744818590534 2.0962 250
1744818600717 2.12 260
1744818611346 2.0458 270
1744818621618 1.8843 280
1744818631853 2.0551 290
1744818642204 1.9569 300
1744818652437 1.8768 310
1744818662710 1.8293 320
1744818673289 1.8449 330
1744818683486 1.7993 340
1744818693547 1.8545 350
1744818703921 1.7404 360
1744818714124 1.7393 370
1744818724172 1.8037 380
1744818758952 1.7338 390
1744818769362 1.6907 400
1744818779434 1.7027 410
1744818789647 1.7202 420
1744818799694 1.635 430
1744818809847 1.6292 440
1744818820143 1.626 450
1744818830217 1.6676 460
1744818840522 1.6754 470
1744818850605 1.6697 480
1744818860869 1.5633 490
1744818871053 1.6071 500
1744818881322 1.5732 510
1744818891508 1.6263 520
1744818901721 1.6351 530
1744818911961 1.6586 540
1744818922102 1.5499 550
1744818932393 1.646 560
1744818942580 1.6319 570
1744818977684 1.5485 580
1744818987913 1.4343 590
1744818998191 1.5145 600
1744819008412 1.5362 610
1744819019007 1.5075 620
1744819029072 1.533 630
1744819039450 1.5792 640
1744819049691 1.5096 650
1744819059851 1.5492 660
1744819070080 1.5342 670
1744819080127 1.5342 680
1744819090271 1.5408 690
1744819100355 1.5282 700
1744819110558 1.487 710
1744819120936 1.5275 720
1744819131068 1.5286 730
1744819141217 1.481 740
1744819151427 1.5105 750
1744819161606 1.4848 760
1744819171861 1.5123 770
1744819206995 1.3939 780
1744819217076 1.4501 790
1744819227453 1.3979 800
1744819237671 1.4784 810
1744819247932 1.4296 820
1744819257998 1.4761 830
1744819268061 1.4919 840
1744819278378 1.4463 850
1744819288442 1.4171 860
1744819298718 1.4548 870
1744819308891 1.4157 880
1744819319203 1.42 890
1744819329748 1.4903 900
1744819339802 1.4244 910
1744819349963 1.4249 920
1744819360009 1.4452 930
1744819370539 1.505 940
1744819380966 1.4384 950
1744819391385 1.3869 960
1744819426733 1.3493 970
1744819437274 1.4038 980
1744819447438 1.3106 990
1744819457787 1.3656 1000
1744819468477 1.3705 1010
1744819478547 1.3039 1020
1744819488947 1.321 1030
1744819499138 1.3545 1040
1744819509614 1.4162 1050
1744819519807 1.3015 1060
1744819530389 1.3566 1070
1744819540766 1.3556 1080
1744819550931 1.3485 1090
1744819561524 1.3159 1100
1744819571645 1.346 1110
1744819581981 1.4541 1120
1744819592466 1.3711 1130
1744819602732 1.4035 1140
1744819613030 1.3664 1150
1744819647809 1.3071 1160
1744819657908 1.3506 1170
1744819668287 1.2886 1180
1744819678574 1.2949 1190
1744819688891 1.3103 1200
1744819699057 1.2637 1210
1744819709125 1.2874 1220
1744819719278 1.3117 1230
1744819729335 1.3207 1240
1744819739537 1.2658 1250
1744819749591 1.3205 1260
1744819759830 1.3056 1270
1744819770167 1.2827 1280
1744819780424 1.335 1290
1744819790851 1.2961 1300
1744819801199 1.3118 1310
1744819811492 1.2885 1320
1744819821661 1.3336 1330
1744819831739 1.2908 1340
1744819842038 1.2858 1350
1744819877175 1.3035 1360
1744819887725 1.2229 1370
1744819898170 1.2193 1380
1744819908365 1.2695 1390
1744819918739 1.2719 1400
1744819929046 1.2398 1410
1744819939095 1.2798 1420
1744819949272 1.268 1430
1744819959357 1.319 1440
1744819969548 1.316 1450
1744819979902 1.2662 1460
1744819990002 1.3192 1470
1744820000235 1.2282 1480
1744820010689 1.2391 1490
1744820020801 1.2605 1500
1744820031019 1.2464 1510
1744820041662 1.2161 1520
1744820052099 1.2655 1530
1744820062189 1.3308 1540
1744820096714 1.1957 1550
1744820106969 1.2489 1560
1744820117064 1.2492 1570
1744820127456 1.2575 1580
1744820137883 1.2333 1590
1744820147951 1.2305 1600
1744820158173 1.2294 1610
1744820168533 1.2313 1620
1744820178881 1.2356 1630
1744820189357 1.3162 1640
1744820199615 1.2209 1650
1744820209794 1.2433 1660
1744820219874 1.2544 1670
1744820230591 1.1911 1680
1744820240976 1.1866 1690
1744820251208 1.2454 1700
1744820261282 1.1901 1710
1744820271493 1.2194 1720
1744820281711 1.1914 1730
1744820316638 1.213 1740
1744820326882 1.2284 1750
1744820337203 1.1635 1760
1744820347346 1.1021 1770
1744820357750 1.1621 1780
1744820368027 1.1918 1790
1744820378439 1.2156 1800
1744820388783 1.2349 1810
1744820398896 1.2069 1820
1744820409326 1.1793 1830
1744820419739 1.1664 1840
1744820429976 1.165 1850
1744820440382 1.2003 1860
1744820450550 1.1784 1870
1744820460858 1.1685 1880
1744820470956 1.1598 1890
1744820481152 1.179 1900
1744820491256 1.1904 1910
1744820501345 1.1374 1920
1744820510889 1.2261 1930
1744820546526 1.1461 1940
1744820556625 1.0732 1950
1744820567044 1.1358 1960
1744820577527 1.1439 1970
1744820588124 1.1397 1980
1744820598578 1.1966 1990
1744820608657 1.1653 2000
1744820619203 1.1282 2010
1744820629882 1.1846 2020
1744820640063 1.1784 2030
1744820650938 1.1482 2040
1744820661013 1.1491 2050
1744820671515 1.1601 2060
1744820681669 1.1293 2070
1744820691988 1.1562 2080
1744820702135 1.1546 2090
1744820712350 1.1046 2100
1744820722504 1.1615 2110
1744820732612 1.1308 2120
1744820767191 1.1586 2130
1744820777458 1.1011 2140
1744820787548 1.0885 2150
1744820797839 1.1538 2160
1744820808036 1.1341 2170
1744820818109 1.0763 2180
1744820828603 1.1276 2190
1744820838690 1.0941 2200
1744820848838 1.1064 2210
1744820858901 1.1508 2220
1744820869178 1.1626 2230
1744820879504 1.1134 2240
1744820889559 1.1173 2250
1744820899808 1.0943 2260
1744820909901 1.0993 2270
1744820920063 1.1439 2280
1744820930356 1.126 2290
1744820940704 1.1325 2300
1744820950933 1.0864 2310
1744820986136 1.0646 2320
1744820996401 1.1032 2330
1744821006656 1.1343 2340
1744821016950 1.0532 2350
1744821027131 1.1114 2360
1744821037310 1.0586 2370
1744821047524 1.0816 2380
1744821057816 1.0448 2390
1744821068084 1.1101 2400
1744821078321 1.0433 2410
1744821088490 1.0552 2420
1744821099016 1.1291 2430
1744821109272 1.0762 2440
1744821119370 1.0929 2450
1744821129552 1.0938 2460
1744821139761 1.1108 2470
1744821149893 1.121 2480
1744821160094 1.1048 2490
1744821170135 1.1405 2500
1744821204881 1.092 2510
1744821215030 1.0918 2520
1744821225069 1.0762 2530
1744821235358 1.0689 2540
1744821245684 1.0237 2550
1744821256058 1.0414 2560
1744821266578 1.0992 2570
1744821276725 1.0557 2580
1744821286894 1.0221 2590
1744821297027 1.0612 2600
1744821307281 1.1016 2610
1744821317804 1.0242 2620
1744821327957 1.0823 2630
1744821338140 1.0404 2640
1744821348358 1.1154 2650
1744821358615 1.1058 2660
1744821369146 1.0944 2670
1744821379326 1.059 2680
1744821389547 1.0585 2690
1744821399915 1.1088 2700
1744821435119 1.0515 2710
1744821445255 1.1005 2720
1744821455510 1.0475 2730
1744821465573 1.0225 2740
1744821475961 1.0443 2750
1744821486488 1.002 2760
1744821496721 1.0079 2770
1744821506936 1.0693 2780
1744821517155 1.0614 2790
1744821527638 1.0778 2800
1744821538142 1.0541 2810
1744821548444 1.0681 2820
1744821558520 1.0659 2830
1744821568782 1.0411 2840
1744821578864 1.0806 2850
1744821589394 1.0969 2860
1744821599791 1.0642 2870
1744821610044 0.9905 2880
1744821620276 1.0106 2890
1744821655593 1.0186 2900
1744821666037 1.0372 2910
1744821676271 1.0779 2920
1744821686322 1.0563 2930
1744821696496 1.032 2940
1744821706646 1.1059 2950
1744821716743 1.0722 2960
1744821726984 1.0214 2970
1744821737349 1.0218 2980
1744821747587 1.051 2990
1744821757778 1.0048 3000
1744821768001 0.9959 3010
1744821778405 1.0516 3020
1744821788770 1.0456 3030
1744821799187 1.0197 3040
1744821809221 1.0461 3050
1744821819413 1.0229 3060
1744821829621 1.021 3070
1744821839714 1.0452 3080
1744821875043 1.0024 3090
1744821886059 1.0337 3100
1744821896492 1.0016 3110
1744821906838 1.0337 3120
1744821917189 1.0292 3130
1744821927308 0.9837 3140
1744821937944 0.9916 3150
1744821948218 1.0225 3160
1744821958394 1.0293 3170
1744821968464 0.9971 3180
1744821978723 0.9804 3190
1744821988961 1.0188 3200
1744821999045 1.0147 3210
1744822009363 0.9914 3220
1744822019546 1.0092 3230
1744822029814 1.0432 3240
1744822040023 0.9921 3250
1744822050114 1.0487 3260
1744822060409 0.999 3270
1744822070285 1.0383 3280
1744822105491 1.0116 3290
1744822115662 0.9881 3300
1744822125792 0.9713 3310
1744822135880 1.0244 3320
1744822146072 0.9974 3330
1744822156567 0.9769 3340
1744822166869 1.0634 3350
1744822177058 1.0262 3360
1744822187297 1.0038 3370
1744822197562 0.9894 3380
1744822207721 1.0436 3390
1744822217817 1.0051 3400
1744822227914 1.0329 3410
1744822238317 0.9993 3420
1744822248699 0.9869 3430
1744822258866 0.9869 3440
1744822269105 0.9923 3450
1744822279236 1.014 3460
1744822289588 0.9963 3470
1744822324689 0.9599 3480
1744822335184 0.9759 3490
1744822345506 0.9426 3500
1744822355686 0.9751 3510
1744822365850 0.9909 3520
1744822376165 1.0451 3530
1744822386395 0.9488 3540
1744822396560 1.006 3550
1744822406668 0.9874 3560
1744822417036 0.9739 3570
1744822427243 0.9968 3580
1744822437590 0.9909 3590
1744822447835 1.0052 3600
1744822457974 0.9639 3610
1744822468242 0.9661 3620
1744822478642 1.0145 3630
1744822488936 1.0054 3640
1744822499149 0.9767 3650
1744822509245 0.998 3660
1744822544610 0.9851 3670
1744822555605 1.0149 3680
1744822565770 1.0029 3690
1744822576217 0.9835 3700
1744822586481 0.9849 3710
1744822596593 0.963 3720
1744822607200 0.9719 3730
1744822617292 0.9529 3740
1744822627842 0.9369 3750
1744822638306 0.9824 3760
1744822648386 0.9618 3770
1744822658626 0.9685 3780
1744822668849 0.9624 3790
1744822679032 0.9659 3800
1744822689117 0.9514 3810
1744822699364 0.9984 3820
1744822709737 0.9793 3830
1744822720081 0.9898 3840
1744822730246 0.9785 3850
1744822739663 1.0074 3860
1744822775487 0.9551 3870
1744822785710 0.9842 3880
1744822795855 0.9778 3890
1744822805950 1.0015 3900
1744822816121 1.0036 3910
1744822826390 0.9339 3920
1744822836631 0.933 3930
1744822846700 0.9537 3940
1744822856938 0.9735 3950
1744822867326 0.9502 3960
1744822877474 0.9727 3970
1744822887656 0.9419 3980
1744822897917 0.9751 3990
1744822908007 0.9441 4000
1744822918444 0.9384 4010
1744822928522 0.9877 4020
1744822938769 0.9556 4030
1744822948894 0.9515 4040
1744822959291 0.9878 4050
1744822994166 0.9959 4060
1744823004422 0.9299 4070
1744823014610 0.9712 4080
1744823024849 0.927 4090
1744823035108 0.9426 4100
1744823045446 0.9496 4110
1744823056054 0.9667 4120
1744823066299 0.9626 4130
1744823076514 0.9233 4140
1744823086978 0.9173 4150
1744823097479 0.9811 4160
1744823107602 0.9113 4170
1744823117938 0.9311 4180
1744823128066 0.9372 4190
1744823138709 0.9 4200
1744823148991 0.9469 4210
1744823159072 0.988 4220
1744823169621 0.9682 4230
1744823180272 0.9517 4240
1744823215590 0.9546 4250
1744823225814 0.9673 4260
1744823236084 0.9778 4270
1744823246163 0.9245 4280
1744823256860 0.9464 4290
1744823267526 0.9622 4300
1744823277831 0.9859 4310
1744823287922 0.9763 4320
1744823298099 0.9334 4330
1744823308270 0.9592 4340
1744823318690 0.9446 4350
1744823329062 0.9305 4360
1744823339381 0.9357 4370
1744823349639 0.9621 4380
1744823359927 0.9278 4390
1744823370136 0.9372 4400
1744823381006 0.9299 4410
1744823391128 0.9416 4420
1744823401345 0.9231 4430
1744823435944 1.0048 4440
1744823446538 0.9377 4450
1744823457222 0.9385 4460
1744823467399 0.9199 4470
1744823477494 0.974 4480
1744823487585 0.8935 4490
1744823497985 0.9517 4500
1744823508290 0.9724 4510
1744823518908 0.9084 4520
1744823529003 0.9429 4530
1744823539276 0.9142 4540
1744823549383 0.9693 4550
1744823559569 0.9001 4560
1744823569886 0.9024 4570
1744823580234 0.9723 4580
1744823590427 0.9605 4590
1744823600512 0.9311 4600
1744823610824 0.9873 4610
1744823620921 0.9263 4620
1744823631113 0.9277 4630
1744823665865 0.9218 4640
1744823675956 0.8935 4650
1744823686199 0.9083 4660
1744823696383 0.9181 4670
1744823706642 0.9354 4680
1744823716841 0.9251 4690
1744823726901 0.9369 4700
1744823737181 0.937 4710
1744823747345 0.9116 4720
1744823757598 0.9496 4730
1744823767803 0.9448 4740
1744823778054 0.9343 4750
1744823788214 0.9302 4760
1744823798405 0.9749 4770
1744823808672 0.8996 4780
1744823818863 0.8768 4790
1744823829165 0.9147 4800
1744823839374 0.9512 4810
1744823849612 0.9208 4820
1744823884983 0.9354 4830
1744823895204 0.9434 4840
1744823905569 0.9229 4850
1744823915685 0.9543 4860
1744823925943 0.9515 4870
1744823936118 0.9211 4880
1744823946299 0.9027 4890
1744823956508 0.9453 4900
1744823966872 0.9681 4910
1744823977331 0.8961 4920
1744823987867 0.879 4930
1744823998091 0.9122 4940
1744824008207 0.927 4950
1744824018394 0.8975 4960
1744824028931 0.9134 4970
1744824038999 0.955 4980
1744824049200 0.9663 4990
1744824059302 0.9101 5000
1744824069608 0.9409 5010
1744824105621 0.9329 5020
1744824115816 0.9179 5030
1744824126477 0.9234 5040
1744824137255 0.9095 5050
1744824148054 0.9546 5060
1744824158631 0.9219 5070
1744824168882 0.9189 5080
1744824179149 0.883 5090
1744824189387 0.95 5100
1744824199671 0.8996 5110
1744824209921 0.8947 5120
1744824220036 0.9313 5130
1744824230237 0.8942 5140
1744824240332 0.9093 5150
1744824250642 0.9528 5160
1744824260883 0.9072 5170
1744824271287 0.9074 5180
1744824281494 0.9407 5190
1744824291550 0.9521 5200
1744824301534 0.961 5210
1744824336552 0.9448 5220
1744824346812 0.9357 5230
1744824356984 0.9142 5240
1744824367290 0.9187 5250
1744824377377 0.91 5260
1744824387459 0.9439 5270
1744824397676 0.9028 5280
1744824408192 0.9091 5290
1744824418408 0.9231 5300
1744824428539 0.917 5310
1744824438754 0.8949 5320
1744824448830 0.901 5330
1744824459041 0.9382 5340
1744824469176 0.9257 5350
1744824479263 0.9621 5360
1744824489394 0.9053 5370
1744824499561 0.9562 5380
1744824509967 0.9586 5390
1744824520294 0.93 5400
1744824555075 0.935 5410
1744824565136 0.9642 5420
1744824575284 0.9228 5430
1744824586082 0.9491 5440
1744824596941 0.9533 5450
1744824607026 0.9041 5460
1744824617489 0.8938 5470
1744824627660 0.9357 5480
1744824637826 0.9262 5490
1744824648006 0.9509 5500
1744824658128 0.9638 5510
1744824668292 0.9152 5520
1744824678498 0.9243 5530
1744824688591 0.9167 5540
1744824698897 0.9517 5550
1744824708969 0.9228 5560
1744824719123 0.9304 5570
1744824729447 0.9424 5580
1744824740425 0.943 5590
1744824775952 0.885 5600
1744824786336 0.9272 5610
1744824796434 0.8968 5620
1744824806636 0.8738 5630
1744824816715 0.9191 5640
1744824827025 0.9446 5650
1744824837196 0.9277 5660
1744824847281 0.9511 5670
1744824857452 0.9248 5680
1744824867550 0.902 5690
1744824878056 0.9299 5700
1744824888339 0.9392 5710
1744824898405 0.8886 5720
1744824908722 0.9154 5730
1744824918853 0.9358 5740
1744824929038 0.9447 5750
1744824939165 0.9526 5760
1744824949493 0.8997 5770
1744824959824 0.9553 5780
1744824969420 0.9435 5790
