1744593807935 0.2631578947368421 10
1744593816813 0.5263157894736842 20
1744593824937 0.7894736842105263 30
1744593839860 1.0 38
1744593843694 1.0526315789473684 40
1744593852131 1.3157894736842106 50
1744593860752 1.5789473684210527 60
1744593868796 1.8421052631578947 70
1744593879849 2.0 76
1744593885198 2.1052631578947367 80
1744593893626 2.3684210526315788 90
1744593902180 2.6315789473684212 100
1744593910376 2.8947368421052633 110
1744593919960 3.0 114
1744593927066 3.1578947368421053 120
1744593935356 3.4210526315789473 130
1744593943441 3.6842105263157894 140
1744593951827 3.9473684210526314 150
1744593959483 4.0 152
1744593968144 4.2105263157894735 160
1744593976450 4.473684210526316 170
1744593984653 4.7368421052631575 180
1744593992131 5.0 190
1744593999501 5.0 190
1744594010456 5.2631578947368425 200
1744594019437 5.526315789473684 210
1744594028174 5.7894736842105265 220
1744594041187 6.0 228
1744594044881 6.052631578947368 230
1744594053262 6.315789473684211 240
1744594061451 6.578947368421053 250
1744594069839 6.842105263157895 260
1744594080946 7.0 266
1744594086254 7.105263157894737 270
1744594094772 7.368421052631579 280
1744594103060 7.631578947368421 290
1744594111448 7.894736842105263 300
1744594120975 8.0 304
1744594128034 8.157894736842104 310
1744594136322 8.421052631578947 320
1744594144687 8.68421052631579 330
1744594153096 8.947368421052632 340
1744594161279 9.0 342
1744594170109 9.210526315789474 350
1744594178593 9.473684210526315 360
1744594187018 9.736842105263158 370
1744594194452 10.0 380
1744594201331 10.0 380
1744594212435 10.263157894736842 390
1744594220578 10.526315789473685 400
1744594228957 10.789473684210526 410
1744594241576 11.0 418
1744594245247 11.052631578947368 420
1744594253929 11.31578947368421 430
1744594262090 11.578947368421053 440
1744594270512 11.842105263157894 450
1744594281752 12.0 456
1744594287268 12.105263157894736 460
1744594295719 12.368421052631579 470
1744594303862 12.631578947368421 480
1744594312451 12.894736842105264 490
1744594321680 13.0 494
1744594328938 13.157894736842104 500
1744594337100 13.421052631578947 510
1744594345493 13.68421052631579 520
1744594353889 13.947368421052632 530
1744594361437 14.0 532
1744594370209 14.210526315789474 540
1744594378287 14.473684210526315 550
1744594386672 14.736842105263158 560
1744594394237 15.0 570
1744594401227 15.0 570
1744594411855 15.263157894736842 580
1744594419928 15.526315789473685 590
1744594428220 15.789473684210526 600
1744594440884 16.0 608
1744594444568 16.05263157894737 610
1744594452833 16.31578947368421 620
1744594461268 16.57894736842105 630
1744594469617 16.842105263157894 640
1744594480964 17.0 646
1744594486396 17.105263157894736 650
1744594494726 17.36842105263158 660
1744594503168 17.63157894736842 670
1744594511397 17.894736842105264 680
1744594520782 18.0 684
1744594528250 18.157894736842106 690
1744594536443 18.42105263157895 700
1744594544844 18.68421052631579 710
1744594553115 18.94736842105263 720
1744594560972 19.0 722
1744594569672 19.210526315789473 730
1744594577825 19.473684210526315 740
1744594586219 19.736842105263158 750
1744594593540 20.0 760
1744594600495 20.0 760
1744594602222 20.0 760
1744594602784 20.0 0
1744594609569 20.0 760
