1744593807935 1.0212998390197754 10
1744593816813 1.0778427124023438 20
1744593824937 1.0948148965835571 30
1744593843694 1.2411561012268066 40
1744593852131 1.1680964231491089 50
1744593860752 1.3393909931182861 60
1744593868796 1.270466923713684 70
1744593885198 1.2808514833450317 80
1744593893626 1.2584142684936523 90
1744593902180 1.4330189228057861 100
1744593910376 1.4536763429641724 110
1744593927066 1.5062775611877441 120
1744593935356 1.3539692163467407 130
1744593943441 1.3747801780700684 140
1744593951827 1.7652357816696167 150
1744593968144 1.6505721807479858 160
1744593976450 1.899493932723999 170
1744593984653 1.570155382156372 180
1744593992131 3.6970772743225098 190
1744594010456 1.7337359189987183 200
1744594019437 1.7100642919540405 210
1744594028174 1.9559049606323242 220
1744594044881 1.7618435621261597 230
1744594053262 2.0733823776245117 240
1744594061451 2.4244325160980225 250
1744594069839 2.258847951889038 260
1744594086254 1.7066606283187866 270
1744594094772 2.6285994052886963 280
1744594103060 1.8033117055892944 290
1744594111448 1.9933005571365356 300
1744594128034 1.8781993389129639 310
1744594136322 2.369544744491577 320
1744594144687 1.9802517890930176 330
1744594153096 1.9147578477859497 340
1744594170109 2.54001784324646 350
1744594178593 2.2766778469085693 360
1744594187018 2.9195940494537354 370
1744594194452 4.751819133758545 380
1744594212435 2.224769353866577 390
1744594220578 2.010739326477051 400
1744594228957 3.2577857971191406 410
1744594245247 2.340522050857544 420
1744594253929 2.49467134475708 430
1744594262090 2.490074872970581 440
1744594270512 2.5141923427581787 450
1744594287268 2.447592258453369 460
1744594295719 2.078122615814209 470
1744594303862 2.3857064247131348 480
1744594312451 2.3793087005615234 490
1744594328938 3.0377652645111084 500
1744594337100 2.7872719764709473 510
1744594345493 2.4209511280059814 520
1744594353889 2.6815078258514404 530
1744594370209 2.097595453262329 540
1744594378287 2.3518974781036377 550
1744594386672 2.7282488346099854 560
1744594394237 4.623393535614014 570
1744594411855 2.825100898742676 580
1744594419928 2.868643045425415 590
1744594428220 2.0074942111968994 600
1744594444568 2.5254454612731934 610
1744594452833 2.755460500717163 620
1744594461268 3.003560781478882 630
1744594469617 3.0923008918762207 640
1744594486396 3.279243230819702 650
1744594494726 2.6068308353424072 660
1744594503168 2.800149917602539 670
1744594511397 3.0707929134368896 680
1744594528250 2.4863483905792236 690
1744594536443 2.2046995162963867 700
1744594544844 2.6332247257232666 710
1744594553115 2.973759889602661 720
1744594569672 2.0600013732910156 730
1744594577825 3.2065024375915527 740
1744594586219 2.947134017944336 750
1744594593540 1.7272539138793945 760
