1744593807935 2.9644736842105265e-05 10
1744593816813 2.925e-05 20
1744593824937 2.8855263157894738e-05 30
1744593843694 2.8460526315789476e-05 40
1744593852131 2.806578947368421e-05 50
1744593860752 2.767105263157895e-05 60
1744593868796 2.7276315789473683e-05 70
1744593885198 2.688157894736842e-05 80
1744593893626 2.648684210526316e-05 90
1744593902180 2.6092105263157894e-05 100
1744593910376 2.5697368421052632e-05 110
1744593927066 2.530263157894737e-05 120
1744593935356 2.4907894736842105e-05 130
1744593943441 2.4513157894736843e-05 140
1744593951827 2.4118421052631578e-05 150
1744593968144 2.3723684210526316e-05 160
1744593976450 2.3328947368421054e-05 170
1744593984653 2.293421052631579e-05 180
1744593992131 2.2539473684210524e-05 190
1744594010456 2.2144736842105265e-05 200
1744594019437 2.175e-05 210
1744594028174 2.1355263157894738e-05 220
1744594044881 2.0960526315789473e-05 230
1744594053262 2.056578947368421e-05 240
1744594061451 2.017105263157895e-05 250
1744594069839 1.9776315789473684e-05 260
1744594086254 1.938157894736842e-05 270
1744594094772 1.898684210526316e-05 280
1744594103060 1.8592105263157895e-05 290
1744594111448 1.8197368421052633e-05 300
1744594128034 1.7802631578947368e-05 310
1744594136322 1.7407894736842106e-05 320
1744594144687 1.7013157894736844e-05 330
1744594153096 1.661842105263158e-05 340
1744594170109 1.6223684210526314e-05 350
1744594178593 1.5828947368421055e-05 360
1744594187018 1.543421052631579e-05 370
1744594194452 1.5039473684210525e-05 380
1744594212435 1.4644736842105264e-05 390
1744594220578 1.4249999999999999e-05 400
1744594228957 1.3855263157894737e-05 410
1744594245247 1.3460526315789474e-05 420
1744594253929 1.3065789473684212e-05 430
1744594262090 1.2671052631578947e-05 440
1744594270512 1.2276315789473685e-05 450
1744594287268 1.1881578947368421e-05 460
1744594295719 1.148684210526316e-05 470
1744594303862 1.1092105263157894e-05 480
1744594312451 1.0697368421052632e-05 490
1744594328938 1.0302631578947368e-05 500
1744594337100 9.907894736842107e-06 510
1744594345493 9.513157894736841e-06 520
1744594353889 9.11842105263158e-06 530
1744594370209 8.723684210526316e-06 540
1744594378287 8.328947368421052e-06 550
1744594386672 7.934210526315789e-06 560
1744594394237 7.539473684210527e-06 570
1744594411855 7.144736842105263e-06 580
1744594419928 6.750000000000001e-06 590
1744594428220 6.355263157894737e-06 600
1744594444568 5.960526315789474e-06 610
1744594452833 5.565789473684211e-06 620
1744594461268 5.171052631578948e-06 630
1744594469617 4.7763157894736844e-06 640
1744594486396 4.381578947368422e-06 650
1744594494726 3.986842105263158e-06 660
1744594503168 3.5921052631578946e-06 670
1744594511397 3.1973684210526314e-06 680
1744594528250 2.8026315789473683e-06 690
1744594536443 2.407894736842105e-06 700
1744594544844 2.013157894736842e-06 710
1744594553115 1.618421052631579e-06 720
1744594569672 1.223684210526316e-06 730
1744594577825 8.289473684210527e-07 740
1744594586219 4.3421052631578947e-07 750
1744594593540 3.947368421052632e-08 760
