1744593807935 2.6757 10
1744593816813 2.5795 20
1744593824937 2.4965 30
1744593843694 2.3841 40
1744593852131 2.28 50
1744593860752 2.1922 60
1744593868796 2.1314 70
1744593885198 1.9978 80
1744593893626 1.9603 90
1744593902180 1.8796 100
1744593910376 1.8119 110
1744593927066 1.7534 120
1744593935356 1.687 130
1744593943441 1.6183 140
1744593951827 1.6158 150
1744593968144 1.5141 160
1744593976450 1.5002 170
1744593984653 1.4413 180
1744593992131 1.3705 190
1744594010456 1.3423 200
1744594019437 1.3314 210
1744594028174 1.3231 220
1744594044881 1.2919 230
1744594053262 1.2443 240
1744594061451 1.2355 250
1744594069839 1.1606 260
1744594086254 1.1418 270
1744594094772 1.1206 280
1744594103060 1.136 290
1744594111448 1.0871 300
1744594128034 1.0428 310
1744594136322 1.0602 320
1744594144687 1.0057 330
1744594153096 1.0388 340
1744594170109 0.985 350
1744594178593 0.9511 360
1744594187018 1.0108 370
1744594194452 0.9319 380
1744594212435 0.947 390
1744594220578 0.9033 400
1744594228957 0.9217 410
1744594245247 0.9145 420
1744594253929 0.8971 430
1744594262090 0.8968 440
1744594270512 0.8293 450
1744594287268 0.8534 460
1744594295719 0.8224 470
1744594303862 0.8449 480
1744594312451 0.8268 490
1744594328938 0.84 500
1744594337100 0.809 510
1744594345493 0.8497 520
1744594353889 0.7749 530
1744594370209 0.7926 540
1744594378287 0.7554 550
1744594386672 0.7894 560
1744594394237 0.7581 570
1744594411855 0.7629 580
1744594419928 0.7902 590
1744594428220 0.7568 600
1744594444568 0.7068 610
1744594452833 0.7509 620
1744594461268 0.7357 630
1744594469617 0.7572 640
1744594486396 0.7439 650
1744594494726 0.7393 660
1744594503168 0.7314 670
1744594511397 0.7127 680
1744594528250 0.6949 690
1744594536443 0.6801 700
1744594544844 0.737 710
1744594553115 0.7443 720
1744594569672 0.6759 730
1744594577825 0.7277 740
1744594586219 0.7062 750
1744594593540 0.6691 760
