1744590460249 0.5263157894736842 10
1744590478619 1.0 19
1744590482261 1.0526315789473684 20
1744590495504 1.5789473684210527 30
1744590511173 2.0 38
1744590516181 2.1052631578947367 40
1744590529329 2.6315789473684212 50
1744590543551 3.0 57
1744590549895 3.1578947368421053 60
1744590562935 3.6842105263157894 70
1744590575744 4.0 76
1744590583524 4.2105263157894735 80
1744590596463 4.7368421052631575 90
1744590607736 5.0 95
1744590616665 5.2631578947368425 100
1744590629717 5.7894736842105265 110
1744590639972 6.0 114
1744590650339 6.315789473684211 120
1744590663457 6.842105263157895 130
1744590672377 7.0 133
1744590684157 7.368421052631579 140
1744590697645 7.894736842105263 150
1744590705159 8.0 152
1744590718043 8.421052631578947 160
1744590730856 8.947368421052632 170
1744590737166 9.0 171
1744590751310 9.473684210526315 180
1744590763004 10.0 190
1744590769198 10.0 190
1744590784962 10.526315789473685 200
1744590801482 11.0 209
1744590805256 11.052631578947368 210
1744590818387 11.578947368421053 220
1744590833838 12.0 228
1744590838976 12.105263157894736 230
1744590852047 12.631578947368421 240
1744590866371 13.0 247
1744590872831 13.157894736842104 250
1744590886386 13.68421052631579 260
1744590899174 14.0 266
1744590906869 14.210526315789474 270
1744590919743 14.736842105263158 280
1744590931075 15.0 285
1744590940072 15.263157894736842 290
1744590953379 15.789473684210526 300
1744590963540 16.0 304
1744590973879 16.31578947368421 310
1744590986954 16.842105263157894 320
1744590995671 17.0 323
1744591007181 17.36842105263158 330
1744591020303 17.894736842105264 340
1744591027754 18.0 342
1744591040507 18.42105263157895 350
1744591053285 18.94736842105263 360
1744591059708 19.0 361
1744591074108 19.473684210526315 370
1744591085893 20.0 380
1744591092044 20.0 380
1744591093827 20.0 380
1744591094315 20.0 0
1744591100293 20.0 380
