1744590460249 0.8230892419815063 10
1744590482261 0.8567766547203064 20
1744590495504 0.91429603099823 30
1744590516181 0.9587713479995728 40
1744590529329 0.9264848232269287 50
1744590549895 1.0184087753295898 60
1744590562935 1.0462249517440796 70
1744590583524 0.9904343485832214 80
1744590596463 1.0021471977233887 90
1744590616665 1.0713616609573364 100
1744590629717 1.1876230239868164 110
1744590650339 1.1586713790893555 120
1744590663457 1.275467038154602 130
1744590684157 1.1012603044509888 140
1744590697645 1.2347543239593506 150
1744590718043 1.2665992975234985 160
1744590730856 1.4556289911270142 170
1744590751310 1.4022843837738037 180
1744590763004 1.714651107788086 190
1744590784962 1.4869215488433838 200
1744590805256 1.257308006286621 210
1744590818387 1.4935177564620972 220
1744590838976 1.4086034297943115 230
1744590852047 1.2599345445632935 240
1744590872831 1.5070321559906006 250
1744590886386 1.3959324359893799 260
1744590906869 1.6876016855239868 270
1744590919743 1.543784499168396 280
1744590940072 1.380537748336792 290
1744590953379 1.6938821077346802 300
1744590973879 1.3647855520248413 310
1744590986954 1.7316110134124756 320
1744591007181 1.6323803663253784 330
1744591020303 1.8882672786712646 340
1744591040507 1.2992855310440063 350
1744591053285 1.3880082368850708 360
1744591074108 1.4981300830841064 370
1744591085893 1.938459873199463 380
