1744590460249 2.928947368421053e-05 10
1744590482261 2.8499999999999998e-05 20
1744590495504 2.7710526315789474e-05 30
1744590516181 2.6921052631578947e-05 40
1744590529329 2.6131578947368424e-05 50
1744590549895 2.5342105263157893e-05 60
1744590562935 2.455263157894737e-05 70
1744590583524 2.3763157894736842e-05 80
1744590596463 2.297368421052632e-05 90
1744590616665 2.2184210526315788e-05 100
1744590629717 2.1394736842105264e-05 110
1744590650339 2.0605263157894737e-05 120
1744590663457 1.9815789473684213e-05 130
1744590684157 1.9026315789473683e-05 140
1744590697645 1.823684210526316e-05 150
1744590718043 1.7447368421052632e-05 160
1744590730856 1.6657894736842105e-05 170
1744590751310 1.5868421052631578e-05 180
1744590763004 1.5078947368421054e-05 190
1744590784962 1.4289473684210527e-05 200
1744590805256 1.3500000000000001e-05 210
1744590818387 1.2710526315789474e-05 220
1744590838976 1.1921052631578949e-05 230
1744590852047 1.1131578947368421e-05 240
1744590872831 1.0342105263157896e-05 250
1744590886386 9.552631578947369e-06 260
1744590906869 8.763157894736843e-06 270
1744590919743 7.973684210526316e-06 280
1744590940072 7.184210526315789e-06 290
1744590953379 6.394736842105263e-06 300
1744590973879 5.605263157894737e-06 310
1744590986954 4.81578947368421e-06 320
1744591007181 4.026315789473684e-06 330
1744591020303 3.236842105263158e-06 340
1744591040507 2.447368421052632e-06 350
1744591053285 1.6578947368421053e-06 360
1744591074108 8.684210526315789e-07 370
1744591085893 7.894736842105264e-08 380
