1744590460249 2.6558 10
1744590482261 2.5539 20
1744590495504 2.429 30
1744590516181 2.3142 40
1744590529329 2.2012 50
1744590549895 2.0973 60
1744590562935 1.9944 70
1744590583524 1.9017 80
1744590596463 1.8325 90
1744590616665 1.753 100
1744590629717 1.6826 110
1744590650339 1.6178 120
1744590663457 1.558 130
1744590684157 1.4999 140
1744590697645 1.471 150
1744590718043 1.4263 160
1744590730856 1.3569 170
1744590751310 1.3347 180
1744590763004 1.2974 190
1744590784962 1.223 200
1744590805256 1.2567 210
1744590818387 1.2238 220
1744590838976 1.1761 230
1744590852047 1.1596 240
1744590872831 1.1591 250
1744590886386 1.1263 260
1744590906869 1.1024 270
1744590919743 1.1008 280
1744590940072 1.0849 290
1744590953379 1.0558 300
1744590973879 1.0579 310
1744590986954 1.0642 320
1744591007181 1.0743 330
1744591020303 1.0333 340
1744591040507 1.0333 350
1744591053285 1.0009 360
1744591074108 1.0422 370
1744591085893 1.0141 380
