1744583505462 0.2631578947368421 10
1744583514472 0.5263157894736842 20
1744583523161 0.7894736842105263 30
1744583538624 1.0 38
1744583542347 1.0526315789473684 40
1744583550894 1.3157894736842106 50
1744583559265 1.5789473684210527 60
1744583567363 1.8421052631578947 70
1744583578450 2.0 76
1744583583629 2.1052631578947367 80
1744583592173 2.3684210526315788 90
1744583600209 2.6315789473684212 100
1744583608605 2.8947368421052633 110
1744583617923 3.0 114
1744583624707 3.1578947368421053 120
1744583633036 3.4210526315789473 130
1744583641282 3.6842105263157894 140
1744583649903 3.9473684210526314 150
1744583658007 4.0 152
1744583666558 4.2105263157894735 160
1744583674947 4.473684210526316 170
1744583683041 4.7368421052631575 180
1744583690532 5.0 190
1744583697407 5.0 190
1744583707883 5.2631578947368425 200
1744583716389 5.526315789473684 210
1744583724512 5.7894736842105265 220
1744583737053 6.0 228
1744583740632 6.052631578947368 230
1744583749008 6.315789473684211 240
1744583757181 6.578947368421053 250
1744583765607 6.842105263157895 260
1744583776919 7.0 266
1744583782206 7.105263157894737 270
1744583790395 7.368421052631579 280
1744583798449 7.631578947368421 290
1744583806873 7.894736842105263 300
1744583816490 8.0 304
1744583823492 8.157894736842104 310
1744583831890 8.421052631578947 320
1744583840045 8.68421052631579 330
1744583848363 8.947368421052632 340
1744583855950 9.0 342
1744583864626 9.210526315789474 350
1744583873043 9.473684210526315 360
1744583881127 9.736842105263158 370
1744583888671 10.0 380
1744583896295 10.0 380
1744583898000 10.0 380
1744583898497 10.0 0
1744583906265 10.0 380
