1744583505462 1.0104478597640991 10
1744583514472 1.0350511074066162 20
1744583523161 1.0546926259994507 30
1744583542347 1.1709424257278442 40
1744583550894 1.2282350063323975 50
1744583559265 1.2761224508285522 60
1744583567363 1.2157526016235352 70
1744583583629 1.8708083629608154 80
1744583592173 1.189367651939392 90
1744583600209 1.4048571586608887 100
1744583608605 1.3241738080978394 110
1744583624707 1.3014225959777832 120
1744583633036 1.2580751180648804 130
1744583641282 1.2692312002182007 140
1744583649903 1.3712284564971924 150
1744583666558 1.5644179582595825 160
1744583674947 1.495773434638977 170
1744583683041 1.3804553747177124 180
1744583690532 3.851766347885132 190
1744583707883 1.5562199354171753 200
1744583716389 1.3540133237838745 210
1744583724512 1.5335427522659302 220
1744583740632 2.6524062156677246 230
1744583749008 1.5774675607681274 240
1744583757181 1.477405309677124 250
1744583765607 1.5279990434646606 260
1744583782206 1.5307799577713013 270
1744583790395 1.6095341444015503 280
1744583798449 1.491403579711914 290
1744583806873 1.4330484867095947 300
1744583823492 1.3845605850219727 310
1744583831890 1.8068194389343262 320
1744583840045 1.8736572265625 330
1744583848363 1.7178466320037842 340
1744583864626 1.5790051221847534 350
1744583873043 1.6848748922348022 360
1744583881127 1.846348762512207 370
1744583888671 3.843312978744507 380
