1744583505462 1.9526315789473688e-05 10
1744583514472 1.9e-05 20
1744583523161 1.8473684210526317e-05 30
1744583542347 1.7947368421052634e-05 40
1744583550894 1.742105263157895e-05 50
1744583559265 1.6894736842105263e-05 60
1744583567363 1.636842105263158e-05 70
1744583583629 1.5842105263157896e-05 80
1744583592173 1.5315789473684212e-05 90
1744583600209 1.4789473684210527e-05 100
1744583608605 1.4263157894736843e-05 110
1744583624707 1.373684210526316e-05 120
1744583633036 1.3210526315789476e-05 130
1744583641282 1.268421052631579e-05 140
1744583649903 1.2157894736842107e-05 150
1744583666558 1.1631578947368423e-05 160
1744583674947 1.1105263157894736e-05 170
1744583683041 1.0578947368421053e-05 180
1744583690532 1.005263157894737e-05 190
1744583707883 9.526315789473684e-06 200
1744583716389 9e-06 210
1744583724512 8.473684210526317e-06 220
1744583740632 7.947368421052633e-06 230
1744583749008 7.421052631578948e-06 240
1744583757181 6.894736842105264e-06 250
1744583765607 6.3684210526315795e-06 260
1744583782206 5.842105263157896e-06 270
1744583790395 5.315789473684211e-06 280
1744583798449 4.789473684210527e-06 290
1744583806873 4.2631578947368425e-06 300
1744583823492 3.736842105263158e-06 310
1744583831890 3.210526315789474e-06 320
1744583840045 2.68421052631579e-06 330
1744583848363 2.1578947368421054e-06 340
1744583864626 1.6315789473684212e-06 350
1744583873043 1.1052631578947369e-06 360
1744583881127 5.789473684210526e-07 370
1744583888671 5.263157894736842e-08 380
