1744583505462 2.6903 10
1744583514472 2.6239 20
1744583523161 2.5691 30
1744583542347 2.4931 40
1744583550894 2.4214 50
1744583559265 2.3654 60
1744583567363 2.3236 70
1744583583629 2.2312 80
1744583592173 2.2011 90
1744583600209 2.1436 100
1744583608605 2.0921 110
1744583624707 2.0512 120
1744583633036 2.0053 130
1744583641282 1.9458 140
1744583649903 1.9473 150
1744583666558 1.8975 160
1744583674947 1.8707 170
1744583683041 1.8257 180
1744583690532 1.7754 190
1744583707883 1.7617 200
1744583716389 1.7462 210
1744583724512 1.7495 220
1744583740632 1.7224 230
1744583749008 1.7002 240
1744583757181 1.6992 250
1744583765607 1.641 260
1744583782206 1.644 270
1744583790395 1.613 280
1744583798449 1.6327 290
1744583806873 1.6014 300
1744583823492 1.5971 310
1744583831890 1.5792 320
1744583840045 1.5547 330
1744583848363 1.5964 340
1744583864626 1.5671 350
1744583873043 1.5446 360
1744583881127 1.5862 370
1744583888671 1.5479 380
