1744592654255 0.2631578947368421 10
1744592663422 0.5263157894736842 20
1744592672414 0.7894736842105263 30
1744592688076 1.0 38
1744592691818 1.0526315789473684 40
1744592700417 1.3157894736842106 50
1744592708765 1.5789473684210527 60
1744592717091 1.8421052631578947 70
1744592728382 2.0 76
1744592733578 2.1052631578947367 80
1744592742069 2.3684210526315788 90
1744592750478 2.6315789473684212 100
1744592758546 2.8947368421052633 110
1744592768115 3.0 114
1744592775032 3.1578947368421053 120
1744592783355 3.4210526315789473 130
1744592791581 3.6842105263157894 140
1744592800102 3.9473684210526314 150
1744592807873 4.0 152
1744592816482 4.2105263157894735 160
1744592824842 4.473684210526316 170
1744592833442 4.7368421052631575 180
1744592841366 5.0 190
1744592848660 5.0 190
1744592859065 5.2631578947368425 200
1744592867409 5.526315789473684 210
1744592875534 5.7894736842105265 220
1744592888071 6.0 228
1744592891736 6.052631578947368 230
1744592900093 6.315789473684211 240
1744592908272 6.578947368421053 250
1744592916647 6.842105263157895 260
1744592927916 7.0 266
1744592933474 7.105263157894737 270
1744592941796 7.368421052631579 280
1744592950081 7.631578947368421 290
1744592958671 7.894736842105263 300
1744592968755 8.0 304
1744592975644 8.157894736842104 310
1744592984012 8.421052631578947 320
1744592992103 8.68421052631579 330
1744593000801 8.947368421052632 340
1744593008486 9.0 342
1744593017384 9.210526315789474 350
1744593025699 9.473684210526315 360
1744593033783 9.736842105263158 370
1744593041559 10.0 380
1744593048775 10.0 380
1744593059388 10.263157894736842 390
1744593067428 10.526315789473685 400
1744593075706 10.789473684210526 410
1744593088261 11.0 418
1744593091928 11.052631578947368 420
1744593100246 11.31578947368421 430
1744593108327 11.578947368421053 440
1744593116656 11.842105263157894 450
1744593128665 12.0 456
1744593134049 12.105263157894736 460
1744593142432 12.368421052631579 470
1744593150674 12.631578947368421 480
1744593159155 12.894736842105264 490
1744593168670 13.0 494
1744593175905 13.157894736842104 500
1744593184124 13.421052631578947 510
1744593192480 13.68421052631579 520
1744593200878 13.947368421052632 530
1744593208620 14.0 532
1744593217435 14.210526315789474 540
1744593225565 14.473684210526315 550
1744593234069 14.736842105263158 560
1744593241424 15.0 570
1744593248475 15.0 570
1744593250200 15.0 570
1744593250762 15.0 0
1744593257811 15.0 570
