1744592654255 1.062436580657959 10
1744592663422 1.0648789405822754 20
1744592672414 1.0943872928619385 30
1744592691818 1.291353464126587 40
1744592700417 1.186280369758606 50
1744592708765 1.2990500926971436 60
1744592717091 1.257384181022644 70
1744592733578 1.2575078010559082 80
1744592742069 1.3315510749816895 90
1744592750478 1.4224004745483398 100
1744592758546 1.9441815614700317 110
1744592775032 1.7260278463363647 120
1744592783355 1.3476035594940186 130
1744592791581 1.4811815023422241 140
1744592800102 1.660317063331604 150
1744592816482 1.651411771774292 160
1744592824842 1.7067264318466187 170
1744592833442 1.5415433645248413 180
1744592841366 3.445619821548462 190
1744592859065 1.6813631057739258 200
1744592867409 1.7053771018981934 210
1744592875534 2.047093152999878 220
1744592891736 1.8575165271759033 230
1744592900093 1.8012394905090332 240
1744592908272 2.2699027061462402 250
1744592916647 1.8563929796218872 260
1744592933474 1.5856373310089111 270
1744592941796 1.949771761894226 280
1744592950081 1.7767894268035889 290
1744592958671 1.7371466159820557 300
1744592975644 1.8506397008895874 310
1744592984012 5.720376968383789 320
1744592992103 2.037529706954956 330
1744593000801 1.9948097467422485 340
1744593017384 3.2314186096191406 350
1744593025699 2.2661008834838867 360
1744593033783 2.622143507003784 370
1744593041559 4.747949123382568 380
1744593059388 1.8499069213867188 390
1744593067428 1.954667568206787 400
1744593075706 2.679856300354004 410
1744593091928 2.674809694290161 420
1744593100246 2.2788708209991455 430
1744593108327 2.191462278366089 440
1744593116656 2.3279826641082764 450
1744593134049 2.6555612087249756 460
1744593142432 2.0200395584106445 470
1744593150674 1.878944754600525 480
1744593159155 2.241997480392456 490
1744593175905 3.359442949295044 500
1744593184124 2.094543695449829 510
1744593192480 2.374943494796753 520
1744593200878 3.0786244869232178 530
1744593217435 2.2251596450805664 540
1744593225565 2.2494122982025146 550
1744593234069 3.2836902141571045 560
1744593241424 4.538118362426758 570
