1744592654255 2.9526315789473684e-05 10
1744592663422 2.9e-05 20
1744592672414 2.8473684210526317e-05 30
1744592691818 2.7947368421052633e-05 40
1744592700417 2.7421052631578946e-05 50
1744592708765 2.6894736842105266e-05 60
1744592717091 2.636842105263158e-05 70
1744592733578 2.5842105263157895e-05 80
1744592742069 2.531578947368421e-05 90
1744592750478 2.4789473684210528e-05 100
1744592758546 2.426315789473684e-05 110
1744592775032 2.373684210526316e-05 120
1744592783355 2.3210526315789473e-05 130
1744592791581 2.268421052631579e-05 140
1744592800102 2.2157894736842106e-05 150
1744592816482 2.1631578947368423e-05 160
1744592824842 2.1105263157894736e-05 170
1744592833442 2.0578947368421055e-05 180
1744592841366 2.0052631578947368e-05 190
1744592859065 1.9526315789473685e-05 200
1744592867409 1.9e-05 210
1744592875534 1.8473684210526317e-05 220
1744592891736 1.794736842105263e-05 230
1744592900093 1.742105263157895e-05 240
1744592908272 1.6894736842105263e-05 250
1744592916647 1.636842105263158e-05 260
1744592933474 1.5842105263157896e-05 270
1744592941796 1.5315789473684212e-05 280
1744592950081 1.4789473684210525e-05 290
1744592958671 1.4263157894736842e-05 300
1744592975644 1.3736842105263158e-05 310
1744592984012 1.3210526315789473e-05 320
1744592992103 1.2684210526315789e-05 330
1744593000801 1.2157894736842105e-05 340
1744593017384 1.163157894736842e-05 350
1744593025699 1.1105263157894736e-05 360
1744593033783 1.0578947368421053e-05 370
1744593041559 1.0052631578947367e-05 380
1744593059388 9.526315789473684e-06 390
1744593067428 9e-06 400
1744593075706 8.473684210526315e-06 410
1744593091928 7.947368421052631e-06 420
1744593100246 7.421052631578948e-06 430
1744593108327 6.894736842105263e-06 440
1744593116656 6.368421052631579e-06 450
1744593134049 5.842105263157895e-06 460
1744593142432 5.315789473684211e-06 470
1744593150674 4.789473684210526e-06 480
1744593159155 4.2631578947368425e-06 490
1744593175905 3.736842105263158e-06 500
1744593184124 3.210526315789474e-06 510
1744593192480 2.6842105263157895e-06 520
1744593200878 2.1578947368421054e-06 530
1744593217435 1.6315789473684212e-06 540
1744593225565 1.1052631578947367e-06 550
1744593234069 5.789473684210526e-07 560
1744593241424 5.263157894736842e-08 570
