1744592654255 2.6757 10
1744592663422 2.5801 20
1744592672414 2.4993 30
1744592691818 2.3883 40
1744592700417 2.2858 50
1744592708765 2.1974 60
1744592717091 2.1392 70
1744592733578 2.007 80
1744592742069 1.9697 90
1744592750478 1.8893 100
1744592758546 1.8208 110
1744592775032 1.7688 120
1744592783355 1.7016 130
1744592791581 1.6334 140
1744592800102 1.634 150
1744592816482 1.5417 160
1744592824842 1.5289 170
1744592833442 1.4733 180
1744592841366 1.4029 190
1744592859065 1.3802 200
1744592867409 1.3698 210
1744592875534 1.3642 220
1744592891736 1.3348 230
1744592900093 1.2894 240
1744592908272 1.2842 250
1744592916647 1.2097 260
1744592933474 1.1928 270
1744592941796 1.1773 280
1744592950081 1.1875 290
1744592958671 1.1445 300
1744592975644 1.0995 310
1744592984012 1.1175 320
1744592992103 1.0708 330
1744593000801 1.1025 340
1744593017384 1.0449 350
1744593025699 1.0231 360
1744593033783 1.0795 370
1744593041559 1.0058 380
1744593059388 1.0276 390
1744593067428 0.9854 400
1744593075706 1.0015 410
1744593091928 1.0046 420
1744593100246 0.9807 430
1744593108327 0.981 440
1744593116656 0.9173 450
1744593134049 0.9507 460
1744593142432 0.9189 470
1744593150674 0.9515 480
1744593159155 0.9319 490
1744593175905 0.9564 500
1744593184124 0.9273 510
1744593192480 0.9722 520
1744593200878 0.9019 530
1744593217435 0.913 540
1744593225565 0.8894 550
1744593234069 0.9289 560
1744593241424 0.8917 570
