1744577957612 0.5263157894736842 10
1744577976066 1.0 19
1744577979713 1.0526315789473684 20
1744577993005 1.5789473684210527 30
1744578008535 2.0 38
1744578013623 2.1052631578947367 40
1744578026739 2.6315789473684212 50
1744578040784 3.0 57
1744578047221 3.1578947368421053 60
1744578060711 3.6842105263157894 70
1744578073639 4.0 76
1744578081391 4.2105263157894735 80
1744578094686 4.7368421052631575 90
1744578106195 5.0 95
1744578115119 5.2631578947368425 100
1744578128252 5.7894736842105265 110
1744578138067 6.0 114
1744578148237 6.315789473684211 120
1744578161347 6.842105263157895 130
1744578169880 7.0 133
1744578181626 7.368421052631579 140
1744578194650 7.894736842105263 150
1744578201933 8.0 152
1744578214891 8.421052631578947 160
1744578227590 8.947368421052632 170
1744578233898 9.0 171
1744578248265 9.473684210526315 180
1744578260096 10.0 190
1744578266092 10.0 190
1744578282066 10.526315789473685 200
1744578298519 11.0 209
1744578302413 11.052631578947368 210
1744578315260 11.578947368421053 220
1744578330914 12.0 228
1744578335928 12.105263157894736 230
1744578348845 12.631578947368421 240
1744578363173 13.0 247
1744578369595 13.157894736842104 250
1744578382910 13.68421052631579 260
1744578395528 14.0 266
1744578403316 14.210526315789474 270
1744578416138 14.736842105263158 280
1744578427693 15.0 285
1744578436711 15.263157894736842 290
1744578450049 15.789473684210526 300
1744578459914 16.0 304
1744578470257 16.31578947368421 310
1744578483297 16.842105263157894 320
1744578492747 17.0 323
1744578504309 17.36842105263158 330
1744578517553 17.894736842105264 340
1744578524779 18.0 342
1744578537873 18.42105263157895 350
1744578550341 18.94736842105263 360
1744578556935 19.0 361
1744578571114 19.473684210526315 370
1744578583084 20.0 380
1744578589149 20.0 380
1744578590925 20.0 380
1744578591412 20.0 0
1744578597528 20.0 380
