1744577957612 0.7137304544448853 10
1744577979713 0.7604399919509888 20
1744577993005 0.7966356873512268 30
1744578013623 0.8587443232536316 40
1744578026739 0.8710365891456604 50
1744578047221 0.8835292458534241 60
1744578060711 0.8631229996681213 70
1744578081391 0.9108749628067017 80
1744578094686 0.9259526133537292 90
1744578115119 0.9570779800415039 100
1744578128252 1.0131868124008179 110
1744578148237 0.9680748581886292 120
1744578161347 1.007480502128601 130
1744578181626 1.0967918634414673 140
1744578194650 0.9758098721504211 150
1744578214891 1.1033381223678589 160
1744578227590 1.0081591606140137 170
1744578248265 1.0056041479110718 180
1744578260096 1.2732126712799072 190
1744578282066 1.0009437799453735 200
1744578302413 1.083656668663025 210
1744578315260 1.0595526695251465 220
1744578335928 1.0590994358062744 230
1744578348845 1.153890609741211 240
1744578369595 1.1040830612182617 250
1744578382910 1.2727571725845337 260
1744578403316 1.0681310892105103 270
1744578416138 1.0350236892700195 280
1744578436711 1.1007966995239258 290
1744578450049 1.0835641622543335 300
1744578470257 1.0733308792114258 310
1744578483297 1.2459663152694702 320
1744578504309 1.0553839206695557 330
1744578517553 1.2480913400650024 340
1744578537873 1.1769938468933105 350
1744578550341 1.0723719596862793 360
1744578571114 1.0498363971710205 370
1744578583084 1.5587376356124878 380
