1744577957612 9.763157894736844e-06 10
1744577979713 9.5e-06 20
1744577993005 9.236842105263159e-06 30
1744578013623 8.973684210526317e-06 40
1744578026739 8.710526315789475e-06 50
1744578047221 8.447368421052632e-06 60
1744578060711 8.18421052631579e-06 70
1744578081391 7.921052631578948e-06 80
1744578094686 7.657894736842106e-06 90
1744578115119 7.3947368421052635e-06 100
1744578128252 7.131578947368422e-06 110
1744578148237 6.86842105263158e-06 120
1744578161347 6.605263157894738e-06 130
1744578181626 6.342105263157895e-06 140
1744578194650 6.0789473684210535e-06 150
1744578214891 5.815789473684212e-06 160
1744578227590 5.552631578947368e-06 170
1744578248265 5.289473684210526e-06 180
1744578260096 5.026315789473685e-06 190
1744578282066 4.763157894736842e-06 200
1744578302413 4.5e-06 210
1744578315260 4.236842105263158e-06 220
1744578335928 3.9736842105263165e-06 230
1744578348845 3.710526315789474e-06 240
1744578369595 3.447368421052632e-06 250
1744578382910 3.1842105263157898e-06 260
1744578403316 2.921052631578948e-06 270
1744578416138 2.6578947368421053e-06 280
1744578436711 2.3947368421052635e-06 290
1744578450049 2.1315789473684212e-06 300
1744578470257 1.868421052631579e-06 310
1744578483297 1.605263157894737e-06 320
1744578504309 1.342105263157895e-06 330
1744578517553 1.0789473684210527e-06 340
1744578537873 8.157894736842106e-07 350
1744578550341 5.526315789473684e-07 360
1744578571114 2.894736842105263e-07 370
1744578583084 2.631578947368421e-08 380
