1744577957612 2.6987 10
1744577979713 2.6537 20
1744577993005 2.6115 30
1744578013623 2.5734 40
1744578026739 2.5308 50
1744578047221 2.4844 60
1744578060711 2.4416 70
1744578081391 2.4096 80
1744578094686 2.3642 90
1744578115119 2.3133 100
1744578128252 2.2911 110
1744578148237 2.2528 120
1744578161347 2.2115 130
1744578181626 2.1706 140
1744578194650 2.153 150
1744578214891 2.1212 160
1744578227590 2.095 170
1744578248265 2.0636 180
1744578260096 2.0484 190
1744578282066 2.0104 200
1744578302413 2.0111 210
1744578315260 1.9795 220
1744578335928 1.957 230
1744578348845 1.9389 240
1744578369595 1.9249 250
1744578382910 1.9188 260
1744578403316 1.9056 270
1744578416138 1.8864 280
1744578436711 1.8833 290
1744578450049 1.8839 300
1744578470257 1.8345 310
1744578483297 1.8687 320
1744578504309 1.8457 330
1744578517553 1.8469 340
1744578537873 1.8216 350
1744578550341 1.8604 360
1744578571114 1.8235 370
1744578583084 1.8357 380
