1744790617125 0.2631578947368421 10
1744790632304 0.5263157894736842 20
1744790648147 0.7894736842105263 30
1744790674101 1.0 38
1744790679504 1.0526315789473684 40
1744790694858 1.3157894736842106 50
1744790710503 1.5789473684210527 60
1744790725503 1.8421052631578947 70
1744790745795 2.0 76
1744790754323 2.1052631578947367 80
1744790769490 2.3684210526315788 90
1744790785444 2.6315789473684212 100
1744790800218 2.8947368421052633 110
1744790818197 3.0 114
1744790820119 3.0 114
1744790820699 3.0 0
1744790833442 3.0 114
