1744581288289 0.2631578947368421 10
1744581297459 0.5263157894736842 20
1744581305870 0.7894736842105263 30
1744581320807 1.0 38
1744581324452 1.0526315789473684 40
1744581332710 1.3157894736842106 50
1744581341250 1.5789473684210527 60
1744581349339 1.8421052631578947 70
1744581360315 2.0 76
1744581365560 2.1052631578947367 80
1744581373867 2.3684210526315788 90
1744581381961 2.6315789473684212 100
1744581390221 2.8947368421052633 110
1744581400076 3.0 114
1744581407211 3.1578947368421053 120
1744581415634 3.4210526315789473 130
1744581423718 3.6842105263157894 140
1744581431910 3.9473684210526314 150
1744581439849 4.0 152
1744581448578 4.2105263157894735 160
1744581456822 4.473684210526316 170
1744581464838 4.7368421052631575 180
1744581472274 5.0 190
1744581478935 5.0 190
1744581489234 5.2631578947368425 200
1744581497505 5.526315789473684 210
1744581505508 5.7894736842105265 220
1744581517927 6.0 228
1744581521739 6.052631578947368 230
1744581529960 6.315789473684211 240
1744581538014 6.578947368421053 250
1744581546262 6.842105263157895 260
1744581557235 7.0 266
1744581562674 7.105263157894737 270
1744581570943 7.368421052631579 280
1744581579011 7.631578947368421 290
1744581587257 7.894736842105263 300
1744581596557 8.0 304
1744581603659 8.157894736842104 310
1744581612223 8.421052631578947 320
1744581620423 8.68421052631579 330
1744581628725 8.947368421052632 340
1744581636377 9.0 342
1744581645017 9.210526315789474 350
1744581653287 9.473684210526315 360
1744581662115 9.736842105263158 370
1744581669633 10.0 380
1744581676687 10.0 380
1744581687224 10.263157894736842 390
1744581695293 10.526315789473685 400
1744581703548 10.789473684210526 410
1744581716573 11.0 418
1744581720499 11.052631578947368 420
1744581728818 11.31578947368421 430
1744581736991 11.578947368421053 440
1744581745350 11.842105263157894 450
1744581756355 12.0 456
1744581761788 12.105263157894736 460
1744581769862 12.368421052631579 470
1744581778192 12.631578947368421 480
1744581786501 12.894736842105264 490
1744581795990 13.0 494
1744581803032 13.157894736842104 500
1744581811250 13.421052631578947 510
1744581819572 13.68421052631579 520
1744581827874 13.947368421052632 530
1744581835439 14.0 532
1744581844344 14.210526315789474 540
1744581852475 14.473684210526315 550
1744581860816 14.736842105263158 560
1744581868007 15.0 570
1744581874842 15.0 570
1744581885438 15.263157894736842 580
1744581893790 15.526315789473685 590
1744581902012 15.789473684210526 600
1744581915000 16.0 608
1744581918814 16.05263157894737 610
1744581926910 16.31578947368421 620
1744581935160 16.57894736842105 630
1744581943432 16.842105263157894 640
1744581954216 17.0 646
1744581959691 17.105263157894736 650
1744581967767 17.36842105263158 660
1744581976191 17.63157894736842 670
1744581984396 17.894736842105264 680
1744581993991 18.0 684
1744582001432 18.157894736842106 690
1744582009702 18.42105263157895 700
1744582018177 18.68421052631579 710
1744582026447 18.94736842105263 720
1744582034159 19.0 722
1744582042917 19.210526315789473 730
1744582051855 19.473684210526315 740
1744582060500 19.736842105263158 750
1744582067928 20.0 760
1744582074993 20.0 760
1744582076880 20.0 760
1744582077424 20.0 0
1744582084380 20.0 760
