1744581288289 1.060404896736145 10
1744581297459 1.0352107286453247 20
1744581305870 0.9927535653114319 30
1744581324452 1.1363849639892578 40
1744581332710 1.1668351888656616 50
1744581341250 1.212607741355896 60
1744581349339 1.2309072017669678 70
1744581365560 1.2051671743392944 80
1744581373867 1.1969876289367676 90
1744581381961 1.2201236486434937 100
1744581390221 1.2808361053466797 110
1744581407211 1.4823676347732544 120
1744581415634 1.3136643171310425 130
1744581423718 1.369734287261963 140
1744581431910 1.3804187774658203 150
1744581448578 1.3562325239181519 160
1744581456822 1.4195328950881958 170
1744581464838 1.6536853313446045 180
1744581472274 4.644631385803223 190
1744581489234 1.3112878799438477 200
1744581497505 1.4352514743804932 210
1744581505508 1.4219019412994385 220
1744581521739 2.2000372409820557 230
1744581529960 1.838376522064209 240
1744581538014 2.106562376022339 250
1744581546262 1.8145426511764526 260
1744581562674 2.037609100341797 270
1744581570943 1.6791901588439941 280
1744581579011 1.786960482597351 290
1744581587257 1.6940337419509888 300
1744581603659 1.671078085899353 310
1744581612223 1.5126534700393677 320
1744581620423 1.956533670425415 330
1744581628725 2.0350000858306885 340
1744581645017 1.5878759622573853 350
1744581653287 1.5853806734085083 360
1744581662115 10.118058204650879 370
1744581669633 3.9848473072052 380
1744581687224 2.1232874393463135 390
1744581695293 1.9081943035125732 400
1744581703548 1.9428067207336426 410
1744581720499 1.8491002321243286 420
1744581728818 2.0513453483581543 430
1744581736991 2.0976011753082275 440
1744581745350 1.9042878150939941 450
1744581761788 2.0118870735168457 460
1744581769862 6.502739906311035 470
1744581778192 1.8817604780197144 480
1744581786501 1.651713490486145 490
1744581803032 1.8152881860733032 500
1744581811250 2.276258707046509 510
1744581819572 2.0301451683044434 520
1744581827874 2.0948092937469482 530
1744581844344 2.3004376888275146 540
1744581852475 2.1472508907318115 550
1744581860816 2.4624857902526855 560
1744581868007 9.601021766662598 570
1744581885438 1.866012692451477 580
1744581893790 2.4009528160095215 590
1744581902012 2.0874745845794678 600
1744581918814 1.8852458000183105 610
1744581926910 2.277193307876587 620
1744581935160 2.314453601837158 630
1744581943432 2.3956141471862793 640
1744581959691 2.1427536010742188 650
1744581967767 2.4876558780670166 660
1744581976191 2.322572946548462 670
1744581984396 2.9766600131988525 680
1744582001432 2.049903631210327 690
1744582009702 2.0400142669677734 700
1744582018177 2.021620512008667 710
1744582026447 2.1326775550842285 720
1744582042917 1.8739794492721558 730
1744582051855 2.661221504211426 740
1744582060500 2.720498561859131 750
1744582067928 6.76508903503418 760
