1744581288289 1.9763157894736843e-05 10
1744581297459 1.95e-05 20
1744581305870 1.923684210526316e-05 30
1744581324452 1.8973684210526316e-05 40
1744581332710 1.8710526315789476e-05 50
1744581341250 1.8447368421052632e-05 60
1744581349339 1.8184210526315792e-05 70
1744581365560 1.792105263157895e-05 80
1744581373867 1.765789473684211e-05 90
1744581381961 1.7394736842105265e-05 100
1744581390221 1.7131578947368425e-05 110
1744581407211 1.686842105263158e-05 120
1744581415634 1.6605263157894738e-05 130
1744581423718 1.6342105263157898e-05 140
1744581431910 1.6078947368421054e-05 150
1744581448578 1.581578947368421e-05 160
1744581456822 1.555263157894737e-05 170
1744581464838 1.5289473684210527e-05 180
1744581472274 1.5026315789473684e-05 190
1744581489234 1.4763157894736844e-05 200
1744581497505 1.45e-05 210
1744581505508 1.423684210526316e-05 220
1744581521739 1.3973684210526316e-05 230
1744581529960 1.3710526315789475e-05 240
1744581538014 1.3447368421052633e-05 250
1744581546262 1.3184210526315791e-05 260
1744581562674 1.2921052631578948e-05 270
1744581570943 1.2657894736842107e-05 280
1744581579011 1.2394736842105264e-05 290
1744581587257 1.2131578947368424e-05 300
1744581603659 1.186842105263158e-05 310
1744581612223 1.1605263157894737e-05 320
1744581620423 1.1342105263157897e-05 330
1744581628725 1.1078947368421053e-05 340
1744581645017 1.0815789473684211e-05 350
1744581653287 1.055263157894737e-05 360
1744581662115 1.0289473684210528e-05 370
1744581669633 1.0026315789473684e-05 380
1744581687224 9.763157894736844e-06 390
1744581695293 9.5e-06 400
1744581703548 9.236842105263159e-06 410
1744581720499 8.973684210526317e-06 420
1744581728818 8.710526315789475e-06 430
1744581736991 8.447368421052632e-06 440
1744581745350 8.18421052631579e-06 450
1744581761788 7.921052631578948e-06 460
1744581769862 7.657894736842106e-06 470
1744581778192 7.3947368421052635e-06 480
1744581786501 7.131578947368422e-06 490
1744581803032 6.86842105263158e-06 500
1744581811250 6.605263157894738e-06 510
1744581819572 6.342105263157895e-06 520
1744581827874 6.0789473684210535e-06 530
1744581844344 5.815789473684212e-06 540
1744581852475 5.552631578947368e-06 550
1744581860816 5.289473684210526e-06 560
1744581868007 5.026315789473685e-06 570
1744581885438 4.763157894736842e-06 580
1744581893790 4.5e-06 590
1744581902012 4.236842105263158e-06 600
1744581918814 3.9736842105263165e-06 610
1744581926910 3.710526315789474e-06 620
1744581935160 3.447368421052632e-06 630
1744581943432 3.1842105263157898e-06 640
1744581959691 2.921052631578948e-06 650
1744581967767 2.6578947368421053e-06 660
1744581976191 2.3947368421052635e-06 670
1744581984396 2.1315789473684212e-06 680
1744582001432 1.868421052631579e-06 690
1744582009702 1.605263157894737e-06 700
1744582018177 1.342105263157895e-06 710
1744582026447 1.0789473684210527e-06 720
1744582042917 8.157894736842106e-07 730
1744582051855 5.526315789473684e-07 740
1744582060500 2.894736842105263e-07 750
1744582067928 2.631578947368421e-08 760
