1744581288289 2.6806 10
1744581297459 2.6192 20
1744581305870 2.5576 30
1744581324452 2.5229 40
1744581332710 2.4355 50
1744581341250 2.3676 60
1744581349339 2.3113 70
1744581365560 2.2459 80
1744581373867 2.1931 90
1744581381961 2.1215 100
1744581390221 2.0964 110
1744581407211 1.979 120
1744581415634 1.9629 130
1744581423718 1.9337 140
1744581431910 1.9077 150
1744581448578 1.827 160
1744581456822 1.8046 170
1744581464838 1.7734 180
1744581472274 1.7347 190
1744581489234 1.6851 200
1744581497505 1.654 210
1744581505508 1.634 220
1744581521739 1.5881 230
1744581529960 1.5689 240
1744581538014 1.5388 250
1744581546262 1.5137 260
1744581562674 1.4532 270
1744581570943 1.462 280
1744581579011 1.4233 290
1744581587257 1.4583 300
1744581603659 1.4346 310
1744581612223 1.3672 320
1744581620423 1.3076 330
1744581628725 1.351 340
1744581645017 1.307 350
1744581653287 1.2954 360
1744581662115 1.2751 370
1744581669633 1.2725 380
1744581687224 1.1834 390
1744581695293 1.2137 400
1744581703548 1.2477 410
1744581720499 1.2161 420
1744581728818 1.2184 430
1744581736991 1.1822 440
1744581745350 1.1421 450
1744581761788 1.1715 460
1744581769862 1.1432 470
1744581778192 1.1313 480
1744581786501 1.1339 490
1744581803032 1.1598 500
1744581811250 1.1011 510
1744581819572 1.1126 520
1744581827874 1.0893 530
1744581844344 1.0562 540
1744581852475 1.0775 550
1744581860816 1.0854 560
1744581868007 1.1369 570
1744581885438 1.0276 580
1744581893790 1.0213 590
1744581902012 1.0486 600
1744581918814 1.0777 610
1744581926910 0.9974 620
1744581935160 1.0171 630
1744581943432 1.0643 640
1744581959691 1.0684 650
1744581967767 1.0224 660
1744581976191 1.0127 670
1744581984396 1.0159 680
1744582001432 0.9933 690
1744582009702 1.0263 700
1744582018177 0.9717 710
1744582026447 0.9838 720
1744582042917 1.0191 730
1744582051855 1.0303 740
1744582060500 1.0023 750
1744582067928 0.9687 760
