1744569394461 0.2631578947368421 10
1744569403277 0.5263157894736842 20
1744569411926 0.7894736842105263 30
1744569427227 1.0 38
1744569431479 1.0526315789473684 40
1744569439878 1.3157894736842106 50
1744569448385 1.5789473684210527 60
1744569456605 1.8421052631578947 70
1744569468000 2.0 76
1744569473797 2.1052631578947367 80
1744569482135 2.3684210526315788 90
1744569490455 2.6315789473684212 100
1744569498758 2.8947368421052633 110
1744569508298 3.0 114
1744569510572 3.0 114
1744569511260 3.0 0
1744569518025 3.0 114
