1744600983681 0.2631578947368421 10
1744600992741 0.5263157894736842 20
1744601001154 0.7894736842105263 30
1744601016650 1.0 38
1744601020501 1.0526315789473684 40
1744601029658 1.3157894736842106 50
1744601038918 1.5789473684210527 60
1744601047854 1.8421052631578947 70
1744601059301 2.0 76
1744601064901 2.1052631578947367 80
1744601074055 2.3684210526315788 90
1744601082826 2.6315789473684212 100
1744601091056 2.8947368421052633 110
1744601100526 3.0 114
1744601107506 3.1578947368421053 120
1744601116005 3.4210526315789473 130
1744601124103 3.6842105263157894 140
1744601132506 3.9473684210526314 150
1744601140493 4.0 152
1744601149149 4.2105263157894735 160
1744601157521 4.473684210526316 170
1744601165622 4.7368421052631575 180
1744601173250 5.0 190
1744601180165 5.0 190
1744601190590 5.2631578947368425 200
1744601199183 5.526315789473684 210
1744601207304 5.7894736842105265 220
1744601220002 6.0 228
1744601223688 6.052631578947368 230
1744601231860 6.315789473684211 240
1744601240019 6.578947368421053 250
1744601248347 6.842105263157895 260
1744601259461 7.0 266
1744601264952 7.105263157894737 270
1744601273240 7.368421052631579 280
1744601281622 7.631578947368421 290
1744601290049 7.894736842105263 300
1744601299619 8.0 304
1744601306759 8.157894736842104 310
1744601315037 8.421052631578947 320
1744601323144 8.68421052631579 330
1744601331479 8.947368421052632 340
1744601339096 9.0 342
1744601347841 9.210526315789474 350
1744601356053 9.473684210526315 360
1744601364272 9.736842105263158 370
1744601371741 10.0 380
1744601379162 10.0 380
1744601389641 10.263157894736842 390
1744601397805 10.526315789473685 400
1744601406680 10.789473684210526 410
1744601419477 11.0 418
1744601423211 11.052631578947368 420
1744601431734 11.31578947368421 430
1744601439825 11.578947368421053 440
1744601448524 11.842105263157894 450
1744601459947 12.0 456
1744601465346 12.105263157894736 460
1744601473882 12.368421052631579 470
1744601481969 12.631578947368421 480
1744601490226 12.894736842105264 490
1744601499704 13.0 494
1744601506909 13.157894736842104 500
1744601515368 13.421052631578947 510
1744601523788 13.68421052631579 520
1744601532135 13.947368421052632 530
1744601539671 14.0 532
1744601548559 14.210526315789474 540
1744601556663 14.473684210526315 550
1744601565082 14.736842105263158 560
1744601572606 15.0 570
1744601579560 15.0 570
1744601581444 15.0 570
1744601582018 15.0 0
1744601589114 15.0 570
