1744600983681 1.064093828201294 10
1744600992741 1.1260052919387817 20
1744601001154 1.1544866561889648 30
1744601020501 1.2934913635253906 40
1744601029658 1.3257194757461548 50
1744601038918 1.5260025262832642 60
1744601047854 1.5044125318527222 70
1744601064901 1.282881736755371 80
1744601074055 1.467484712600708 90
1744601082826 1.6202635765075684 100
1744601091056 1.5829064846038818 110
1744601107506 1.8157401084899902 120
1744601116005 1.5628958940505981 130
1744601124103 1.545884370803833 140
1744601132506 2.117112159729004 150
1744601149149 1.8380918502807617 160
1744601157521 1.8849942684173584 170
1744601165622 1.6277810335159302 180
1744601173250 3.746615409851074 190
1744601190590 1.611395239830017 200
1744601199183 3.871908187866211 210
1744601207304 2.830312490463257 220
1744601223688 1.9901303052902222 230
1744601231860 2.4430739879608154 240
1744601240019 2.1585326194763184 250
1744601248347 2.0971570014953613 260
1744601264952 1.8510850667953491 270
1744601273240 1.8445239067077637 280
1744601281622 1.9417647123336792 290
1744601290049 2.0216023921966553 300
1744601306759 2.388436794281006 310
1744601315037 2.52125883102417 320
1744601323144 1.9274734258651733 330
1744601331479 2.0902655124664307 340
1744601347841 2.1676948070526123 350
1744601356053 2.6656606197357178 360
1744601364272 2.5718464851379395 370
1744601371741 3.56166934967041 380
1744601389641 2.405242919921875 390
1744601397805 2.648953914642334 400
1744601406680 3.0860555171966553 410
1744601423211 2.6769137382507324 420
1744601431734 2.779606342315674 430
1744601439825 2.203423500061035 440
1744601448524 2.4960055351257324 450
1744601465346 2.3536713123321533 460
1744601473882 2.247438430786133 470
1744601481969 2.091308116912842 480
1744601490226 2.7661550045013428 490
1744601506909 3.7872607707977295 500
1744601515368 2.213433027267456 510
1744601523788 2.294609308242798 520
1744601532135 2.573551893234253 530
1744601548559 2.031599521636963 540
1744601556663 2.1155266761779785 550
1744601565082 1.7601569890975952 560
1744601572606 4.034646511077881 570
