1744600983681 4.921052631578947e-05 10
1744600992741 4.8333333333333334e-05 20
1744601001154 4.7456140350877195e-05 30
1744601020501 4.657894736842106e-05 40
1744601029658 4.570175438596491e-05 50
1744601038918 4.4824561403508774e-05 60
1744601047854 4.394736842105263e-05 70
1744601064901 4.30701754385965e-05 80
1744601074055 4.219298245614035e-05 90
1744601082826 4.1315789473684214e-05 100
1744601091056 4.043859649122807e-05 110
1744601107506 3.956140350877193e-05 120
1744601116005 3.868421052631579e-05 130
1744601124103 3.7807017543859654e-05 140
1744601132506 3.692982456140351e-05 150
1744601149149 3.605263157894737e-05 160
1744601157521 3.5175438596491226e-05 170
1744601165622 3.429824561403509e-05 180
1744601173250 3.342105263157895e-05 190
1744601190590 3.254385964912281e-05 200
1744601199183 3.1666666666666666e-05 210
1744601207304 3.078947368421053e-05 220
1744601223688 2.9912280701754386e-05 230
1744601231860 2.9035087719298248e-05 240
1744601240019 2.8157894736842106e-05 250
1744601248347 2.7280701754385968e-05 260
1744601264952 2.6403508771929823e-05 270
1744601273240 2.5526315789473688e-05 280
1744601281622 2.4649122807017543e-05 290
1744601290049 2.3771929824561405e-05 300
1744601306759 2.2894736842105263e-05 310
1744601315037 2.201754385964912e-05 320
1744601323144 2.1140350877192983e-05 330
1744601331479 2.0263157894736842e-05 340
1744601347841 1.9385964912280704e-05 350
1744601356053 1.8508771929824562e-05 360
1744601364272 1.763157894736842e-05 370
1744601371741 1.6754385964912282e-05 380
1744601389641 1.587719298245614e-05 390
1744601397805 1.5e-05 400
1744601406680 1.412280701754386e-05 410
1744601423211 1.3245614035087719e-05 420
1744601431734 1.2368421052631579e-05 430
1744601439825 1.1491228070175439e-05 440
1744601448524 1.0614035087719299e-05 450
1744601465346 9.736842105263157e-06 460
1744601473882 8.859649122807017e-06 470
1744601481969 7.982456140350877e-06 480
1744601490226 7.1052631578947375e-06 490
1744601506909 6.228070175438597e-06 500
1744601515368 5.350877192982457e-06 510
1744601523788 4.473684210526316e-06 520
1744601532135 3.5964912280701756e-06 530
1744601548559 2.719298245614035e-06 540
1744601556663 1.8421052631578946e-06 550
1744601565082 9.649122807017545e-07 560
1744601572606 8.771929824561404e-08 570
