1744600983681 2.6475 10
1744600992741 2.5036 20
1744601001154 2.3717 30
1744601020501 2.2034 40
1744601029658 2.0529 50
1744601038918 1.9382 60
1744601047854 1.8655 70
1744601064901 1.705 80
1744601074055 1.6662 90
1744601082826 1.5767 100
1744601091056 1.5034 110
1744601107506 1.4259 120
1744601116005 1.3507 130
1744601124103 1.2784 140
1744601132506 1.2815 150
1744601149149 1.1548 160
1744601157521 1.163 170
1744601165622 1.1052 180
1744601173250 1.0374 190
1744601190590 1.0192 200
1744601199183 1.0136 210
1744601207304 1.0106 220
1744601223688 0.9949 230
1744601231860 0.9346 240
1744601240019 0.9391 250
1744601248347 0.863 260
1744601264952 0.8349 270
1744601273240 0.8387 280
1744601281622 0.8466 290
1744601290049 0.8132 300
1744601306759 0.7554 310
1744601315037 0.7883 320
1744601323144 0.742 330
1744601331479 0.7794 340
1744601347841 0.7018 350
1744601356053 0.7084 360
1744601364272 0.7578 370
1744601371741 0.6846 380
1744601389641 0.7054 390
1744601397805 0.6548 400
1744601406680 0.6861 410
1744601423211 0.6948 420
1744601431734 0.6813 430
1744601439825 0.667 440
1744601448524 0.6043 450
1744601465346 0.6242 460
1744601473882 0.6217 470
1744601481969 0.6396 480
1744601490226 0.6156 490
1744601506909 0.651 500
1744601515368 0.6187 510
1744601523788 0.6509 520
1744601532135 0.5773 530
1744601548559 0.6084 540
1744601556663 0.5807 550
1744601565082 0.6153 560
1744601572606 0.5666 570
