1744574752095 0.2631578947368421 10
1744574760778 0.5263157894736842 20
1744574769639 0.7894736842105263 30
1744574785034 1.0 38
1744574788721 1.0526315789473684 40
1744574797260 1.3157894736842106 50
1744574806146 1.5789473684210527 60
1744574814482 1.8421052631578947 70
1744574826088 2.0 76
1744574831388 2.1052631578947367 80
1744574839698 2.3684210526315788 90
1744574848402 2.6315789473684212 100
1744574856600 2.8947368421052633 110
1744574866203 3.0 114
1744574873183 3.1578947368421053 120
1744574881589 3.4210526315789473 130
1744574889759 3.6842105263157894 140
1744574898105 3.9473684210526314 150
1744574905891 4.0 152
1744574914755 4.2105263157894735 160
1744574923118 4.473684210526316 170
1744574931400 4.7368421052631575 180
1744574938801 5.0 190
1744574946292 5.0 190
1744574948099 5.0 190
1744574948733 5.0 0
1744574956373 5.0 190
