1744574752095 1.0220056772232056 10
1744574760778 1.002250075340271 20
1744574769639 0.967131495475769 30
1744574788721 1.0327610969543457 40
1744574797260 1.100167155265808 50
1744574806146 1.1226716041564941 60
1744574814482 1.0385158061981201 70
1744574831388 1.1016594171524048 80
1744574839698 1.0859143733978271 90
1744574848402 1.232187032699585 100
1744574856600 1.1752815246582031 110
1744574873183 1.2325390577316284 120
1744574881589 1.1884037256240845 130
1744574889759 1.1324961185455322 140
1744574898105 1.193091630935669 150
1744574914755 1.1773881912231445 160
1744574923118 1.1853832006454468 170
1744574931400 1.1253724098205566 180
1744574938801 3.3400206565856934 190
