1744574752095 9.526315789473684e-06 10
1744574760778 9e-06 20
1744574769639 8.473684210526317e-06 30
1744574788721 7.947368421052633e-06 40
1744574797260 7.421052631578948e-06 50
1744574806146 6.894736842105264e-06 60
1744574814482 6.3684210526315795e-06 70
1744574831388 5.842105263157896e-06 80
1744574839698 5.315789473684211e-06 90
1744574848402 4.789473684210527e-06 100
1744574856600 4.2631578947368425e-06 110
1744574873183 3.736842105263158e-06 120
1744574881589 3.210526315789474e-06 130
1744574889759 2.68421052631579e-06 140
1744574898105 2.1578947368421054e-06 150
1744574914755 1.6315789473684212e-06 160
1744574923118 1.1052631578947369e-06 170
1744574931400 5.789473684210526e-07 180
1744574938801 5.263157894736842e-08 190
