1744601625411 0.5263157894736842 10
1744601643676 1.0 19
1744601647535 1.0526315789473684 20
1744601662045 1.5789473684210527 30
1744601678064 2.0 38
1744601683276 2.1052631578947367 40
1744601696580 2.6315789473684212 50
1744601710544 3.0 57
1744601716871 3.1578947368421053 60
1744601730193 3.6842105263157894 70
1744601742981 4.0 76
1744601750701 4.2105263157894735 80
1744601764070 4.7368421052631575 90
1744601775547 5.0 95
1744601784769 5.2631578947368425 100
1744601798701 5.7894736842105265 110
1744601808710 6.0 114
1744601819086 6.315789473684211 120
1744601832494 6.842105263157895 130
1744601841240 7.0 133
1744601853279 7.368421052631579 140
1744601866585 7.894736842105263 150
1744601874000 8.0 152
1744601887000 8.421052631578947 160
1744601899813 8.947368421052632 170
1744601906193 9.0 171
1744601920837 9.473684210526315 180
1744601932734 10.0 190
1744601938877 10.0 190
1744601954399 10.526315789473685 200
1744601971124 11.0 209
1744601974942 11.052631578947368 210
1744601988313 11.578947368421053 220
1744602003590 12.0 228
1744602008796 12.105263157894736 230
1744602022021 12.631578947368421 240
1744602036143 13.0 247
1744602042653 13.157894736842104 250
1744602056134 13.68421052631579 260
1744602068950 14.0 266
1744602077092 14.210526315789474 270
1744602090188 14.736842105263158 280
1744602101788 15.0 285
1744602103600 15.0 285
1744602104179 15.0 0
1744602110290 15.0 285
