1744601625411 0.7910071611404419 10
1744601647535 0.9556112885475159 20
1744601662045 0.9544750452041626 30
1744601683276 1.0717793703079224 40
1744601696580 1.1512950658798218 50
1744601716871 1.0889841318130493 60
1744601730193 1.0572072267532349 70
1744601750701 1.2038763761520386 80
1744601764070 1.3577057123184204 90
1744601784769 1.2513922452926636 100
1744601798701 1.3859124183654785 110
1744601819086 1.4911646842956543 120
1744601832494 1.249682068824768 130
1744601853279 1.2904611825942993 140
1744601866585 1.3956133127212524 150
1744601887000 2.0035526752471924 160
1744601899813 1.5360766649246216 170
1744601920837 1.6007111072540283 180
1744601932734 1.7667425870895386 190
1744601954399 1.5701453685760498 200
1744601974942 1.569657564163208 210
1744601988313 1.8831151723861694 220
1744602008796 2.469350576400757 230
1744602022021 1.6553376913070679 240
1744602042653 1.6974666118621826 250
1744602056134 1.7386270761489868 260
1744602077092 1.5765535831451416 270
1744602090188 3.0696332454681396 280
