1744601625411 4.842105263157895e-05 10
1744601647535 4.666666666666667e-05 20
1744601662045 4.491228070175439e-05 30
1744601683276 4.3157894736842105e-05 40
1744601696580 4.140350877192983e-05 50
1744601716871 3.9649122807017545e-05 60
1744601730193 3.789473684210527e-05 70
1744601750701 3.6140350877192985e-05 80
1744601764070 3.43859649122807e-05 90
1744601784769 3.2631578947368426e-05 100
1744601798701 3.087719298245614e-05 110
1744601819086 2.9122807017543863e-05 120
1744601832494 2.7368421052631583e-05 130
1744601853279 2.5614035087719303e-05 140
1744601866585 2.385964912280702e-05 150
1744601887000 2.2105263157894736e-05 160
1744601899813 2.0350877192982456e-05 170
1744601920837 1.8596491228070176e-05 180
1744601932734 1.6842105263157896e-05 190
1744601954399 1.5087719298245615e-05 200
1744601974942 1.3333333333333333e-05 210
1744601988313 1.1578947368421053e-05 220
1744602008796 9.824561403508772e-06 230
1744602022021 8.070175438596492e-06 240
1744602042653 6.315789473684211e-06 250
1744602056134 4.5614035087719304e-06 260
1744602077092 2.8070175438596493e-06 270
1744602090188 1.0526315789473685e-06 280
