1744601625411 2.6306 10
1744601647535 2.4405 20
1744601662045 2.241 30
1744601683276 2.0684 40
1744601696580 1.9252 50
1744601716871 1.7875 60
1744601730193 1.6483 70
1744601750701 1.5695 80
1744601764070 1.4807 90
1744601784769 1.3664 100
1744601798701 1.3366 110
1744601819086 1.2873 120
1744601832494 1.2149 130
1744601853279 1.1561 140
1744601866585 1.1284 150
1744601887000 1.082 160
1744601899813 1.0512 170
1744601920837 1.0001 180
1744601932734 1.0034 190
1744601954399 0.971 200
1744601974942 0.9596 210
1744601988313 0.9404 220
1744602008796 0.9031 230
1744602022021 0.8985 240
1744602042653 0.8784 250
1744602056134 0.9112 260
1744602077092 0.8688 270
1744602090188 0.8745 280
