1744587677158 0.2631578947368421 10
1744587685939 0.5263157894736842 20
1744587694085 0.7894736842105263 30
1744587709115 1.0 38
1744587712715 1.0526315789473684 40
1744587721020 1.3157894736842106 50
1744587729629 1.5789473684210527 60
1744587738135 1.8421052631578947 70
1744587750008 2.0 76
1744587755583 2.1052631578947367 80
1744587764099 2.3684210526315788 90
1744587772278 2.6315789473684212 100
1744587780711 2.8947368421052633 110
1744587790058 3.0 114
1744587796915 3.1578947368421053 120
1744587805412 3.4210526315789473 130
1744587813590 3.6842105263157894 140
1744587822057 3.9473684210526314 150
1744587829769 4.0 152
1744587838605 4.2105263157894735 160
1744587846879 4.473684210526316 170
1744587855115 4.7368421052631575 180
1744587862950 5.0 190
1744587869746 5.0 190
1744587880250 5.2631578947368425 200
1744587888673 5.526315789473684 210
1744587897281 5.7894736842105265 220
1744587909956 6.0 228
1744587913729 6.052631578947368 230
1744587921930 6.315789473684211 240
1744587930175 6.578947368421053 250
1744587939040 6.842105263157895 260
1744587950051 7.0 266
1744587955405 7.105263157894737 270
1744587964004 7.368421052631579 280
1744587972346 7.631578947368421 290
1744587980646 7.894736842105263 300
1744587990645 8.0 304
1744587998035 8.157894736842104 310
1744588006119 8.421052631578947 320
1744588014373 8.68421052631579 330
1744588022812 8.947368421052632 340
1744588030499 9.0 342
1744588039323 9.210526315789474 350
1744588047620 9.473684210526315 360
1744588056034 9.736842105263158 370
1744588063594 10.0 380
1744588070625 10.0 380
1744588072388 10.0 380
1744588072950 10.0 0
1744588079938 10.0 380
