1744587677158 1.0160664319992065 10
1744587685939 1.1444402933120728 20
1744587694085 1.1290955543518066 30
1744587712715 1.1790847778320312 40
1744587721020 1.1328586339950562 50
1744587729629 1.173882246017456 60
1744587738135 1.347991943359375 70
1744587755583 1.2443617582321167 80
1744587764099 1.3515923023223877 90
1744587772278 1.2281066179275513 100
1744587780711 1.2435367107391357 110
1744587796915 1.4708937406539917 120
1744587805412 1.268178939819336 130
1744587813590 1.4835197925567627 140
1744587822057 1.3994956016540527 150
1744587838605 1.4551504850387573 160
1744587846879 1.5446605682373047 170
1744587855115 1.3954198360443115 180
1744587862950 5.34657096862793 190
1744587880250 1.4142968654632568 200
1744587888673 1.52386474609375 210
1744587897281 1.5614784955978394 220
1744587913729 1.632311463356018 230
1744587921930 2.1571500301361084 240
1744587930175 2.2155985832214355 250
1744587939040 2.3464367389678955 260
1744587955405 1.7868609428405762 270
1744587964004 1.486422061920166 280
1744587972346 1.7698884010314941 290
1744587980646 1.4449036121368408 300
1744587998035 1.7597702741622925 310
1744588006119 1.4621646404266357 320
1744588014373 1.8064812421798706 330
1744588022812 2.1684296131134033 340
1744588039323 1.8578563928604126 350
1744588047620 1.5260779857635498 360
1744588056034 1.6945152282714844 370
1744588063594 3.9522619247436523 380
