1744587677158 2.928947368421053e-05 10
1744587685939 2.8499999999999998e-05 20
1744587694085 2.7710526315789474e-05 30
1744587712715 2.6921052631578947e-05 40
1744587721020 2.6131578947368424e-05 50
1744587729629 2.5342105263157893e-05 60
1744587738135 2.455263157894737e-05 70
1744587755583 2.3763157894736842e-05 80
1744587764099 2.297368421052632e-05 90
1744587772278 2.2184210526315788e-05 100
1744587780711 2.1394736842105264e-05 110
1744587796915 2.0605263157894737e-05 120
1744587805412 1.9815789473684213e-05 130
1744587813590 1.9026315789473683e-05 140
1744587822057 1.823684210526316e-05 150
1744587838605 1.7447368421052632e-05 160
1744587846879 1.6657894736842105e-05 170
1744587855115 1.5868421052631578e-05 180
1744587862950 1.5078947368421054e-05 190
1744587880250 1.4289473684210527e-05 200
1744587888673 1.3500000000000001e-05 210
1744587897281 1.2710526315789474e-05 220
1744587913729 1.1921052631578949e-05 230
1744587921930 1.1131578947368421e-05 240
1744587930175 1.0342105263157896e-05 250
1744587939040 9.552631578947369e-06 260
1744587955405 8.763157894736843e-06 270
1744587964004 7.973684210526316e-06 280
1744587972346 7.184210526315789e-06 290
1744587980646 6.394736842105263e-06 300
1744587998035 5.605263157894737e-06 310
1744588006119 4.81578947368421e-06 320
1744588014373 4.026315789473684e-06 330
1744588022812 3.236842105263158e-06 340
1744588039323 2.447368421052632e-06 350
1744588047620 1.6578947368421053e-06 360
1744588056034 8.684210526315789e-07 370
1744588063594 7.894736842105264e-08 380
