1744587677158 2.6686 10
1744587685939 2.5812 20
1744587694085 2.4911 30
1744587712715 2.4384 40
1744587721020 2.3267 50
1744587729629 2.2368 60
1744587738135 2.1625 70
1744587755583 2.0752 80
1744587764099 2.0268 90
1744587772278 1.9403 100
1744587780711 1.9143 110
1744587796915 1.7847 120
1744587805412 1.7716 130
1744587813590 1.7418 140
1744587822057 1.7203 150
1744587838605 1.6279 160
1744587846879 1.6186 170
1744587855115 1.5886 180
1744587862950 1.5628 190
1744587880250 1.5117 200
1744587888673 1.4728 210
1744587897281 1.4645 220
1744587913729 1.4319 230
1744587921930 1.4141 240
1744587930175 1.388 250
1744587939040 1.3674 260
1744587955405 1.318 270
1744587964004 1.3406 280
1744587972346 1.3114 290
1744587980646 1.3608 300
1744587998035 1.3432 310
1744588006119 1.2876 320
1744588014373 1.2365 330
1744588022812 1.2914 340
1744588039323 1.261 350
1744588047620 1.2634 360
1744588056034 1.2571 370
1744588063594 1.2633 380
