1744599489060 0.2631578947368421 10
1744599498219 0.5263157894736842 20
1744599507175 0.7894736842105263 30
1744599522872 1.0 38
1744599526651 1.0526315789473684 40
1744599535173 1.3157894736842106 50
1744599543719 1.5789473684210527 60
1744599551943 1.8421052631578947 70
1744599563510 2.0 76
1744599569113 2.1052631578947367 80
1744599577626 2.3684210526315788 90
1744599586157 2.6315789473684212 100
1744599594325 2.8947368421052633 110
1744599604016 3.0 114
1744599605815 3.0 114
1744599606471 3.0 0
1744599613788 3.0 114
