1744584932166 0.5263157894736842 10
1744584950374 1.0 19
1744584954486 1.0526315789473684 20
1744584968342 1.5789473684210527 30
1744584984740 2.0 38
1744584989858 2.1052631578947367 40
1744585003170 2.6315789473684212 50
1744585017704 3.0 57
1744585024225 3.1578947368421053 60
1744585037790 3.6842105263157894 70
1744585050966 4.0 76
1744585058745 4.2105263157894735 80
1744585072110 4.7368421052631575 90
1744585083840 5.0 95
1744585092927 5.2631578947368425 100
1744585106171 5.7894736842105265 110
1744585116153 6.0 114
1744585126441 6.315789473684211 120
1744585139651 6.842105263157895 130
1744585148457 7.0 133
1744585160339 7.368421052631579 140
1744585174260 7.894736842105263 150
1744585181647 8.0 152
1744585194708 8.421052631578947 160
1744585207592 8.947368421052632 170
1744585213994 9.0 171
1744585228698 9.473684210526315 180
1744585240566 10.0 190
1744585246748 10.0 190
1744585262372 10.526315789473685 200
1744585279300 11.0 209
1744585283317 11.052631578947368 210
1744585296656 11.578947368421053 220
1744585312219 12.0 228
1744585317378 12.105263157894736 230
1744585330756 12.631578947368421 240
1744585345038 13.0 247
1744585351621 13.157894736842104 250
1744585365889 13.68421052631579 260
1744585378742 14.0 266
1744585386688 14.210526315789474 270
1744585400374 14.736842105263158 280
1744585411781 15.0 285
1744585413570 15.0 285
1744585414113 15.0 0
1744585420683 15.0 285
