1744584932166 0.726741373538971 10
1744584954486 0.8312395811080933 20
1744584968342 0.8892011642456055 30
1744584989858 0.9240017533302307 40
1744585003170 0.9876442551612854 50
1744585024225 0.9581974744796753 60
1744585037790 0.9276894927024841 70
1744585058745 0.9987806677818298 80
1744585072110 1.0218665599822998 90
1744585092927 1.0572506189346313 100
1744585106171 1.118353247642517 110
1744585126441 1.0602726936340332 120
1744585139651 1.210965871810913 130
1744585160339 1.429094910621643 140
1744585174260 1.0537378787994385 150
1744585194708 1.1363226175308228 160
1744585207592 1.1934754848480225 170
1744585228698 1.5062698125839233 180
1744585240566 1.7293963432312012 190
1744585262372 1.2380106449127197 200
1744585283317 1.331494927406311 210
1744585296656 1.2482225894927979 220
1744585317378 1.1901556253433228 230
1744585330756 1.3346737623214722 240
1744585351621 1.2310961484909058 250
1744585365889 1.1914488077163696 260
1744585386688 1.192309021949768 270
1744585400374 1.0910812616348267 280
