1744584932166 1.936842105263158e-05 10
1744584954486 1.866666666666667e-05 20
1744584968342 1.7964912280701756e-05 30
1744584989858 1.7263157894736843e-05 40
1744585003170 1.656140350877193e-05 50
1744585024225 1.5859649122807018e-05 60
1744585037790 1.5157894736842107e-05 70
1744585058745 1.4456140350877195e-05 80
1744585072110 1.3754385964912282e-05 90
1744585092927 1.305263157894737e-05 100
1744585106171 1.2350877192982458e-05 110
1744585126441 1.1649122807017546e-05 120
1744585139651 1.0947368421052633e-05 130
1744585160339 1.024561403508772e-05 140
1744585174260 9.543859649122808e-06 150
1744585194708 8.842105263157895e-06 160
1744585207592 8.140350877192983e-06 170
1744585228698 7.438596491228071e-06 180
1744585240566 6.736842105263158e-06 190
1744585262372 6.035087719298246e-06 200
1744585283317 5.333333333333334e-06 210
1744585296656 4.631578947368421e-06 220
1744585317378 3.929824561403509e-06 230
1744585330756 3.2280701754385966e-06 240
1744585351621 2.5263157894736844e-06 250
1744585365889 1.8245614035087722e-06 260
1744585386688 1.1228070175438598e-06 270
1744585400374 4.210526315789474e-07 280
