1744584932166 2.6809 10
1744584954486 2.5974 20
1744584968342 2.5122 30
1744584989858 2.4312 40
1744585003170 2.3563 50
1744585024225 2.2741 60
1744585037790 2.193 70
1744585058745 2.1401 80
1744585072110 2.0674 90
1744585092927 1.9889 100
1744585106171 1.9558 110
1744585126441 1.9136 120
1744585139651 1.8599 130
1744585160339 1.8078 140
1744585174260 1.789 150
1744585194708 1.7503 160
1744585207592 1.7221 170
1744585228698 1.6851 180
1744585240566 1.684 190
1744585262372 1.6426 200
1744585283317 1.645 210
1744585296656 1.6196 220
1744585317378 1.5994 230
1744585330756 1.5821 240
1744585351621 1.5759 250
1744585365889 1.5851 260
1744585386688 1.5699 270
1744585400374 1.5625 280
