1744763587275 0.20408163265306123 10
1744763607472 0.40816326530612246 20
1744763627711 0.6122448979591837 30
1744763647845 0.8163265306122449 40
1744763685376 1.0 49
1744763689845 1.0204081632653061 50
1744763709786 1.2244897959183674 60
1744763729965 1.4285714285714286 70
1744763750295 1.6326530612244898 80
1744763770257 1.836734693877551 90
1744763804451 2.0 98
1744763810811 2.0408163265306123 100
1744763830704 2.2448979591836733 110
1744763850699 2.4489795918367347 120
1744763870659 2.6530612244897958 130
1744763890394 2.857142857142857 140
1744763922366 3.0 147
1744763931625 3.061224489795918 150
1744763951365 3.2653061224489797 160
1744763971673 3.4693877551020407 170
1744763991533 3.673469387755102 180
1744764011616 3.877551020408163 190
1744764042357 4.0 196
1744764052938 4.081632653061225 200
1744764072774 4.285714285714286 210
1744764092400 4.489795918367347 220
1744764112225 4.6938775510204085 230
1744764132303 4.8979591836734695 240
1744764160574 5.0 245
1744764172903 5.1020408163265305 250
1744764192899 5.3061224489795915 260
1744764212522 5.510204081632653 270
1744764232839 5.714285714285714 280
1744764252879 5.918367346938775 290
1744764279113 6.0 294
1744764293797 6.122448979591836 300
1744764313929 6.326530612244898 310
1744764333579 6.530612244897959 320
1744764353183 6.73469387755102 330
1744764373152 6.938775510204081 340
1744764397188 7.0 343
1744764414100 7.142857142857143 350
1744764434385 7.346938775510204 360
1744764454660 7.551020408163265 370
1744764474854 7.755102040816326 380
1744764494634 7.959183673469388 390
1744764517638 8.0 392
1744764536457 8.16326530612245 400
1744764556161 8.36734693877551 410
1744764576008 8.571428571428571 420
1744764595747 8.775510204081632 430
1744764615195 8.979591836734693 440
1744764636330 9.0 441
1744764656818 9.183673469387756 450
1744764676778 9.387755102040817 460
1744764696732 9.591836734693878 470
1744764717114 9.795918367346939 480
1744764734761 10.0 490
1744764754953 10.0 490
1744764777109 10.204081632653061 500
1744764796917 10.408163265306122 510
1744764816836 10.612244897959183 520
1744764836611 10.816326530612244 530
1744764873127 11.0 539
1744764877765 11.020408163265307 540
1744764897673 11.224489795918368 550
1744764917101 11.428571428571429 560
1744764936776 11.63265306122449 570
1744764956441 11.83673469387755 580
1744764990160 12.0 588
1744764997026 12.040816326530612 590
1744765016600 12.244897959183673 600
1744765036435 12.448979591836734 610
1744765056289 12.653061224489797 620
1744765076365 12.857142857142858 630
1744765108900 13.0 637
1744765117560 13.061224489795919 640
1744765137545 13.26530612244898 650
1744765157031 13.46938775510204 660
1744765177011 13.673469387755102 670
1744765196630 13.877551020408163 680
1744765226534 14.0 686
1744765237050 14.081632653061224 690
1744765256859 14.285714285714286 700
1744765276841 14.489795918367347 710
1744765296575 14.693877551020408 720
1744765316471 14.89795918367347 730
1744765344096 15.0 735
1744765356722 15.10204081632653 740
1744765376339 15.306122448979592 750
1744765395656 15.510204081632653 760
1744765415426 15.714285714285714 770
1744765435376 15.918367346938776 780
1744765461500 16.0 784
1744765476113 16.122448979591837 790
1744765495981 16.3265306122449 800
1744765515925 16.53061224489796 810
1744765535630 16.73469387755102 820
1744765555575 16.93877551020408 830
1744765579671 17.0 833
1744765596299 17.142857142857142 840
1744765615958 17.346938775510203 850
1744765635391 17.551020408163264 860
1744765655054 17.755102040816325 870
1744765674594 17.959183673469386 880
1744765696555 18.0 882
1744765714866 18.163265306122447 890
1744765734454 18.367346938775512 900
1744765754164 18.571428571428573 910
1744765774274 18.775510204081634 920
1744765793144 18.979591836734695 930
1744765813863 19.0 931
1744765834255 19.183673469387756 940
1744765853612 19.387755102040817 950
1744765873074 19.591836734693878 960
1744765892522 19.79591836734694 970
1744765910331 20.0 980
1744765931000 20.0 980
1744765953485 20.20408163265306 990
1744765973510 20.408163265306122 1000
1744765993116 20.612244897959183 1010
1744766013096 20.816326530612244 1020
1744766049437 21.0 1029
1744766054103 21.020408163265305 1030
1744766074307 21.224489795918366 1040
1744766094236 21.428571428571427 1050
1744766114144 21.632653061224488 1060
1744766133908 21.836734693877553 1070
1744766168297 22.0 1078
1744766174849 22.040816326530614 1080
1744766194820 22.244897959183675 1090
1744766214869 22.448979591836736 1100
1744766235020 22.653061224489797 1110
1744766254752 22.857142857142858 1120
1744766287069 23.0 1127
1744766295805 23.06122448979592 1130
1744766315631 23.26530612244898 1140
1744766335524 23.46938775510204 1150
1744766355027 23.6734693877551 1160
1744766374786 23.877551020408163 1170
1744766404672 24.0 1176
1744766415350 24.081632653061224 1180
1744766435098 24.285714285714285 1190
1744766454702 24.489795918367346 1200
1744766474196 24.693877551020407 1210
1744766493836 24.897959183673468 1220
1744766521929 25.0 1225
1744766534627 25.102040816326532 1230
1744766554382 25.306122448979593 1240
1744766574082 25.510204081632654 1250
1744766594045 25.714285714285715 1260
1744766613816 25.918367346938776 1270
1744766640031 26.0 1274
1744766654299 26.122448979591837 1280
1744766673975 26.3265306122449 1290
1744766693774 26.53061224489796 1300
1744766713269 26.73469387755102 1310
1744766732762 26.93877551020408 1320
1744766756863 27.0 1323
1744766773638 27.142857142857142 1330
1744766793403 27.346938775510203 1340
1744766813040 27.551020408163264 1350
1744766832416 27.755102040816325 1360
1744766852016 27.959183673469386 1370
1744766874169 28.0 1372
1744766892806 28.163265306122447 1380
1744766912853 28.367346938775512 1390
1744766932846 28.571428571428573 1400
1744766952598 28.775510204081634 1410
1744766971692 28.979591836734695 1420
1744766992771 29.0 1421
1744767013014 29.183673469387756 1430
1744767033026 29.387755102040817 1440
1744767052755 29.591836734693878 1450
1744767072788 29.79591836734694 1460
1744767090751 30.0 1470
1744767111095 30.0 1470
1744767112920 30.0 1470
1744767113429 30.0 0
1744767133314 30.0 1470
