1744763587275 3.828429698944092 10
1744763607472 4.216200351715088 20
1744763627711 5.613576889038086 30
1744763647845 5.312499046325684 40
1744763689845 5.149198055267334 50
1744763709786 4.840950012207031 60
1744763729965 3.6581039428710938 70
1744763750295 4.9109344482421875 80
1744763770257 4.599164009094238 90
1744763810811 4.359432697296143 100
1744763830704 3.592827796936035 110
1744763850699 3.3994216918945312 120
1744763870659 4.230091094970703 130
1744763890394 3.746088981628418 140
1744763931625 4.071166515350342 150
1744763951365 4.409926414489746 160
1744763971673 4.759043216705322 170
1744763991533 4.570689678192139 180
1744764011616 2.9883060455322266 190
1744764052938 3.7157628536224365 200
1744764072774 3.0381181240081787 210
1744764092400 3.8629019260406494 220
1744764112225 2.82979679107666 230
1744764132303 3.440150260925293 240
1744764172903 3.251615524291992 250
1744764192899 3.9587206840515137 260
1744764212522 4.065123558044434 270
1744764232839 2.948397397994995 280
1744764252879 2.7252261638641357 290
1744764293797 2.3513782024383545 300
1744764313929 3.3611156940460205 310
1744764333579 3.0650503635406494 320
1744764353183 2.43487286567688 330
1744764373152 3.476875066757202 340
1744764414100 2.206801414489746 350
1744764434385 2.8041207790374756 360
1744764454660 4.179765224456787 370
1744764474854 3.6167550086975098 380
1744764494634 3.5875415802001953 390
1744764536457 3.0128719806671143 400
1744764556161 3.3557450771331787 410
1744764576008 3.672891616821289 420
1744764595747 3.0211071968078613 430
1744764615195 2.462310791015625 440
1744764656818 2.9843196868896484 450
1744764676778 3.0202291011810303 460
1744764696732 3.487438440322876 470
1744764717114 3.882843494415283 480
1744764734761 4.341540336608887 490
1744764777109 2.9439103603363037 500
1744764796917 2.8959925174713135 510
1744764816836 3.2921206951141357 520
1744764836611 2.495356798171997 530
1744764877765 2.4769082069396973 540
1744764897673 3.404609203338623 550
1744764917101 2.3396992683410645 560
1744764936776 3.093047857284546 570
1744764956441 3.4786899089813232 580
1744764997026 2.76362681388855 590
1744765016600 6.572766304016113 600
1744765036435 2.6284945011138916 610
1744765056289 2.259270191192627 620
1744765076365 2.890503168106079 630
1744765117560 2.6477932929992676 640
1744765137545 2.032538652420044 650
1744765157031 2.8209502696990967 660
1744765177011 2.123408317565918 670
1744765196630 3.402458667755127 680
1744765237050 3.1584861278533936 690
1744765256859 2.2405853271484375 700
1744765276841 2.8236851692199707 710
1744765296575 2.183687210083008 720
1744765316471 1.885637879371643 730
1744765356722 2.209477663040161 740
1744765376339 2.083658218383789 750
1744765395656 6.044373512268066 760
1744765415426 2.4651038646698 770
1744765435376 2.5569827556610107 780
1744765476113 2.2274861335754395 790
1744765495981 2.3308982849121094 800
1744765515925 2.507781744003296 810
1744765535630 2.2462356090545654 820
1744765555575 1.9427882432937622 830
1744765596299 2.581420660018921 840
1744765615958 2.1273319721221924 850
1744765635391 2.171381950378418 860
1744765655054 2.411560297012329 870
1744765674594 2.5945844650268555 880
1744765714866 2.471843957901001 890
1744765734454 2.778986692428589 900
1744765754164 2.021821975708008 910
1744765774274 1.8180476427078247 920
1744765793144 1.91526198387146 930
1744765834255 2.1312386989593506 940
1744765853612 2.089599132537842 950
1744765873074 1.9055510759353638 960
1744765892522 2.538832664489746 970
1744765910331 5.357456684112549 980
1744765953485 1.8199763298034668 990
1744765973510 2.2599709033966064 1000
1744765993116 1.731471300125122 1010
1744766013096 1.7347614765167236 1020
1744766054103 1.5993515253067017 1030
1744766074307 1.9122931957244873 1040
1744766094236 1.8476935625076294 1050
1744766114144 2.110568046569824 1060
1744766133908 2.131572723388672 1070
1744766174849 1.7651447057724 1080
1744766194820 1.9075554609298706 1090
1744766214869 1.677498459815979 1100
1744766235020 2.332760810852051 1110
1744766254752 2.3241186141967773 1120
1744766295805 1.479475736618042 1130
1744766315631 1.6720095872879028 1140
1744766335524 2.001131534576416 1150
1744766355027 1.4842301607131958 1160
1744766374786 1.4054529666900635 1170
1744766415350 1.7285223007202148 1180
1744766435098 1.784866452217102 1190
1744766454702 1.849570631980896 1200
1744766474196 1.9457913637161255 1210
1744766493836 2.5233514308929443 1220
1744766534627 1.8261559009552002 1230
1744766554382 1.4695746898651123 1240
1744766574082 1.405015468597412 1250
1744766594045 1.9678374528884888 1260
1744766613816 2.6668012142181396 1270
1744766654299 1.9179744720458984 1280
1744766673975 2.4695627689361572 1290
1744766693774 3.8863332271575928 1300
1744766713269 1.3770335912704468 1310
1744766732762 1.4682141542434692 1320
1744766773638 1.3842474222183228 1330
1744766793403 2.2647016048431396 1340
1744766813040 1.8568930625915527 1350
1744766832416 2.6745858192443848 1360
1744766852016 1.6243212223052979 1370
1744766892806 1.43009614944458 1380
1744766912853 2.0933170318603516 1390
1744766932846 1.4465385675430298 1400
1744766952598 2.1057958602905273 1410
1744766971692 1.273049235343933 1420
1744767013014 1.5736310482025146 1430
1744767033026 1.3894047737121582 1440
1744767052755 1.3881298303604126 1450
1744767072788 2.484980821609497 1460
1744767090751 4.335363388061523 1470
