1744763587275 1.8367346938775508e-05 10
1744763607472 3.8775510204081634e-05 20
1744763627711 5.9183673469387746e-05 30
1744763647845 7.959183673469388e-05 40
1744763689845 9.999999999999999e-05 50
1744763709786 0.00012040816326530612 60
1744763729965 0.00014081632653061224 70
1744763750295 0.00016122448979591836 80
1744763770257 0.00018163265306122447 90
1744763810811 0.00020204081632653058 100
1744763830704 0.00022244897959183672 110
1744763850699 0.00024285714285714283 120
1744763870659 0.00026326530612244894 130
1744763890394 0.0002836734693877551 140
1744763931625 0.0002999983083890199 150
1744763951365 0.0002999391060107877 160
1744763971673 0.0002997953612336532 170
1744763991533 0.0002995671551073745 180
1744764011616 0.0002992546163048102 190
1744764052938 0.00029885792104936723 200
1744764072774 0.0002983772930156389 210
1744764092400 0.00029781300320328634 220
1744764112225 0.00029716536978423747 230
1744764132303 0.000296434757923287 240
1744764172903 0.00029562157957219995 250
1744764192899 0.0002947262932374352 260
1744764212522 0.0002937494037216188 270
1744764232839 0.0002926914618389133 280
1744764252879 0.00029155306410444436 290
1744764293797 0.0002903348523979587 300
1744764313929 0.0002890375136019032 310
1744764333579 0.0002876617792141302 320
1744764353183 0.0002862084249354457 330
1744764373152 0.0002846782702322347 340
1744764414100 0.0002830721778744093 350
1744764434385 0.00028139105344894 360
1744764454660 0.0002796358448492455 370
1744764474854 0.00027780754174072756 380
1744764494634 0.0002759071750027533 390
1744764536457 0.00027393581614739923 400
1744764556161 0.0002718945767152844 410
1744764576008 0.00026978460764883426 420
1744764595747 0.00026760709864332723 430
1744764615195 0.00026536327747609154 440
1744764656818 0.0002630544093142288 450
1744764676778 0.0002606817960012563 460
1744764696732 0.0002582467753230693 470
1744764717114 0.0002557507202536368 480
1744764734761 0.0002531950381808578 490
1744764777109 0.00025058117011301216 500
1744764796917 0.00024791058986625616 510
1744764816836 0.0002451848032336181 520
1744764836611 0.00024240534713596505 530
1744764877765 0.00023957378875541792 540
1744764897673 0.00023669172465170328 550
1744764917101 0.00023376077986194202 560
1744764936776 0.00023078260698437987 570
1744764956441 0.00022775888524657878 580
1744764997026 0.00022469131955859265 590
1744765016600 0.0002215816395516629 600
1744765036435 0.00021843159860297442 610
1744765056289 0.00021524297284702295 620
1744765076365 0.00021201756017415055 630
1744765117560 0.0002087571792168147 640
1744765137545 0.00020546366832416114 650
1744765157031 0.00020213888452548065 660
1744765177011 0.00019878470248313208 670
1744765196630 0.00019540301343552388 680
1744765237050 0.00019199572413074891 690
1744765256859 0.00018856475575147418 700
1744765276841 0.000185112042831692 710
1744765296575 0.00018163953216594254 720
1744765316471 0.00017814918171162413 730
1744765356722 0.00017464295948500856 740
1744765376339 0.0001711228424515855 750
1744765395656 0.00016759081541136027 760
1744765415426 0.00016404886987973484 770
1744765435376 0.00016049900296460183 780
1744765476113 0.00015694321624028535 790
1744765495981 0.00015338351461896397 800
1744765515925 0.00014982190522021065 810
1744765535630 0.00014626039623928907 820
1744765555575 0.00014270099581484275 830
1744765596299 0.0001391457108966164 840
1744765615958 0.00013559654611384773 850
1744765635391 0.0001320555026449671 860
1744765655054 0.00012852457708924377 870
1744765674594 0.00012500576034101313 880
1744765714866 0.00012150103646712153 890
1744765734454 0.00011801238158821992 900
1744765754164 0.00011454176276453865 910
1744765774274 0.00011109113688677057 920
1744765793144 0.00010766244957268787 930
1744765834255 0.00010425763407011593 940
1744765853612 0.00010087861016688095 950
1744765873074 9.752728310834782e-05 960
1744765892522 9.420554252315683e-05 970
1744765910331 9.091526135776664e-05 980
1744765953485 8.765829482040268e-05 990
1744765973510 8.443647933500755e-05 1000
1744765993116 8.125163150578274e-05 1010
1744766013096 7.810554709290585e-05 1020
1744766054103 7.500000000000002e-05 1030
1744766074307 7.193674127392771e-05 1040
1744766094236 6.891749811747173e-05 1050
1744766114144 6.594397291546092e-05 1060
1744766133908 6.301784227488909e-05 1070
1744766174849 6.0140756079568586e-05 1080
1744766194820 5.7314336559851955e-05 1090
1744766214869 5.4540177377945465e-05 1100
1744766235020 5.181984272933105e-05 1110
1744766254752 4.9154866460802464e-05 1120
1744766295805 4.6546751205613635e-05 1130
1744766315631 4.399696753622661e-05 1140
1744766335524 4.1506953135136794e-05 1150
1744766355027 3.907811198424312e-05 1160
1744766374786 3.67118135732198e-05 1170
1744766415350 3.44093921273367e-05 1180
1744766435098 3.217214585516336e-05 1190
1744766454702 3.0001336216580425e-05 1200
1744766474196 2.789818721151227e-05 1210
1744766493836 2.58638846897806e-05 1220
1744766534627 2.38995756824693e-05 1230
1744766554382 2.2006367755176655e-05 1240
1744766574082 2.0185328383520318e-05 1250
1744766594045 1.8437484351246556e-05 1260
1744766613816 1.676382117128341e-05 1270
1744766654299 1.516528253006432e-05 1280
1744766673975 1.3642769755435368e-05 1290
1744766693774 1.2197141308446246e-05 1300
1744766713269 1.0829212299311197e-05 1310
1744766732762 9.539754027813412e-06 1320
1744766773638 8.32949354841163e-06 1330
1744766793403 7.199113260294026e-06 1340
1744766813040 6.149250522611121e-06 1350
1744766832416 5.180497295103892e-06 1360
1744766852016 4.2933998043304385e-06 1370
1744766892806 3.4884582356788206e-06 1380
1744766912853 2.7661264513401837e-06 1390
1744766932846 2.1268117344008517e-06 1400
1744766952598 1.5708745591977545e-06 1410
1744766971692 1.0986283880668968e-06 1420
1744767013014 7.10339494599238e-07 1430
1744767033026 4.062268135036406e-07 1440
1744767052755 1.8646181716164831e-07 1450
1744767072788 5.116841894369228e-08 1460
1744767090751 4.2290334117955903e-10 1470
