1744763587275 3.7468 10
1744763607472 3.2827 20
1744763627711 2.7045 30
1744763647845 2.2543 40
1744763689845 1.9821 50
1744763709786 1.8051 60
1744763729965 1.725 70
1744763750295 1.7129 80
1744763770257 1.6865 90
1744763810811 1.7024 100
1744763830704 1.6257 110
1744763850699 1.6088 120
1744763870659 1.5942 130
1744763890394 1.6078 140
1744763931625 1.5886 150
1744763951365 1.554 160
1744763971673 1.5725 170
1744763991533 1.5539 180
1744764011616 1.5788 190
1744764052938 1.5316 200
1744764072774 1.5069 210
1744764092400 1.4898 220
1744764112225 1.5029 230
1744764132303 1.5074 240
1744764172903 1.4261 250
1744764192899 1.4051 260
1744764212522 1.4054 270
1744764232839 1.4134 280
1744764252879 1.4529 290
1744764293797 1.4016 300
1744764313929 1.3736 310
1744764333579 1.3818 320
1744764353183 1.4016 330
1744764373152 1.3752 340
1744764414100 1.3468 350
1744764434385 1.3396 360
1744764454660 1.3628 370
1744764474854 1.3194 380
1744764494634 1.3326 390
1744764536457 1.2609 400
1744764556161 1.3164 410
1744764576008 1.329 420
1744764595747 1.3019 430
1744764615195 1.2931 440
1744764656818 1.2716 450
1744764676778 1.2681 460
1744764696732 1.2679 470
1744764717114 1.2547 480
1744764734761 1.2772 490
1744764777109 1.2065 500
1744764796917 1.2354 510
1744764816836 1.2656 520
1744764836611 1.2253 530
1744764877765 1.2065 540
1744764897673 1.1851 550
1744764917101 1.1576 560
1744764936776 1.1903 570
1744764956441 1.1863 580
1744764997026 1.1754 590
1744765016600 1.1688 600
1744765036435 1.1438 610
1744765056289 1.1644 620
1744765076365 1.1665 630
1744765117560 1.1807 640
1744765137545 1.107 650
1744765157031 1.1176 660
1744765177011 1.1329 670
1744765196630 1.1379 680
1744765237050 1.1116 690
1744765256859 1.082 700
1744765276841 1.0967 710
1744765296575 1.1154 720
1744765316471 1.1107 730
1744765356722 1.0732 740
1744765376339 1.0901 750
1744765395656 1.0568 760
1744765415426 1.0698 770
1744765435376 1.0579 780
1744765476113 1.0775 790
1744765495981 1.0343 800
1744765515925 1.0437 810
1744765535630 1.0365 820
1744765555575 1.0568 830
1744765596299 1.044 840
1744765615958 1.0356 850
1744765635391 1.0299 860
1744765655054 1.0311 870
1744765674594 1.0298 880
1744765714866 0.9831 890
1744765734454 1.0305 900
1744765754164 0.9925 910
1744765774274 0.9949 920
1744765793144 1.0056 930
1744765834255 1.0006 940
1744765853612 0.9896 950
1744765873074 0.9651 960
1744765892522 0.9839 970
1744765910331 0.9996 980
1744765953485 0.9936 990
1744765973510 0.9588 1000
1744765993116 0.9769 1010
1744766013096 0.9712 1020
1744766054103 0.9683 1030
1744766074307 0.9352 1040
1744766094236 0.9465 1050
1744766114144 0.9418 1060
1744766133908 0.9269 1070
1744766174849 0.9708 1080
1744766194820 0.9372 1090
1744766214869 0.9618 1100
1744766235020 0.9291 1110
1744766254752 0.9296 1120
1744766295805 0.9343 1130
1744766315631 0.9277 1140
1744766335524 0.9228 1150
1744766355027 0.9056 1160
1744766374786 0.9409 1170
1744766415350 0.8945 1180
1744766435098 0.9076 1190
1744766454702 0.8923 1200
1744766474196 0.9289 1210
1744766493836 0.8867 1220
1744766534627 0.9171 1230
1744766554382 0.9056 1240
1744766574082 0.9005 1250
1744766594045 0.8865 1260
1744766613816 0.9152 1270
1744766654299 0.9076 1280
1744766673975 0.8868 1290
1744766693774 0.8831 1300
1744766713269 0.8956 1310
1744766732762 0.8996 1320
1744766773638 0.9077 1330
1744766793403 0.8814 1340
1744766813040 0.8875 1350
1744766832416 0.8976 1360
1744766852016 0.9066 1370
1744766892806 0.8978 1380
1744766912853 0.8818 1390
1744766932846 0.9147 1400
1744766952598 0.8895 1410
1744766971692 0.8946 1420
1744767013014 0.8809 1430
1744767033026 0.8823 1440
1744767052755 0.892 1450
1744767072788 0.8753 1460
1744767090751 0.9032 1470
