1744577122869 0.2631578947368421 10
1744577131282 0.5263157894736842 20
1744577139798 0.7894736842105263 30
1744577154949 1.0 38
1744577158723 1.0526315789473684 40
1744577167231 1.3157894736842106 50
1744577175585 1.5789473684210527 60
1744577183660 1.8421052631578947 70
1744577194859 2.0 76
1744577200082 2.1052631578947367 80
1744577208428 2.3684210526315788 90
1744577216789 2.6315789473684212 100
1744577224893 2.8947368421052633 110
1744577234577 3.0 114
1744577241591 3.1578947368421053 120
1744577249811 3.4210526315789473 130
1744577257920 3.6842105263157894 140
1744577266230 3.9473684210526314 150
1744577273920 4.0 152
1744577282425 4.2105263157894735 160
1744577290657 4.473684210526316 170
1744577298795 4.7368421052631575 180
1744577306221 5.0 190
1744577313154 5.0 190
1744577323444 5.2631578947368425 200
1744577331762 5.526315789473684 210
1744577339789 5.7894736842105265 220
1744577352425 6.0 228
1744577356019 6.052631578947368 230
1744577364483 6.315789473684211 240
1744577372507 6.578947368421053 250
1744577380880 6.842105263157895 260
1744577392371 7.0 266
1744577397757 7.105263157894737 270
1744577406020 7.368421052631579 280
1744577414297 7.631578947368421 290
1744577422493 7.894736842105263 300
1744577432058 8.0 304
1744577439218 8.157894736842104 310
1744577447695 8.421052631578947 320
1744577455907 8.68421052631579 330
1744577464470 8.947368421052632 340
1744577472558 9.0 342
1744577481280 9.210526315789474 350
1744577489448 9.473684210526315 360
1744577497792 9.736842105263158 370
1744577505167 10.0 380
1744577511870 10.0 380
1744577522182 10.263157894736842 390
1744577530756 10.526315789473685 400
1744577539577 10.789473684210526 410
1744577552184 11.0 418
1744577556023 11.052631578947368 420
1744577564338 11.31578947368421 430
1744577572407 11.578947368421053 440
1744577580633 11.842105263157894 450
1744577591647 12.0 456
1744577596912 12.105263157894736 460
1744577605071 12.368421052631579 470
1744577613293 12.631578947368421 480
1744577621866 12.894736842105264 490
1744577631029 13.0 494
1744577638223 13.157894736842104 500
1744577646372 13.421052631578947 510
1744577654840 13.68421052631579 520
1744577663328 13.947368421052632 530
1744577671119 14.0 532
1744577679764 14.210526315789474 540
1744577687828 14.473684210526315 550
1744577696130 14.736842105263158 560
1744577703747 15.0 570
1744577710942 15.0 570
1744577721094 15.263157894736842 580
1744577729317 15.526315789473685 590
1744577737706 15.789473684210526 600
1744577750263 16.0 608
1744577753913 16.05263157894737 610
1744577762091 16.31578947368421 620
1744577770524 16.57894736842105 630
1744577778742 16.842105263157894 640
1744577790056 17.0 646
1744577795566 17.105263157894736 650
1744577803670 17.36842105263158 660
1744577812109 17.63157894736842 670
1744577820098 17.894736842105264 680
1744577829523 18.0 684
1744577836631 18.157894736842106 690
1744577844657 18.42105263157895 700
1744577852965 18.68421052631579 710
1744577860980 18.94736842105263 720
1744577869093 19.0 722
1744577877590 19.210526315789473 730
1744577885865 19.473684210526315 740
1744577894082 19.736842105263158 750
1744577901542 20.0 760
1744577908475 20.0 760
1744577910195 20.0 760
1744577910737 20.0 0
1744577917704 20.0 760
