1744577122869 1.0085664987564087 10
1744577131282 0.9772655963897705 20
1744577139798 0.9845861792564392 30
1744577158723 1.0442500114440918 40
1744577167231 1.0188746452331543 50
1744577175585 1.1722246408462524 60
1744577183660 1.0999045372009277 70
1744577200082 1.1136009693145752 80
1744577208428 1.0240185260772705 90
1744577216789 1.2695202827453613 100
1744577224893 1.2320914268493652 110
1744577241591 1.2558512687683105 120
1744577249811 1.203905463218689 130
1744577257920 1.162858486175537 140
1744577266230 1.1647086143493652 150
1744577282425 1.208286166191101 160
1744577290657 1.2890989780426025 170
1744577298795 1.345198154449463 180
1744577306221 3.4005014896392822 190
1744577323444 1.2956002950668335 200
1744577331762 1.303229570388794 210
1744577339789 1.6782493591308594 220
1744577356019 1.3307428359985352 230
1744577364483 1.3981186151504517 240
1744577372507 1.2913202047348022 250
1744577380880 1.465219497680664 260
1744577397757 1.3477177619934082 270
1744577406020 1.5014033317565918 280
1744577414297 1.4608417749404907 290
1744577422493 1.4922817945480347 300
1744577439218 1.3453611135482788 310
1744577447695 1.5678126811981201 320
1744577455907 1.4440215826034546 330
1744577464470 1.8458988666534424 340
1744577481280 1.5113273859024048 350
1744577489448 1.6893256902694702 360
1744577497792 1.6706846952438354 370
1744577505167 3.5231411457061768 380
1744577522182 1.489864706993103 390
1744577530756 1.5382579565048218 400
1744577539577 1.5973340272903442 410
1744577556023 1.6052978038787842 420
1744577564338 1.6508232355117798 430
1744577572407 1.8098902702331543 440
1744577580633 2.0379273891448975 450
1744577596912 1.458425760269165 460
1744577605071 1.348555088043213 470
1744577613293 1.443767786026001 480
1744577621866 1.6585482358932495 490
1744577638223 2.2997825145721436 500
1744577646372 1.4772166013717651 510
1744577654840 1.7349293231964111 520
1744577663328 1.855414867401123 530
1744577679764 1.6170761585235596 540
1744577687828 1.94917893409729 550
1744577696130 1.6628957986831665 560
1744577703747 3.421337842941284 570
1744577721094 1.7446573972702026 580
1744577729317 1.6509003639221191 590
1744577737706 2.207468271255493 600
1744577753913 1.8931900262832642 610
1744577762091 1.6543631553649902 620
1744577770524 1.438123345375061 630
1744577778742 1.6910909414291382 640
1744577795566 1.6980010271072388 650
1744577803670 1.6013060808181763 660
1744577812109 1.7175862789154053 670
1744577820098 1.7724192142486572 680
1744577836631 1.6375213861465454 690
1744577844657 1.7655608654022217 700
1744577852965 1.6465277671813965 710
1744577860980 2.020378589630127 720
1744577877590 2.0173122882843018 730
1744577885865 1.5355490446090698 740
1744577894082 1.7915641069412231 750
1744577901542 4.049051284790039 760
