1744577122869 9.881578947368422e-06 10
1744577131282 9.75e-06 20
1744577139798 9.61842105263158e-06 30
1744577158723 9.486842105263158e-06 40
1744577167231 9.355263157894738e-06 50
1744577175585 9.223684210526316e-06 60
1744577183660 9.092105263157896e-06 70
1744577200082 8.960526315789474e-06 80
1744577208428 8.828947368421054e-06 90
1744577216789 8.697368421052633e-06 100
1744577224893 8.565789473684213e-06 110
1744577241591 8.43421052631579e-06 120
1744577249811 8.302631578947369e-06 130
1744577257920 8.171052631578949e-06 140
1744577266230 8.039473684210527e-06 150
1744577282425 7.907894736842105e-06 160
1744577290657 7.776315789473685e-06 170
1744577298795 7.644736842105264e-06 180
1744577306221 7.513157894736842e-06 190
1744577323444 7.381578947368422e-06 200
1744577331762 7.25e-06 210
1744577339789 7.11842105263158e-06 220
1744577356019 6.986842105263158e-06 230
1744577364483 6.855263157894737e-06 240
1744577372507 6.723684210526316e-06 250
1744577380880 6.5921052631578955e-06 260
1744577397757 6.460526315789474e-06 270
1744577406020 6.328947368421054e-06 280
1744577414297 6.197368421052632e-06 290
1744577422493 6.065789473684212e-06 300
1744577439218 5.93421052631579e-06 310
1744577447695 5.802631578947368e-06 320
1744577455907 5.671052631578948e-06 330
1744577464470 5.5394736842105266e-06 340
1744577481280 5.407894736842106e-06 350
1744577489448 5.276315789473685e-06 360
1744577497792 5.144736842105264e-06 370
1744577505167 5.013157894736842e-06 380
1744577522182 4.881578947368422e-06 390
1744577530756 4.75e-06 400
1744577539577 4.618421052631579e-06 410
1744577556023 4.4868421052631584e-06 420
1744577564338 4.3552631578947375e-06 430
1744577572407 4.223684210526316e-06 440
1744577580633 4.092105263157895e-06 450
1744577596912 3.960526315789474e-06 460
1744577605071 3.828947368421053e-06 470
1744577613293 3.6973684210526317e-06 480
1744577621866 3.565789473684211e-06 490
1744577638223 3.43421052631579e-06 500
1744577646372 3.302631578947369e-06 510
1744577654840 3.1710526315789477e-06 520
1744577663328 3.0394736842105268e-06 530
1744577679764 2.907894736842106e-06 540
1744577687828 2.776315789473684e-06 550
1744577696130 2.644736842105263e-06 560
1744577703747 2.5131578947368423e-06 570
1744577721094 2.381578947368421e-06 580
1744577729317 2.25e-06 590
1744577737706 2.118421052631579e-06 600
1744577753913 1.9868421052631582e-06 610
1744577762091 1.855263157894737e-06 620
1744577770524 1.723684210526316e-06 630
1744577778742 1.5921052631578949e-06 640
1744577795566 1.460526315789474e-06 650
1744577803670 1.3289473684210526e-06 660
1744577812109 1.1973684210526317e-06 670
1744577820098 1.0657894736842106e-06 680
1744577836631 9.342105263157895e-07 690
1744577844657 8.026315789473685e-07 700
1744577852965 6.710526315789475e-07 710
1744577860980 5.394736842105264e-07 720
1744577877590 4.078947368421053e-07 730
1744577885865 2.763157894736842e-07 740
1744577894082 1.4473684210526316e-07 750
1744577901542 1.3157894736842106e-08 760
