1744577122869 2.7048 10
1744577131282 2.6676 20
1744577139798 2.6395 30
1744577158723 2.5974 40
1744577167231 2.5616 50
1744577175585 2.5319 60
1744577183660 2.5056 70
1744577200082 2.4505 80
1744577208428 2.4321 90
1744577216789 2.3954 100
1744577224893 2.3569 110
1744577241591 2.3278 120
1744577249811 2.2984 130
1744577257920 2.2533 140
1744577266230 2.2471 150
1744577282425 2.2158 160
1744577290657 2.1789 170
1744577298795 2.1442 180
1744577306221 2.1044 190
1744577323444 2.0843 200
1744577331762 2.0625 210
1744577339789 2.0591 220
1744577356019 2.0218 230
1744577364483 2.005 240
1744577372507 1.9934 250
1744577380880 1.9408 260
1744577397757 1.9456 270
1744577406020 1.8999 280
1744577414297 1.9144 290
1744577422493 1.876 300
1744577439218 1.8782 310
1744577447695 1.838 320
1744577455907 1.8124 330
1744577464470 1.8364 340
1744577481280 1.803 350
1744577489448 1.7713 360
1744577497792 1.7919 370
1744577505167 1.7505 380
1744577522182 1.7434 390
1744577530756 1.7184 400
1744577539577 1.7278 410
1744577556023 1.7432 420
1744577564338 1.6902 430
1744577572407 1.7037 440
1744577580633 1.6487 450
1744577596912 1.6894 460
1744577605071 1.627 470
1744577613293 1.669 480
1744577621866 1.6404 490
1744577638223 1.6514 500
1744577646372 1.6065 510
1744577654840 1.6589 520
1744577663328 1.6067 530
1744577679764 1.605 540
1744577687828 1.5747 550
1744577696130 1.6112 560
1744577703747 1.5797 570
1744577721094 1.5853 580
1744577729317 1.595 590
1744577737706 1.5787 600
1744577753913 1.5161 610
1744577762091 1.5628 620
1744577770524 1.5763 630
1744577778742 1.5529 640
1744577795566 1.5657 650
1744577803670 1.5569 660
1744577812109 1.5542 670
1744577820098 1.5335 680
1744577836631 1.5165 690
1744577844657 1.5144 700
1744577852965 1.5658 710
1744577860980 1.5624 720
1744577877590 1.4713 730
1744577885865 1.5585 740
1744577894082 1.5415 750
1744577901542 1.4933 760
