1744727971493 0.4 10
1744728001740 0.8 20
1744728029967 1.0 25
1744728049047 1.2 30
1744728079533 1.6 40
1744728105545 2.0 50
1744728121543 2.0 50
1744728155994 2.4 60
1744728186375 2.8 70
1744728213625 3.0 75
1744728231984 3.2 80
1744728263269 3.6 90
1744728289369 4.0 100
1744728305417 4.0 100
1744728339425 4.4 110
1744728369806 4.8 120
1744728396615 5.0 125
1744728415661 5.2 130
1744728446145 5.6 140
1744728472059 6.0 150
1744728488087 6.0 150
1744728522151 6.4 160
1744728552570 6.8 170
1744728579400 7.0 175
1744728598667 7.2 180
1744728629349 7.6 190
1744728655386 8.0 200
1744728671874 8.0 200
1744728705928 8.4 210
1744728736548 8.8 220
1744728763523 9.0 225
1744728782074 9.2 230
1744728812286 9.6 240
1744728838088 10.0 250
1744728853925 10.0 250
1744728887834 10.4 260
1744728918294 10.8 270
1744728945996 11.0 275
1744728965399 11.2 280
1744728996007 11.6 290
1744729022247 12.0 300
1744729037919 12.0 300
1744729071504 12.4 310
1744729101823 12.8 320
1744729128808 13.0 325
1744729147389 13.2 330
1744729177697 13.6 340
1744729203529 14.0 350
1744729219441 14.0 350
1744729253525 14.4 360
1744729283724 14.8 370
1744729310290 15.0 375
1744729329083 15.2 380
1744729359515 15.6 390
1744729385152 16.0 400
1744729401232 16.0 400
1744729434805 16.4 410
1744729464876 16.8 420
1744729491833 17.0 425
1744729510350 17.2 430
1744729540634 17.6 440
1744729566590 18.0 450
1744729582545 18.0 450
1744729616638 18.4 460
1744729646940 18.8 470
1744729673722 19.0 475
1744729692483 19.2 480
1744729723034 19.6 490
1744729748538 20.0 500
1744729765134 20.0 500
1744729799263 20.4 510
1744729829409 20.8 520
1744729856365 21.0 525
1744729875164 21.2 530
1744729905695 21.6 540
1744729931604 22.0 550
1744729947611 22.0 550
1744729981618 22.4 560
1744730012270 22.8 570
1744730039311 23.0 575
1744730058323 23.2 580
1744730088842 23.6 590
1744730115059 24.0 600
1744730131144 24.0 600
1744730165885 24.4 610
1744730196456 24.8 620
1744730223015 25.0 625
1744730241695 25.2 630
1744730272016 25.6 640
1744730297801 26.0 650
1744730313733 26.0 650
1744730347094 26.4 660
1744730377745 26.8 670
1744730404119 27.0 675
1744730422755 27.2 680
1744730452961 27.6 690
1744730478321 28.0 700
1744730494074 28.0 700
1744730527676 28.4 710
1744730557560 28.8 720
1744730583831 29.0 725
1744730602648 29.2 730
1744730632908 29.6 740
1744730658785 30.0 750
1744730674740 30.0 750
1744730676385 30.0 750
1744730676836 30.0 0
1744730692898 30.0 750
