1744727971493 0.6172239780426025 10
1744728001740 0.6403437256813049 20
1744728049047 0.6723974347114563 30
1744728079533 0.6922957301139832 40
1744728105545 1.4516689777374268 50
1744728155994 0.696690022945404 60
1744728186375 0.8139109015464783 70
1744728231984 0.9614463448524475 80
1744728263269 0.9248072504997253 90
1744728289369 2.1754932403564453 100
1744728339425 1.1124037504196167 110
1744728369806 1.0888103246688843 120
1744728415661 1.3489365577697754 130
1744728446145 1.3173002004623413 140
1744728472059 4.833900451660156 150
1744728522151 1.5882606506347656 160
1744728552570 1.2102857828140259 170
1744728598667 1.4033693075180054 180
1744728629349 1.388803482055664 190
1744728655386 3.3506505489349365 200
1744728705928 1.570340633392334 210
1744728736548 1.483345866203308 220
1744728782074 1.4549566507339478 230
1744728812286 1.5386425256729126 240
1744728838088 4.538901329040527 250
1744728887834 1.3367749452590942 260
1744728918294 1.2169609069824219 270
1744728965399 2.105623960494995 280
1744728996007 1.561450719833374 290
1744729022247 4.580046653747559 300
1744729071504 1.4032865762710571 310
1744729101823 1.6044450998306274 320
1744729147389 1.8411251306533813 330
1744729177697 1.4472227096557617 340
1744729203529 4.315754413604736 350
1744729253525 1.2843111753463745 360
1744729283724 1.4653264284133911 370
1744729329083 1.553138017654419 380
1744729359515 1.8550219535827637 390
1744729385152 5.420820713043213 400
1744729434805 1.6829893589019775 410
1744729464876 1.5183089971542358 420
1744729510350 1.4832841157913208 430
1744729540634 1.6697696447372437 440
1744729566590 5.2830305099487305 450
1744729616638 1.7630791664123535 460
1744729646940 1.494099497795105 470
1744729692483 1.784244418144226 480
1744729723034 1.6232717037200928 490
1744729748538 7.547220706939697 500
1744729799263 1.7548378705978394 510
1744729829409 1.602190613746643 520
1744729875164 1.8813966512680054 530
1744729905695 1.5887794494628906 540
1744729931604 5.061458110809326 550
1744729981618 1.7496238946914673 560
1744730012270 1.5459802150726318 570
1744730058323 1.6142323017120361 580
1744730088842 1.7944073677062988 590
1744730115059 9.053008079528809 600
1744730165885 1.8016588687896729 610
1744730196456 1.3582154512405396 620
1744730241695 1.7555310726165771 630
1744730272016 1.668884038925171 640
1744730297801 6.230106353759766 650
1744730347094 1.4147570133209229 660
1744730377745 1.5891143083572388 670
1744730422755 1.8461474180221558 680
1744730452961 1.7372528314590454 690
1744730478321 5.007831573486328 700
1744730527676 1.6958394050598145 710
1744730557560 1.4498776197433472 720
1744730602648 1.9435431957244873 730
1744730632908 1.6399006843566895 740
1744730658785 7.211727142333984 750
