1744727971493 1.2e-05 10
1744728001740 2.5333333333333337e-05 20
1744728049047 3.866666666666667e-05 30
1744728079533 5.2000000000000004e-05 40
1744728105545 6.533333333333334e-05 50
1744728155994 7.866666666666666e-05 60
1744728186375 9.200000000000001e-05 70
1744728231984 9.99913355769784e-05 80
1744728263269 9.98938953010024e-05 90
1744728289369 9.968839595802982e-05 100
1744728339425 9.937528261387753e-05 110
1744728369806 9.89552334023258e-05 120
1744728415661 9.842915805643155e-05 130
1744728446145 9.779819593824908e-05 140
1744728472059 9.706371357122559e-05 150
1744728522151 9.622730168061567e-05 160
1744728552570 9.529077174832466e-05 170
1744728598667 9.425615208964216e-05 180
1744728629349 9.312568346036288e-05 190
1744728655386 9.190181420380836e-05 200
1744728705928 9.058719494826075e-05 210
1744728736548 8.9184672866292e-05 220
1744728782074 8.769728550842217e-05 230
1744728812286 8.61282542244614e-05 240
1744728838088 8.44809771867835e-05 250
1744728887834 8.275902203064125e-05 260
1744728918294 8.096611812746301e-05 270
1744728965399 7.910614850786448e-05 280
1744728996007 7.718314145186916e-05 290
1744729022247 7.520126176455083e-05 300
1744729071504 7.316480175599309e-05 310
1744729101823 7.107817194510156e-05 320
1744729147389 6.894589150740207e-05 330
1744729177697 6.677257848751277e-05 340
1744729203529 6.456293979748778e-05 350
1744729253525 6.23217610226939e-05 360
1744729283724 6.005389605729824e-05 370
1744729329083 5.776425659181438e-05 380
1744729359515 5.54578014754744e-05 390
1744729385152 5.313952597646568e-05 400
1744729434805 5.0814450963292295e-05 410
1744729464876 4.848761203069197e-05 420
1744729510350 4.616404859365907e-05 430
1744729540634 4.384879297319398e-05 440
1744729566590 4.1546859497416305e-05 450
1744729616638 3.926323364164684e-05 460
1744729646940 3.700286123097814e-05 470
1744729692483 3.477063772871861e-05 480
1744729723034 3.257139763390925e-05 490
1744729748538 3.040990401087508e-05 500
1744729799263 2.8290838173488598e-05 510
1744729829409 2.6218789546486234e-05 520
1744729875164 2.4198245725796425e-05 530
1744729905695 2.223358275940606e-05 540
1744729931604 2.0329055669814934e-05 550
1744729981618 1.8488789238604677e-05 560
1744730012270 1.671676907308018e-05 570
1744730058323 1.5016832974331724e-05 580
1744730088842 1.3392662625412488e-05 590
1744730115059 1.1847775617632744e-05 600
1744730165885 1.0385517832240471e-05 610
1744730196456 9.00905619398757e-06 620
1744730241695 7.72137181227608e-06 630
1744730272016 6.52525352473905e-06 640
1744730297801 5.4232918572391765e-06 650
1744730347094 4.417873413366702e-06 660
1744730377745 3.511175705587433e-06 670
1744730422755 2.7051624392356477e-06 680
1744730452961 2.0015792595656226e-06 690
1744730478321 1.4019499710726913e-06 700
1744730527676 9.075732372720414e-07 710
1744730557560 5.19519768082738e-07 720
1744730602648 2.386300009084408e-07 730
1744730632908 6.551228043715219e-08 740
1744730658785 5.415411020615047e-10 750
