1744727971493 3.721 10
1744728001740 3.6537 20
1744728049047 3.5095 30
1744728079533 3.3184 40
1744728105545 3.1344 50
1744728155994 2.9178 60
1744728186375 2.7162 70
1744728231984 2.4819 80
1744728263269 2.3227 90
1744728289369 2.1401 100
1744728339425 1.9976 110
1744728369806 1.9082 120
1744728415661 1.7708 130
1744728446145 1.6605 140
1744728472059 1.6109 150
1744728522151 1.5036 160
1744728552570 1.4711 170
1744728598667 1.4216 180
1744728629349 1.3774 190
1744728655386 1.2778 200
1744728705928 1.2819 210
1744728736548 1.2558 220
1744728782074 1.1738 230
1744728812286 1.2072 240
1744728838088 1.1679 250
1744728887834 1.1197 260
1744728918294 1.1121 270
1744728965399 1.0994 280
1744728996007 1.0572 290
1744729022247 1.0525 300
1744729071504 1.003 310
1744729101823 0.9702 320
1744729147389 1.0144 330
1744729177697 0.9582 340
1744729203529 0.9591 350
1744729253525 0.9189 360
1744729283724 0.9496 370
1744729329083 0.9096 380
1744729359515 0.9161 390
1744729385152 0.8961 400
1744729434805 0.8766 410
1744729464876 0.8343 420
1744729510350 0.8592 430
1744729540634 0.8422 440
1744729566590 0.8308 450
1744729616638 0.7869 460
1744729646940 0.7956 470
1744729692483 0.7964 480
1744729723034 0.7632 490
1744729748538 0.8123 500
1744729799263 0.7607 510
1744729829409 0.751 520
1744729875164 0.7441 530
1744729905695 0.738 540
1744729931604 0.7226 550
1744729981618 0.7424 560
1744730012270 0.7137 570
1744730058323 0.7476 580
1744730088842 0.7093 590
1744730115059 0.7119 600
1744730165885 0.6996 610
1744730196456 0.6889 620
1744730241695 0.666 630
1744730272016 0.6897 640
1744730297801 0.6651 650
1744730347094 0.6783 660
1744730377745 0.6889 670
1744730422755 0.6728 680
1744730452961 0.6833 690
1744730478321 0.7097 700
1744730527676 0.6913 710
1744730557560 0.7028 720
1744730602648 0.6785 730
1744730632908 0.6773 740
1744730658785 0.6957 750
