1744616764792 0.2631578947368421 10
1744616773779 0.5263157894736842 20
1744616782426 0.7894736842105263 30
1744616798480 1.0 38
1744616801109 1.0526315789473684 40
1744616809845 1.3157894736842106 50
1744616818422 1.5789473684210527 60
1744616826684 1.8421052631578947 70
1744616838511 2.0 76
1744616842674 2.1052631578947367 80
1744616850944 2.3684210526315788 90
1744616859297 2.6315789473684212 100
1744616867787 2.8947368421052633 110
1744616877866 3.0 114
1744616878445 3.0 114
1744616878614 3.0 0
1744616886212 3.0 114
