1744598807861 0.5263157894736842 10
1744598827023 1.0 19
1744598830931 1.0526315789473684 20
1744598844822 1.5789473684210527 30
1744598860529 2.0 38
1744598866178 2.1052631578947367 40
1744598879434 2.6315789473684212 50
1744598893827 3.0 57
1744598901172 3.1578947368421053 60
1744598914543 3.6842105263157894 70
1744598927221 4.0 76
1744598935026 4.2105263157894735 80
1744598948573 4.7368421052631575 90
1744598960620 5.0 95
1744598969640 5.2631578947368425 100
1744598983221 5.7894736842105265 110
1744598993343 6.0 114
1744599003788 6.315789473684211 120
1744599017119 6.842105263157895 130
1744599025809 7.0 133
1744599037710 7.368421052631579 140
1744599050946 7.894736842105263 150
1744599058295 8.0 152
1744599071393 8.421052631578947 160
1744599084472 8.947368421052632 170
1744599090970 9.0 171
1744599105510 9.473684210526315 180
1744599117362 10.0 190
1744599123622 10.0 190
1744599139309 10.526315789473685 200
1744599156140 11.0 209
1744599160035 11.052631578947368 210
1744599173320 11.578947368421053 220
1744599189223 12.0 228
1744599194336 12.105263157894736 230
1744599207472 12.631578947368421 240
1744599221443 13.0 247
1744599227827 13.157894736842104 250
1744599241156 13.68421052631579 260
1744599254000 14.0 266
1744599261841 14.210526315789474 270
1744599275014 14.736842105263158 280
1744599286532 15.0 285
1744599295688 15.263157894736842 290
1744599308969 15.789473684210526 300
1744599319022 16.0 304
1744599329660 16.31578947368421 310
1744599342865 16.842105263157894 320
1744599351546 17.0 323
1744599363338 17.36842105263158 330
1744599376553 17.894736842105264 340
1744599384276 18.0 342
1744599397253 18.42105263157895 350
1744599410103 18.94736842105263 360
1744599416702 19.0 361
1744599431116 19.473684210526315 370
1744599443104 20.0 380
1744599449334 20.0 380
1744599451140 20.0 380
1744599451633 20.0 0
1744599458092 20.0 380
