1744598807861 0.8212206363677979 10
1744598830931 0.9300686717033386 20
1744598844822 0.8990529775619507 30
1744598866178 0.9620667695999146 40
1744598879434 1.0321069955825806 50
1744598901172 1.13467276096344 60
1744598914543 1.0933548212051392 70
1744598935026 1.2581303119659424 80
1744598948573 1.0897780656814575 90
1744598969640 1.214272141456604 100
1744598983221 1.2340314388275146 110
1744599003788 1.363742709159851 120
1744599017119 1.4323121309280396 130
1744599037710 1.4541749954223633 140
1744599050946 1.408725619316101 150
1744599071393 1.443122148513794 160
1744599084472 1.5961133241653442 170
1744599105510 1.5614551305770874 180
1744599117362 1.8140400648117065 190
1744599139309 1.3659794330596924 200
1744599160035 1.5670744180679321 210
1744599173320 1.7072794437408447 220
1744599194336 1.6130083799362183 230
1744599207472 1.4792819023132324 240
1744599227827 1.5303328037261963 250
1744599241156 1.5483765602111816 260
1744599261841 2.324483633041382 270
1744599275014 1.9422699213027954 280
1744599295688 1.5178159475326538 290
1744599308969 2.0879905223846436 300
1744599329660 1.7294716835021973 310
1744599342865 1.9423073530197144 320
1744599363338 1.9589011669158936 330
1744599376553 2.015376329421997 340
1744599397253 1.3725143671035767 350
1744599410103 1.300649642944336 360
1744599431116 1.5908398628234863 370
1744599443104 2.1254642009735107 380
