1744598807861 4.881578947368421e-05 10
1744598830931 4.75e-05 20
1744598844822 4.618421052631579e-05 30
1744598866178 4.486842105263158e-05 40
1744598879434 4.355263157894737e-05 50
1744598901172 4.223684210526316e-05 60
1744598914543 4.092105263157895e-05 70
1744598935026 3.960526315789474e-05 80
1744598948573 3.828947368421053e-05 90
1744598969640 3.6973684210526316e-05 100
1744598983221 3.5657894736842106e-05 110
1744599003788 3.4342105263157895e-05 120
1744599017119 3.302631578947369e-05 130
1744599037710 3.1710526315789473e-05 140
1744599050946 3.0394736842105266e-05 150
1744599071393 2.9078947368421055e-05 160
1744599084472 2.776315789473684e-05 170
1744599105510 2.644736842105263e-05 180
1744599117362 2.5131578947368423e-05 190
1744599139309 2.3815789473684212e-05 200
1744599160035 2.25e-05 210
1744599173320 2.118421052631579e-05 220
1744599194336 1.986842105263158e-05 230
1744599207472 1.855263157894737e-05 240
1744599227827 1.723684210526316e-05 250
1744599241156 1.5921052631578948e-05 260
1744599261841 1.4605263157894739e-05 270
1744599275014 1.3289473684210526e-05 280
1744599295688 1.1973684210526315e-05 290
1744599308969 1.0657894736842106e-05 300
1744599329660 9.342105263157895e-06 310
1744599342865 8.026315789473685e-06 320
1744599363338 6.710526315789474e-06 330
1744599376553 5.394736842105263e-06 340
1744599397253 4.078947368421053e-06 350
1744599410103 2.763157894736842e-06 360
1744599431116 1.4473684210526317e-06 370
1744599443104 1.3157894736842107e-07 380
