1744598807861 2.6266 10
1744598830931 2.4584 20
1744598844822 2.2736 30
1744598866178 2.0986 40
1744598879434 1.9495 50
1744598901172 1.8099 60
1744598914543 1.6813 70
1744598935026 1.5671 80
1744598948573 1.4891 90
1744598969640 1.4024 100
1744598983221 1.3124 110
1744599003788 1.2486 120
1744599017119 1.1745 130
1744599037710 1.1246 140
1744599050946 1.1023 150
1744599071393 1.0536 160
1744599084472 0.9813 170
1744599105510 0.9557 180
1744599117362 0.9303 190
1744599139309 0.8536 200
1744599160035 0.8927 210
1744599173320 0.8577 220
1744599194336 0.8188 230
1744599207472 0.8005 240
1744599227827 0.7948 250
1744599241156 0.7692 260
1744599261841 0.7501 270
1744599275014 0.7488 280
1744599295688 0.7441 290
1744599308969 0.71 300
1744599329660 0.7116 310
1744599342865 0.7109 320
1744599363338 0.7194 330
1744599376553 0.68 340
1744599397253 0.6836 350
1744599410103 0.6444 360
1744599431116 0.6881 370
1744599443104 0.6735 380
