1744767183578 0.20408163265306123 10
1744767204223 0.40816326530612246 20
1744767224432 0.6122448979591837 30
1744767244426 0.8163265306122449 40
1744767282121 1.0 49
1744767286744 1.0204081632653061 50
1744767307008 1.2244897959183674 60
1744767327096 1.4285714285714286 70
1744767347433 1.6326530612244898 80
1744767367602 1.836734693877551 90
1744767402046 2.0 98
1744767408805 2.0408163265306123 100
1744767429202 2.2448979591836733 110
1744767449542 2.4489795918367347 120
1744767469911 2.6530612244897958 130
1744767490534 2.857142857142857 140
1744767524674 3.0 147
1744767534685 3.061224489795918 150
1744767554612 3.2653061224489797 160
1744767574922 3.4693877551020407 170
1744767594969 3.673469387755102 180
1744767615533 3.877551020408163 190
1744767646139 4.0 196
1744767657196 4.081632653061225 200
1744767677196 4.285714285714286 210
1744767697155 4.489795918367347 220
1744767717404 4.6938775510204085 230
1744767737483 4.8979591836734695 240
1744767765872 5.0 245
1744767778781 5.1020408163265305 250
1744767798748 5.3061224489795915 260
1744767819126 5.510204081632653 270
1744767839177 5.714285714285714 280
1744767859354 5.918367346938775 290
1744767885846 6.0 294
1744767901308 6.122448979591836 300
1744767921412 6.326530612244898 310
1744767941596 6.530612244897959 320
1744767962209 6.73469387755102 330
1744767982490 6.938775510204081 340
1744768006718 7.0 343
1744768023853 7.142857142857143 350
1744768044009 7.346938775510204 360
1744768064001 7.551020408163265 370
1744768084160 7.755102040816326 380
1744768104065 7.959183673469388 390
1744768126769 8.0 392
1744768145397 8.16326530612245 400
1744768165562 8.36734693877551 410
1744768185588 8.571428571428571 420
1744768205713 8.775510204081632 430
1744768224922 8.979591836734693 440
1744768246233 9.0 441
1744768267529 9.183673469387756 450
1744768287915 9.387755102040817 460
1744768307938 9.591836734693878 470
1744768328470 9.795918367346939 480
1744768346439 10.0 490
1744768367056 10.0 490
1744768390172 10.204081632653061 500
1744768410243 10.408163265306122 510
1744768430570 10.612244897959183 520
1744768450531 10.816326530612244 530
1744768487253 11.0 539
1744768492062 11.020408163265307 540
1744768512658 11.224489795918368 550
1744768533054 11.428571428571429 560
1744768553366 11.63265306122449 570
1744768573549 11.83673469387755 580
1744768608462 12.0 588
1744768615528 12.040816326530612 590
1744768635417 12.244897959183673 600
1744768655224 12.448979591836734 610
1744768675390 12.653061224489797 620
1744768695406 12.857142857142858 630
1744768727661 13.0 637
1744768736541 13.061224489795919 640
1744768757271 13.26530612244898 650
1744768777402 13.46938775510204 660
1744768797814 13.673469387755102 670
1744768818291 13.877551020408163 680
1744768849351 14.0 686
1744768860166 14.081632653061224 690
1744768880408 14.285714285714286 700
1744768900614 14.489795918367347 710
1744768920968 14.693877551020408 720
1744768941051 14.89795918367347 730
1744768970284 15.0 735
1744768983384 15.10204081632653 740
1744769003470 15.306122448979592 750
1744769023956 15.510204081632653 760
1744769044232 15.714285714285714 770
1744769064539 15.918367346938776 780
1744769091214 16.0 784
1744769106328 16.122448979591837 790
1744769126884 16.3265306122449 800
1744769147081 16.53061224489796 810
1744769167477 16.73469387755102 820
1744769187627 16.93877551020408 830
1744769212577 17.0 833
1744769229672 17.142857142857142 840
1744769250136 17.346938775510203 850
1744769270176 17.551020408163264 860
1744769290580 17.755102040816325 870
1744769311055 17.959183673469386 880
1744769334056 18.0 882
1744769352879 18.163265306122447 890
1744769372744 18.367346938775512 900
1744769392928 18.571428571428573 910
1744769413216 18.775510204081634 920
1744769432762 18.979591836734695 930
1744769453802 19.0 931
1744769474944 19.183673469387756 940
1744769495271 19.387755102040817 950
1744769515762 19.591836734693878 960
1744769536364 19.79591836734694 970
1744769554670 20.0 980
1744769575809 20.0 980
1744769599002 20.20408163265306 990
1744769619472 20.408163265306122 1000
1744769639848 20.612244897959183 1010
1744769660172 20.816326530612244 1020
1744769696896 21.0 1029
1744769701760 21.020408163265305 1030
1744769722160 21.224489795918366 1040
1744769742431 21.428571428571427 1050
1744769763088 21.632653061224488 1060
1744769783918 21.836734693877553 1070
1744769818765 22.0 1078
1744769825658 22.040816326530614 1080
1744769845775 22.244897959183675 1090
1744769865865 22.448979591836736 1100
1744769886196 22.653061224489797 1110
1744769906315 22.857142857142858 1120
1744769939254 23.0 1127
1744769948300 23.06122448979592 1130
1744769968900 23.26530612244898 1140
1744769989338 23.46938775510204 1150
1744770009963 23.6734693877551 1160
1744770030011 23.877551020408163 1170
1744770061409 24.0 1176
1744770072678 24.081632653061224 1180
1744770092831 24.285714285714285 1190
1744770113251 24.489795918367346 1200
1744770133387 24.693877551020407 1210
1744770153868 24.897959183673468 1220
1744770182352 25.0 1225
1744770195331 25.102040816326532 1230
1744770215779 25.306122448979593 1240
1744770235959 25.510204081632654 1250
1744770256552 25.714285714285715 1260
1744770276949 25.918367346938776 1270
1744770303967 26.0 1274
1744770319072 26.122448979591837 1280
1744770339177 26.3265306122449 1290
1744770359487 26.53061224489796 1300
1744770379777 26.73469387755102 1310
1744770400225 26.93877551020408 1320
1744770424672 27.0 1323
1744770441814 27.142857142857142 1330
1744770462284 27.346938775510203 1340
1744770482473 27.551020408163264 1350
1744770502958 27.755102040816325 1360
1744770523258 27.959183673469386 1370
1744770545958 28.0 1372
1744770565026 28.163265306122447 1380
1744770585563 28.367346938775512 1390
1744770605998 28.571428571428573 1400
1744770626244 28.775510204081634 1410
1744770645857 28.979591836734695 1420
1744770667214 29.0 1421
1744770689021 29.183673469387756 1430
1744770709442 29.387755102040817 1440
1744770729890 29.591836734693878 1450
1744770750162 29.79591836734694 1460
1744770768602 30.0 1470
1744770789632 30.0 1470
1744770791741 30.0 1470
1744770792419 30.0 0
1744770813475 30.0 1470
