1744767183578 3.688305377960205 10
1744767204223 7.080226421356201 20
1744767224432 5.847728729248047 30
1744767244426 5.393970012664795 40
1744767286744 3.982910394668579 50
1744767307008 5.344338417053223 60
1744767327096 4.623254299163818 70
1744767347433 4.221824645996094 80
1744767367602 4.6982741355896 90
1744767408805 3.441736936569214 100
1744767429202 4.800856113433838 110
1744767449542 3.7726778984069824 120
1744767469911 3.179263114929199 130
1744767490534 3.8859939575195312 140
1744767534685 4.588021278381348 150
1744767554612 3.6621451377868652 160
1744767574922 4.163220405578613 170
1744767594969 3.817762613296509 180
1744767615533 3.6264657974243164 190
1744767657196 2.9204792976379395 200
1744767677196 3.657593011856079 210
1744767697155 3.1673948764801025 220
1744767717404 6.297133922576904 230
1744767737483 2.0217764377593994 240
1744767778781 4.1025614738464355 250
1744767798748 2.643230438232422 260
1744767819126 2.067683458328247 270
1744767839177 2.7565059661865234 280
1744767859354 2.9721410274505615 290
1744767901308 4.0661845207214355 300
1744767921412 2.7369449138641357 310
1744767941596 3.040919542312622 320
1744767962209 3.11507511138916 330
1744767982490 2.4555420875549316 340
1744768023853 3.8836286067962646 350
1744768044009 3.2438504695892334 360
1744768064001 2.5576155185699463 370
1744768084160 2.797297954559326 380
1744768104065 3.750929355621338 390
1744768145397 2.4078173637390137 400
1744768165562 3.393322706222534 410
1744768185588 3.3191447257995605 420
1744768205713 2.4571518898010254 430
1744768224922 1.7451053857803345 440
1744768267529 2.4397411346435547 450
1744768287915 3.2322356700897217 460
1744768307938 2.369459390640259 470
1744768328470 2.766153335571289 480
1744768346439 33.02687072753906 490
1744768390172 2.4448416233062744 500
1744768410243 7.3569159507751465 510
1744768430570 3.116584062576294 520
1744768450531 1.815666675567627 530
1744768492062 2.32137131690979 540
1744768512658 2.1387524604797363 550
1744768533054 2.121751546859741 560
1744768553366 2.305830717086792 570
1744768573549 3.0053272247314453 580
1744768615528 1.8449981212615967 590
1744768635417 2.3598430156707764 600
1744768655224 2.2455813884735107 610
1744768675390 3.4148709774017334 620
1744768695406 2.8301753997802734 630
1744768736541 2.1254637241363525 640
1744768757271 1.9923863410949707 650
1744768777402 1.6576931476593018 660
1744768797814 2.3915836811065674 670
1744768818291 2.2499594688415527 680
1744768860166 2.2457704544067383 690
1744768880408 2.7244961261749268 700
1744768900614 3.090658187866211 710
1744768920968 2.952169179916382 720
1744768941051 1.6682350635528564 730
1744768983384 2.2067975997924805 740
1744769003470 1.7229564189910889 750
1744769023956 2.162618637084961 760
1744769044232 2.001183032989502 770
1744769064539 1.723154902458191 780
1744769106328 2.2760088443756104 790
1744769126884 1.8083465099334717 800
1744769147081 2.0830538272857666 810
1744769167477 1.849122166633606 820
1744769187627 2.7234578132629395 830
1744769229672 1.6165757179260254 840
1744769250136 1.959640622138977 850
1744769270176 2.0536043643951416 860
1744769290580 2.1032803058624268 870
1744769311055 2.2061915397644043 880
1744769352879 1.814709186553955 890
1744769372744 1.866143822669983 900
1744769392928 1.6928093433380127 910
1744769413216 1.5840073823928833 920
1744769432762 1.5064661502838135 930
1744769474944 1.292170763015747 940
1744769495271 1.8533916473388672 950
1744769515762 1.3028830289840698 960
1744769536364 2.2587599754333496 970
1744769554670 4.222297668457031 980
1744769599002 1.5468302965164185 990
1744769619472 1.4861100912094116 1000
1744769639848 1.75440514087677 1010
1744769660172 1.913673758506775 1020
1744769701760 1.6153217554092407 1030
1744769722160 1.8432537317276 1040
1744769742431 1.81459379196167 1050
1744769763088 2.3438925743103027 1060
1744769783918 1.3670568466186523 1070
1744769825658 1.4409959316253662 1080
1744769845775 1.5734484195709229 1090
1744769865865 2.333371639251709 1100
1744769886196 1.7599900960922241 1110
1744769906315 1.9644967317581177 1120
1744769948300 1.067865252494812 1130
1744769968900 1.5604418516159058 1140
1744769989338 1.6632241010665894 1150
1744770009963 1.606224775314331 1160
1744770030011 1.7157695293426514 1170
1744770072678 1.5358325242996216 1180
1744770092831 1.4178094863891602 1190
1744770113251 1.7553905248641968 1200
1744770133387 1.9572362899780273 1210
1744770153868 1.3467813730239868 1220
1744770195331 1.1710559129714966 1230
1744770215779 1.2465264797210693 1240
1744770235959 1.27055025100708 1250
1744770256552 1.2136574983596802 1260
1744770276949 1.226248860359192 1270
1744770319072 1.5801750421524048 1280
1744770339177 1.2537921667099 1290
1744770359487 2.153120994567871 1300
1744770379777 2.3722827434539795 1310
1744770400225 1.1689256429672241 1320
1744770441814 1.2576655149459839 1330
1744770462284 1.2625999450683594 1340
1744770482473 1.278262734413147 1350
1744770502958 1.4017994403839111 1360
1744770523258 1.4503235816955566 1370
1744770565026 1.5710164308547974 1380
1744770585563 1.6204607486724854 1390
1744770605998 1.2734901905059814 1400
1744770626244 1.7541691064834595 1410
1744770645857 1.2965905666351318 1420
1744770689021 1.369613766670227 1430
1744770709442 1.3654831647872925 1440
1744770729890 1.2834137678146362 1450
1744770750162 1.2487982511520386 1460
1744770768602 4.4462480545043945 1470
