1744767183578 3.061224489795918e-05 10
1744767204223 6.462585034013606e-05 20
1744767224432 9.863945578231292e-05 30
1744767244426 0.0001326530612244898 40
1744767286744 0.00016666666666666666 50
1744767307008 0.00020068027210884355 60
1744767327096 0.00023469387755102041 70
1744767347433 0.00026870748299319733 80
1744767367602 0.00030272108843537414 90
1744767408805 0.000336734693877551 100
1744767429202 0.0003707482993197279 110
1744767449542 0.0004047619047619048 120
1744767469911 0.00043877551020408165 130
1744767490534 0.00047278911564625856 140
1744767534685 0.0004999971806483666 150
1744767554612 0.0004998985100179795 160
1744767574922 0.000499658935389422 170
1744767594969 0.0004992785918456243 180
1744767615533 0.0004987576938413504 190
1744767657196 0.0004980965350822788 200
1744767677196 0.0004972954883593982 210
1744767697155 0.0004963550053388106 220
1744767717404 0.0004952756163070626 230
1744767737483 0.000494057929872145 240
1744767778781 0.0004927026326203333 250
1744767798748 0.0004912104887290587 260
1744767819126 0.0004895823395360314 270
1744767839177 0.0004878191030648555 280
1744767859354 0.0004859217735074073 290
1744767901308 0.00048389142066326455 300
1744767921412 0.0004817291893365054 310
1744767941596 0.0004794362986902171 320
1744767962209 0.0004770140415590762 330
1744767982490 0.00047446378372039126 340
1744768023853 0.0004717869631240155 350
1744768044009 0.0004689850890815667 360
1744768064001 0.0004660597414154092 370
1744768084160 0.0004630125695678793 380
1744768104065 0.0004598452916712556 390
1744768145397 0.00045655969357899875 400
1744768165562 0.0004531576278588074 410
1744768185588 0.00044964101274805714 420
1744768205713 0.0004460118310722121 430
1744768224922 0.0004422721291268192 440
1744768267529 0.00043842401552371467 450
1744768287915 0.00043446966000209393 460
1744768307938 0.00043041129220511553 470
1744768328470 0.0004262512004227281 480
1744768346439 0.00042199173030142966 490
1744768390172 0.000417635283521687 500
1744768410243 0.00041318431644376034 510
1744768430570 0.0004086413387226968 520
1744768450531 0.00040400891189327516 530
1744768492062 0.00039928964792569654 540
1744768512658 0.00039448620775283885 550
1744768533054 0.0003896012997699034 560
1744768553366 0.0003846376783072998 570
1744768573549 0.0003795981420776313 580
1744768615528 0.00037448553259765443 590
1744768635417 0.00036930273258610485 600
1744768655224 0.0003640526643382908 610
1744768675390 0.0003587382880783716 620
1744768695406 0.00035336260029025096 630
1744768736541 0.00034792863202802454 640
1744768757271 0.00034243944720693527 650
1744768777402 0.0003368981408758011 660
1744768797814 0.0003313078374718868 670
1744768818291 0.00032567168905920654 680
1744768860166 0.0003199928735512482 690
1744768880408 0.0003142745929191237 700
1744768900614 0.00030852007138615334 710
1744768920968 0.0003027325536099043 720
1744768941051 0.0002969153028527069 730
1744768983384 0.000291071599141681 740
1744769003470 0.0002852047374193092 750
1744769023956 0.0002793180256856005 760
1744769044232 0.0002734147831328914 770
1744769064539 0.0002674983382743364 780
1744769106328 0.00026157202706714226 790
1744769126884 0.00025563919103160665 800
1744769147081 0.0002497031753670178 810
1744769167477 0.00024376732706548183 820
1744769187627 0.00023783499302473793 830
1744769229672 0.00023190951816102736 840
1744769250136 0.00022599424352307955 850
1744769270176 0.00022009250440827854 860
1744769290580 0.00021420762848207297 870
1744769311055 0.00020834293390168857 880
1744769352879 0.00020250172744520258 890
1744769372744 0.00019668730264703322 900
1744769392928 0.00019090293794089778 910
1744769413216 0.0001851518948112843 920
1744769432762 0.00017943741595447983 930
1744769474944 0.00017376272345019322 940
1744769495271 0.0001681310169448016 950
1744769515762 0.00016254547184724638 960
1744769536364 0.00015700923753859475 970
1744769554670 0.00015152543559627773 980
1744769599002 0.00014609715803400448 990
1744769619472 0.0001407274655583459 1000
1744769639848 0.00013541938584297125 1010
1744769660172 0.00013017591182150977 1020
1744769701760 0.00012500000000000006 1030
1744769722160 0.00011989456878987954 1040
1744769742431 0.0001148624968624529 1050
1744769763088 0.00010990662152576822 1060
1744769783918 0.00010502973712481514 1070
1744769825658 0.00010023459346594765 1080
1744769845775 9.552389426641995e-05 1090
1744769865865 9.090029562990912e-05 1100
1744769886196 8.636640454888508e-05 1110
1744769906315 8.192477743467078e-05 1120
1744769948300 7.757791867602274e-05 1130
1744769968900 7.332827922704436e-05 1140
1744769989338 6.9178255225228e-05 1150
1744770009963 6.51301866404052e-05 1160
1744770030011 6.118635595536634e-05 1170
1744770072678 5.73489868788945e-05 1180
1744770092831 5.3620243091938945e-05 1190
1744770113251 5.0002227027634044e-05 1200
1744770133387 4.6496978685853784e-05 1210
1744770153868 4.310647448296767e-05 1220
1744770195331 3.983262613744884e-05 1230
1744770215779 3.6677279591961096e-05 1240
1744770235959 3.3642213972533865e-05 1250
1744770256552 3.072914058541093e-05 1260
1744770276949 2.7939701952139018e-05 1270
1744770319072 2.5275470883440538e-05 1280
1744770339177 2.273794959239228e-05 1290
1744770359487 2.0328568847410412e-05 1300
1744770379777 1.804868716551866e-05 1310
1744770400225 1.589959004635569e-05 1320
1744770441814 1.3882489247352719e-05 1330
1744770462284 1.1998522100490045e-05 1340
1744770482473 1.0248750871018536e-05 1350
1744770502958 8.634162158506487e-06 1360
1744770523258 7.155666340550732e-06 1370
1744770565026 5.814097059464701e-06 1380
1744770585563 4.61021075223364e-06 1390
1744770605998 3.5446862240014198e-06 1400
1744770626244 2.6181242653295913e-06 1410
1744770645857 1.831047313444828e-06 1420
1744770689021 1.1838991576653967e-06 1430
1744770709442 6.770446891727344e-07 1440
1744770729890 3.107696952694139e-07 1450
1744770750162 8.528069823948714e-08 1460
1744770768602 7.048389019659318e-10 1470
