1744767183578 3.7008 10
1744767204223 3.0791 20
1744767224432 2.4081 30
1744767244426 2.0378 40
1744767286744 1.8845 50
1744767307008 1.7737 60
1744767327096 1.7327 70
1744767347433 1.7571 80
1744767367602 1.7153 90
1744767408805 1.7186 100
1744767429202 1.6555 110
1744767449542 1.662 120
1744767469911 1.6238 130
1744767490534 1.6598 140
1744767534685 1.6393 150
1744767554612 1.6144 160
1744767574922 1.65 170
1744767594969 1.6294 180
1744767615533 1.6669 190
1744767657196 1.6624 200
1744767677196 1.5862 210
1744767697155 1.6028 220
1744767717404 1.583 230
1744767737483 1.5977 240
1744767778781 1.5151 250
1744767798748 1.4814 260
1744767819126 1.5294 270
1744767839177 1.5132 280
1744767859354 1.5539 290
1744767901308 1.4869 300
1744767921412 1.4551 310
1744767941596 1.4683 320
1744767962209 1.483 330
1744767982490 1.4593 340
1744768023853 1.4685 350
1744768044009 1.4462 360
1744768064001 1.4854 370
1744768084160 1.444 380
1744768104065 1.4049 390
1744768145397 1.3444 400
1744768165562 1.3904 410
1744768185588 1.4153 420
1744768205713 1.4112 430
1744768224922 1.3971 440
1744768267529 1.3542 450
1744768287915 1.3691 460
1744768307938 1.3679 470
1744768328470 1.3815 480
1744768346439 1.3628 490
1744768390172 1.305 500
1744768410243 1.3508 510
1744768430570 1.3105 520
1744768450531 1.3131 530
1744768492062 1.2961 540
1744768512658 1.257 550
1744768533054 1.2666 560
1744768553366 1.2944 570
1744768573549 1.2963 580
1744768615528 1.2553 590
1744768635417 1.2672 600
1744768655224 1.2179 610
1744768675390 1.2334 620
1744768695406 1.2582 630
1744768736541 1.2514 640
1744768757271 1.1938 650
1744768777402 1.2024 660
1744768797814 1.211 670
1744768818291 1.2288 680
1744768860166 1.2334 690
1744768880408 1.1477 700
1744768900614 1.1763 710
1744768920968 1.1884 720
1744768941051 1.1835 730
1744768983384 1.166 740
1744769003470 1.157 750
1744769023956 1.1367 760
1744769044232 1.1195 770
1744769064539 1.1333 780
1744769106328 1.1325 790
1744769126884 1.1051 800
1744769147081 1.135 810
1744769167477 1.0978 820
1744769187627 1.1272 830
1744769229672 1.0904 840
1744769250136 1.0865 850
1744769270176 1.0915 860
1744769290580 1.0897 870
1744769311055 1.0878 880
1744769352879 1.0237 890
1744769372744 1.0728 900
1744769392928 1.0513 910
1744769413216 1.0374 920
1744769432762 1.0583 930
1744769474944 1.0415 940
1744769495271 1.0219 950
1744769515762 1.0127 960
1744769536364 1.025 970
1744769554670 1.0339 980
1744769599002 1.03 990
1744769619472 0.9932 1000
1744769639848 1.0106 1010
1744769660172 0.9956 1020
1744769701760 0.9953 1030
1744769722160 0.9637 1040
1744769742431 0.9683 1050
1744769763088 0.9804 1060
1744769783918 0.9619 1070
1744769825658 1.0065 1080
1744769845775 0.9649 1090
1744769865865 0.9794 1100
1744769886196 0.951 1110
1744769906315 0.9439 1120
1744769948300 0.9726 1130
1744769968900 0.9318 1140
1744769989338 0.9453 1150
1744770009963 0.9217 1160
1744770030011 0.9651 1170
1744770072678 0.9159 1180
1744770092831 0.923 1190
1744770113251 0.9238 1200
1744770133387 0.942 1210
1744770153868 0.9095 1220
1744770195331 0.9399 1230
1744770215779 0.9184 1240
1744770235959 0.9144 1250
1744770256552 0.8988 1260
1744770276949 0.9297 1270
1744770319072 0.9135 1280
1744770339177 0.9118 1290
1744770359487 0.8929 1300
1744770379777 0.9116 1310
1744770400225 0.9067 1320
1744770441814 0.9251 1330
1744770462284 0.8912 1340
1744770482473 0.8887 1350
1744770502958 0.9046 1360
1744770523258 0.9277 1370
1744770565026 0.915 1380
1744770585563 0.8992 1390
1744770605998 0.9157 1400
1744770626244 0.8965 1410
1744770645857 0.9015 1420
1744770689021 0.8904 1430
1744770709442 0.8989 1440
1744770729890 0.8987 1450
1744770750162 0.8864 1460
1744770768602 0.9102 1470
