1744840882894 0.05181347150259067 10
1744840896176 0.10362694300518134 20
1744840909676 0.15544041450777202 30
1744840923838 0.20725388601036268 40
1744840937674 0.25906735751295334 50
1744840950841 0.31088082901554404 60
1744840964544 0.3626943005181347 70
1744840977658 0.41450777202072536 80
1744840991083 0.46632124352331605 90
1744841004423 0.5181347150259067 100
1744841018010 0.5699481865284974 110
1744841031353 0.6217616580310881 120
1744841044567 0.6735751295336787 130
1744841057868 0.7253886010362695 140
1744841070913 0.7772020725388601 150
1744841084506 0.8290155440414507 160
1744841098093 0.8808290155440415 170
1744841112207 0.9326424870466321 180
1744841125649 0.9844559585492227 190
1744841166682 1.0 193
1744841177860 1.0362694300518134 200
1744841191020 1.0880829015544042 210
1744841204220 1.1398963730569949 220
1744841217128 1.1917098445595855 230
1744841230214 1.2435233160621761 240
1744841243210 1.2953367875647668 250
1744841256291 1.3471502590673574 260
1744841269521 1.3989637305699483 270
1744841282497 1.450777202072539 280
1744841295281 1.5025906735751295 290
1744841307892 1.5544041450777202 300
1744841320953 1.6062176165803108 310
1744841333785 1.6580310880829017 320
1744841346833 1.709844559585492 330
1744841359458 1.761658031088083 340
1744841372081 1.8134715025906736 350
1744841384867 1.8652849740932642 360
1744841397597 1.917098445595855 370
1744841410472 1.9689119170984455 380
1744841452898 2.0 386
1744841460113 2.0207253886010363 390
1744841472964 2.0725388601036268 400
1744841486022 2.1243523316062176 410
1744841499350 2.1761658031088085 420
1744841512259 2.227979274611399 430
1744841525478 2.2797927461139897 440
1744841538519 2.33160621761658 450
1744841551930 2.383419689119171 460
1744841565023 2.4352331606217614 470
1744841577795 2.4870466321243523 480
1744841590650 2.538860103626943 490
1744841603469 2.5906735751295336 500
1744841616860 2.6424870466321244 510
1744841630160 2.694300518134715 520
1744841643569 2.7461139896373057 530
1744841656680 2.7979274611398965 540
1744841669677 2.849740932642487 550
1744841682784 2.901554404145078 560
1744841696191 2.9533678756476682 570
1744841742063 3.0 579
1744841745226 3.005181347150259 580
1744841758275 3.05699481865285 590
1744841771160 3.1088082901554404 600
1744841784004 3.160621761658031 610
1744841796867 3.2124352331606216 620
1744841809558 3.2642487046632125 630
1744841822912 3.3160621761658033 640
1744841836005 3.3678756476683938 650
1744841849225 3.4196891191709846 660
1744841862310 3.471502590673575 670
1744841875295 3.523316062176166 680
1744841888171 3.5751295336787567 690
1744841900981 3.626943005181347 700
1744841914418 3.6787564766839376 710
1744841927396 3.7305699481865284 720
1744841940320 3.7823834196891193 730
1744841953061 3.8341968911917097 740
1744841966179 3.8860103626943006 750
1744841979490 3.937823834196891 760
1744841992615 3.989637305699482 770
1744842029049 4.0 772
1744842043731 4.041450777202073 780
1744842057552 4.0932642487046635 790
1744842071633 4.1450777202072535 800
1744842084733 4.196891191709844 810
1744842098356 4.248704663212435 820
1744842111602 4.300518134715026 830
1744842124696 4.352331606217617 840
1744842137804 4.404145077720207 850
1744842150948 4.455958549222798 860
1744842164018 4.507772020725389 870
1744842176854 4.5595854922279795 880
1744842190046 4.61139896373057 890
1744842202967 4.66321243523316 900
1744842216320 4.715025906735751 910
1744842229266 4.766839378238342 920
1744842242609 4.818652849740933 930
1744842255269 4.870466321243523 940
1744842267886 4.922279792746114 950
1744842281041 4.974093264248705 960
1744842323162 5.0 965
1744842331917 5.025906735751295 970
1744842344837 5.077720207253886 980
1744842358236 5.129533678756476 990
1744842371192 5.181347150259067 1000
1744842384378 5.233160621761658 1010
1744842397906 5.284974093264249 1020
1744842412226 5.33678756476684 1030
1744842425796 5.38860103626943 1040
1744842438949 5.4404145077720205 1050
1744842452081 5.492227979274611 1060
1744842464995 5.544041450777202 1070
1744842478055 5.595854922279793 1080
1744842491591 5.647668393782383 1090
1744842504663 5.699481865284974 1100
1744842518008 5.751295336787565 1110
1744842531082 5.803108808290156 1120
1744842544097 5.8549222797927465 1130
1744842557466 5.9067357512953365 1140
1744842570736 5.958549222797927 1150
1744842617139 6.0 1158
1744842622038 6.010362694300518 1160
1744842635654 6.062176165803109 1170
1744842648997 6.1139896373057 1180
1744842662547 6.16580310880829 1190
1744842675792 6.217616580310881 1200
1744842689075 6.269430051813472 1210
1744842702377 6.321243523316062 1220
1744842715504 6.373056994818652 1230
1744842728965 6.424870466321243 1240
1744842742267 6.476683937823834 1250
1744842755886 6.528497409326425 1260
1744842768830 6.580310880829016 1270
1744842782170 6.632124352331607 1280
1744842795675 6.683937823834197 1290
1744842809262 6.7357512953367875 1300
1744842822864 6.787564766839378 1310
1744842835917 6.839378238341969 1320
1744842849511 6.891191709844559 1330
1744842862788 6.94300518134715 1340
1744842875836 6.994818652849741 1350
1744842912206 7.0 1351
1744842926545 7.046632124352332 1360
1744842940641 7.098445595854923 1370
1744842954100 7.150259067357513 1380
1744842967776 7.2020725388601035 1390
1744842981047 7.253886010362694 1400
1744842994519 7.305699481865285 1410
1744843008446 7.357512953367876 1420
1744843022151 7.409326424870466 1430
1744843035480 7.461139896373057 1440
1744843048631 7.512953367875648 1450
1744843062200 7.564766839378239 1460
1744843075349 7.616580310880829 1470
1744843088867 7.668393782383419 1480
1744843102123 7.72020725388601 1490
1744843115452 7.772020725388601 1500
1744843128956 7.823834196891192 1510
1744843142094 7.875647668393782 1520
1744843155379 7.927461139896373 1530
1744843168578 7.979274611398964 1540
1744843209578 8.0 1544
1744843219653 8.031088082901555 1550
1744843232646 8.082901554404145 1560
1744843245949 8.134715025906736 1570
1744843259176 8.186528497409327 1580
1744843272355 8.238341968911918 1590
1744843285327 8.290155440414507 1600
1744843298492 8.341968911917098 1610
1744843311618 8.393782383419689 1620
1744843324646 8.44559585492228 1630
1744843338291 8.49740932642487 1640
1744843351713 8.549222797927461 1650
1744843365058 8.601036269430052 1660
1744843378126 8.652849740932643 1670
1744843391763 8.704663212435234 1680
1744843405472 8.756476683937823 1690
1744843418971 8.808290155440414 1700
1744843432291 8.860103626943005 1710
1744843445589 8.911917098445596 1720
1744843458835 8.963730569948186 1730
1744843503397 9.0 1737
1744843509630 9.015544041450777 1740
1744843523233 9.067357512953368 1750
1744843536573 9.119170984455959 1760
1744843549892 9.17098445595855 1770
1744843562802 9.22279792746114 1780
1744843576238 9.27461139896373 1790
1744843589389 9.32642487046632 1800
1744843602579 9.378238341968911 1810
1744843615554 9.430051813471502 1820
1744843628770 9.481865284974093 1830
1744843641828 9.533678756476684 1840
1744843654995 9.585492227979275 1850
1744843669028 9.637305699481866 1860
1744843682112 9.689119170984457 1870
1744843695467 9.740932642487046 1880
1744843708663 9.792746113989637 1890
1744843722085 9.844559585492227 1900
1744843735132 9.896373056994818 1910
1744843749248 9.94818652849741 1920
1744843761761 10.0 1930
1744843797474 10.0 1930
1744843812840 10.05181347150259 1940
1744843825999 10.103626943005182 1950
1744843839717 10.155440414507773 1960
1744843853214 10.207253886010363 1970
1744843866545 10.259067357512953 1980
1744843879680 10.310880829015543 1990
1744843893040 10.362694300518134 2000
1744843906300 10.414507772020725 2010
1744843919284 10.466321243523316 2020
1744843932375 10.518134715025907 2030
1744843945311 10.569948186528498 2040
1744843958636 10.621761658031089 2050
1744843971747 10.67357512953368 2060
1744843984789 10.72538860103627 2070
1744843998262 10.77720207253886 2080
1744844011719 10.82901554404145 2090
1744844025061 10.880829015544041 2100
1744844038717 10.932642487046632 2110
1744844052102 10.984455958549223 2120
1744844091436 11.0 2123
1744844102791 11.036269430051814 2130
1744844116297 11.088082901554404 2140
1744844129380 11.139896373056995 2150
1744844142922 11.191709844559586 2160
1744844156404 11.243523316062177 2170
1744844169850 11.295336787564766 2180
1744844182905 11.347150259067357 2190
1744844196197 11.398963730569948 2200
1744844209649 11.450777202072539 2210
1744844222805 11.50259067357513 2220
1744844236372 11.55440414507772 2230
1744844249355 11.606217616580311 2240
1744844262835 11.658031088082902 2250
1744844275808 11.709844559585493 2260
1744844288876 11.761658031088082 2270
1744844302403 11.813471502590673 2280
1744844315409 11.865284974093264 2290
1744844328776 11.917098445595855 2300
1744844342002 11.968911917098445 2310
1744844385712 12.0 2316
1744844393471 12.020725388601036 2320
1744844406607 12.072538860103627 2330
1744844420691 12.124352331606218 2340
1744844434447 12.176165803108809 2350
1744844448251 12.2279792746114 2360
1744844461328 12.279792746113989 2370
1744844474332 12.33160621761658 2380
1744844487832 12.38341968911917 2390
1744844500892 12.435233160621761 2400
1744844514323 12.487046632124352 2410
1744844527219 12.538860103626943 2420
1744844540463 12.590673575129534 2430
1744844554022 12.642487046632125 2440
1744844567017 12.694300518134716 2450
1744844580630 12.746113989637305 2460
1744844593755 12.797927461139896 2470
1744844607091 12.849740932642487 2480
1744844620271 12.901554404145077 2490
1744844633512 12.953367875647668 2500
1744844681030 13.0 2509
1744844684516 13.005181347150259 2510
1744844697644 13.05699481865285 2520
1744844710746 13.10880829015544 2530
1744844724478 13.160621761658032 2540
1744844737763 13.212435233160623 2550
1744844751935 13.264248704663212 2560
1744844765305 13.316062176165802 2570
1744844778737 13.367875647668393 2580
1744844792036 13.419689119170984 2590
1744844805157 13.471502590673575 2600
1744844818726 13.523316062176166 2610
1744844832914 13.575129533678757 2620
1744844846715 13.626943005181348 2630
1744844859690 13.678756476683938 2640
1744844873094 13.73056994818653 2650
1744844886322 13.782383419689118 2660
1744844899736 13.83419689119171 2670
1744844912878 13.8860103626943 2680
1744844925961 13.937823834196891 2690
1744844939395 13.989637305699482 2700
1744844977424 14.0 2702
1744844990593 14.041450777202073 2710
1744845004087 14.093264248704664 2720
1744845017181 14.145077720207254 2730
1744845030399 14.196891191709845 2740
1744845044009 14.248704663212436 2750
1744845057542 14.300518134715025 2760
1744845070938 14.352331606217616 2770
1744845084452 14.404145077720207 2780
1744845097313 14.455958549222798 2790
1744845111033 14.507772020725389 2800
1744845124151 14.55958549222798 2810
1744845137314 14.61139896373057 2820
1744845150578 14.663212435233161 2830
1744845164268 14.715025906735752 2840
1744845177399 14.766839378238341 2850
1744845190546 14.818652849740932 2860
1744845203952 14.870466321243523 2870
1744845217317 14.922279792746114 2880
1744845230734 14.974093264248705 2890
1744845273618 15.0 2895
1744845282399 15.025906735751295 2900
1744845295650 15.077720207253886 2910
1744845308767 15.129533678756477 2920
1744845322357 15.181347150259068 2930
1744845335734 15.233160621761659 2940
1744845349042 15.284974093264248 2950
1744845362130 15.336787564766839 2960
1744845375296 15.38860103626943 2970
1744845389062 15.44041450777202 2980
1744845402142 15.492227979274611 2990
1744845415667 15.544041450777202 3000
1744845428703 15.595854922279793 3010
1744845442207 15.647668393782384 3020
1744845455600 15.699481865284975 3030
1744845469341 15.751295336787564 3040
1744845482921 15.803108808290155 3050
1744845496407 15.854922279792746 3060
1744845509323 15.906735751295336 3070
1744845522678 15.958549222797927 3080
1744845568935 16.0 3088
1744845573964 16.010362694300518 3090
1744845587799 16.06217616580311 3100
1744845601487 16.1139896373057 3110
1744845614628 16.16580310880829 3120
1744845628134 16.21761658031088 3130
1744845641679 16.269430051813472 3140
1744845655825 16.321243523316063 3150
1744845669022 16.373056994818654 3160
1744845682233 16.424870466321245 3170
1744845695417 16.476683937823836 3180
1744845708515 16.528497409326423 3190
1744845721526 16.580310880829014 3200
1744845734450 16.632124352331605 3210
1744845747430 16.683937823834196 3220
1744845760925 16.735751295336787 3230
1744845774830 16.787564766839377 3240
1744845788256 16.83937823834197 3250
1744845801707 16.89119170984456 3260
1744845814900 16.94300518134715 3270
1744845827849 16.99481865284974 3280
1744845865544 17.0 3281
1744845879794 17.04663212435233 3290
1744845893536 17.098445595854923 3300
1744845906622 17.150259067357513 3310
1744845919786 17.202072538860104 3320
1744845933154 17.253886010362695 3330
1744845946317 17.305699481865286 3340
1744845959536 17.357512953367877 3350
1744845972576 17.409326424870468 3360
1744845985637 17.46113989637306 3370
1744845998967 17.512953367875646 3380
1744846012392 17.564766839378237 3390
1744846025582 17.616580310880828 3400
1744846038836 17.66839378238342 3410
1744846052332 17.72020725388601 3420
1744846065499 17.7720207253886 3430
1744846078620 17.82383419689119 3440
1744846092171 17.875647668393782 3450
1744846105417 17.927461139896373 3460
1744846118610 17.979274611398964 3470
1744846158964 18.0 3474
1744846168951 18.031088082901555 3480
1744846182253 18.082901554404145 3490
1744846195590 18.134715025906736 3500
1744846208900 18.186528497409327 3510
1744846222273 18.238341968911918 3520
1744846235644 18.29015544041451 3530
1744846248817 18.3419689119171 3540
1744846261782 18.39378238341969 3550
1744846274786 18.44559585492228 3560
1744846288078 18.497409326424872 3570
1744846301297 18.54922279792746 3580
1744846315285 18.60103626943005 3590
1744846328280 18.65284974093264 3600
1744846341585 18.704663212435232 3610
1744846354450 18.756476683937823 3620
1744846368059 18.808290155440414 3630
1744846380945 18.860103626943005 3640
1744846394135 18.911917098445596 3650
1744846407363 18.963730569948186 3660
1744846452055 19.0 3667
1744846458295 19.015544041450777 3670
1744846470937 19.067357512953368 3680
1744846484018 19.11917098445596 3690
1744846497312 19.17098445595855 3700
1744846510453 19.22279792746114 3710
1744846523643 19.27461139896373 3720
1744846536970 19.326424870466322 3730
1744846550971 19.378238341968913 3740
1744846564814 19.430051813471504 3750
1744846578499 19.481865284974095 3760
1744846591727 19.533678756476682 3770
1744846604656 19.585492227979273 3780
1744846617893 19.637305699481864 3790
1744846630827 19.689119170984455 3800
1744846644369 19.740932642487046 3810
1744846657652 19.792746113989637 3820
1744846671309 19.844559585492227 3830
1744846684962 19.89637305699482 3840
1744846698584 19.94818652849741 3850
1744846711026 20.0 3860
1744846746984 20.0 3860
1744846762279 20.05181347150259 3870
1744846775248 20.10362694300518 3880
1744846788549 20.155440414507773 3890
1744846801707 20.207253886010363 3900
1744846815070 20.259067357512954 3910
1744846828480 20.310880829015545 3920
1744846841879 20.362694300518136 3930
1744846855479 20.414507772020727 3940
1744846868741 20.466321243523318 3950
1744846882142 20.518134715025905 3960
1744846895469 20.569948186528496 3970
1744846909115 20.621761658031087 3980
1744846922370 20.673575129533678 3990
1744846935547 20.72538860103627 4000
1744846949352 20.77720207253886 4010
1744846962655 20.82901554404145 4020
1744846976135 20.88082901554404 4030
1744846989507 20.932642487046632 4040
1744847002619 20.984455958549223 4050
1744847041669 21.0 4053
1744847052923 21.036269430051814 4060
1744847066611 21.088082901554404 4070
1744847080165 21.139896373056995 4080
1744847093564 21.191709844559586 4090
1744847106591 21.243523316062177 4100
1744847119829 21.295336787564768 4110
1744847133064 21.34715025906736 4120
1744847146654 21.39896373056995 4130
1744847160097 21.45077720207254 4140
1744847173082 21.502590673575128 4150
1744847186843 21.55440414507772 4160
1744847200185 21.60621761658031 4170
1744847213512 21.6580310880829 4180
1744847226539 21.70984455958549 4190
1744847239822 21.761658031088082 4200
1744847253393 21.813471502590673 4210
1744847266551 21.865284974093264 4220
1744847280123 21.917098445595855 4230
1744847293433 21.968911917098445 4240
1744847337178 22.0 4246
1744847344994 22.020725388601036 4250
1744847358131 22.072538860103627 4260
1744847371365 22.124352331606218 4270
1744847384710 22.17616580310881 4280
1744847397905 22.2279792746114 4290
1744847411302 22.27979274611399 4300
1744847424403 22.33160621761658 4310
1744847438803 22.383419689119172 4320
1744847452640 22.435233160621763 4330
1744847466285 22.487046632124354 4340
1744847479282 22.53886010362694 4350
1744847492850 22.590673575129532 4360
1744847506090 22.642487046632123 4370
1744847519622 22.694300518134714 4380
1744847533045 22.746113989637305 4390
1744847545964 22.797927461139896 4400
1744847559230 22.849740932642487 4410
1744847572294 22.901554404145077 4420
1744847585306 22.95336787564767 4430
1744847632403 23.0 4439
1744847635952 23.00518134715026 4440
1744847649609 23.05699481865285 4450
1744847663046 23.10880829015544 4460
1744847676361 23.16062176165803 4470
1744847689911 23.212435233160623 4480
1744847703720 23.264248704663213 4490
1744847716753 23.316062176165804 4500
1744847730374 23.367875647668395 4510
1744847743380 23.419689119170986 4520
1744847756363 23.471502590673577 4530
1744847770053 23.523316062176164 4540
1744847783230 23.575129533678755 4550
1744847796740 23.626943005181346 4560
1744847810105 23.678756476683937 4570
1744847824046 23.730569948186528 4580
1744847837272 23.78238341968912 4590
1744847850462 23.83419689119171 4600
1744847863711 23.8860103626943 4610
1744847876872 23.93782383419689 4620
1744847890342 23.989637305699482 4630
1744847928061 24.0 4632
1744847941136 24.041450777202073 4640
1744847954339 24.093264248704664 4650
1744847967654 24.145077720207254 4660
1744847981515 24.196891191709845 4670
1744847994697 24.248704663212436 4680
1744848008229 24.300518134715027 4690
1744848021473 24.352331606217618 4700
1744848034991 24.40414507772021 4710
1744848048108 24.4559585492228 4720
1744848061446 24.50777202072539 4730
1744848074507 24.559585492227978 4740
1744848088167 24.61139896373057 4750
1744848101997 24.66321243523316 4760
1744848116081 24.71502590673575 4770
1744848129455 24.76683937823834 4780
1744848142689 24.818652849740932 4790
1744848156144 24.870466321243523 4800
1744848169354 24.922279792746114 4810
1744848182610 24.974093264248705 4820
1744848224392 25.0 4825
1744848233231 25.025906735751295 4830
1744848246623 25.077720207253886 4840
1744848259782 25.129533678756477 4850
1744848273512 25.181347150259068 4860
1744848286814 25.23316062176166 4870
1744848300045 25.28497409326425 4880
1744848313826 25.33678756476684 4890
1744848327131 25.38860103626943 4900
1744848340552 25.440414507772022 4910
1744848353599 25.49222797927461 4920
1744848366885 25.5440414507772 4930
1744848380079 25.59585492227979 4940
1744848393374 25.647668393782382 4950
1744848407138 25.699481865284973 4960
1744848420331 25.751295336787564 4970
1744848433776 25.803108808290155 4980
1744848446715 25.854922279792746 4990
1744848460030 25.906735751295336 5000
1744848473249 25.958549222797927 5010
1744848519708 26.0 5018
1744848524835 26.010362694300518 5020
1744848538119 26.06217616580311 5030
1744848551443 26.1139896373057 5040
1744848564556 26.16580310880829 5050
1744848577489 26.21761658031088 5060
1744848590944 26.269430051813472 5070
1744848604207 26.321243523316063 5080
1744848617415 26.373056994818654 5090
1744848630466 26.424870466321245 5100
1744848643709 26.476683937823836 5110
1744848656965 26.528497409326423 5120
1744848670122 26.580310880829014 5130
1744848683796 26.632124352331605 5140
1744848696917 26.683937823834196 5150
1744848710289 26.735751295336787 5160
1744848723311 26.787564766839377 5170
1744848737089 26.83937823834197 5180
1744848750295 26.89119170984456 5190
1744848763650 26.94300518134715 5200
1744848776664 26.99481865284974 5210
1744848813274 27.0 5211
1744848829124 27.04663212435233 5220
1744848842571 27.098445595854923 5230
1744848855932 27.150259067357513 5240
1744848869355 27.202072538860104 5250
1744848882539 27.253886010362695 5260
1744848895976 27.305699481865286 5270
1744848909067 27.357512953367877 5280
1744848922868 27.409326424870468 5290
1744848936044 27.46113989637306 5300
1744848949781 27.512953367875646 5310
1744848963153 27.564766839378237 5320
1744848977259 27.616580310880828 5330
1744848990670 27.66839378238342 5340
1744849004043 27.72020725388601 5350
1744849017509 27.7720207253886 5360
1744849030622 27.82383419689119 5370
1744849044500 27.875647668393782 5380
1744849058570 27.927461139896373 5390
1744849072158 27.979274611398964 5400
1744849113003 28.0 5404
1744849123117 28.031088082901555 5410
1744849136671 28.082901554404145 5420
1744849149944 28.134715025906736 5430
1744849164167 28.186528497409327 5440
1744849177896 28.238341968911918 5450
1744849191013 28.29015544041451 5460
1744849204952 28.3419689119171 5470
1744849218439 28.39378238341969 5480
1744849231589 28.44559585492228 5490
1744849245098 28.497409326424872 5500
1744849258599 28.54922279792746 5510
1744849272319 28.60103626943005 5520
1744849285755 28.65284974093264 5530
1744849298936 28.704663212435232 5540
1744849312252 28.756476683937823 5550
1744849325085 28.808290155440414 5560
1744849338502 28.860103626943005 5570
1744849351343 28.911917098445596 5580
1744849364590 28.963730569948186 5590
1744849409327 29.0 5597
1744849415441 29.015544041450777 5600
1744849429135 29.067357512953368 5610
1744849442579 29.11917098445596 5620
1744849455952 29.17098445595855 5630
1744849469365 29.22279792746114 5640
1744849482683 29.27461139896373 5650
1744849496053 29.326424870466322 5660
1744849509234 29.378238341968913 5670
1744849522485 29.430051813471504 5680
1744849535570 29.481865284974095 5690
1744849548947 29.533678756476682 5700
1744849562004 29.585492227979273 5710
1744849575250 29.637305699481864 5720
1744849588808 29.689119170984455 5730
1744849602100 29.740932642487046 5740
1744849615789 29.792746113989637 5750
1744849629328 29.844559585492227 5760
1744849643066 29.89637305699482 5770
1744849656263 29.94818652849741 5780
1744849669026 30.0 5790
1744849704415 30.0 5790
1744849706372 30.0 5790
1744849706968 30.0 0
1744849743112 30.0 5790
