1744840882894 5.500511169433594 10
1744840896176 7.132257461547852 20
1744840909676 5.440408706665039 30
1744840923838 4.358176231384277 40
1744840937674 5.3193840980529785 50
1744840950841 4.6325554847717285 60
1744840964544 4.8206095695495605 70
1744840977658 5.732585906982422 80
1744840991083 6.381994247436523 90
1744841004423 7.552911281585693 100
1744841018010 7.913215160369873 110
1744841031353 7.270550727844238 120
1744841044567 12.05817699432373 130
1744841057868 9.22001838684082 140
1744841070913 10.225115776062012 150
1744841084506 11.533112525939941 160
1744841098093 14.147455215454102 170
1744841112207 9.290109634399414 180
1744841125649 10.033717155456543 190
1744841177860 10.822003364562988 200
1744841191020 9.490945816040039 210
1744841204220 9.339811325073242 220
1744841217128 11.270606994628906 230
1744841230214 9.852048873901367 240
1744841243210 15.112187385559082 250
1744841256291 9.461490631103516 260
1744841269521 12.295392036437988 270
1744841282497 11.082691192626953 280
1744841295281 11.186002731323242 290
1744841307892 15.515204429626465 300
1744841320953 12.88494873046875 310
1744841333785 9.163925170898438 320
1744841346833 9.027750015258789 330
1744841359458 14.613235473632812 340
1744841372081 8.635080337524414 350
1744841384867 9.410202980041504 360
1744841397597 9.667069435119629 370
1744841410472 8.44411849975586 380
1744841460113 11.639798164367676 390
1744841472964 7.985840320587158 400
1744841486022 9.418326377868652 410
1744841499350 18.589597702026367 420
1744841512259 9.46009635925293 430
1744841525478 10.643582344055176 440
1744841538519 10.383099555969238 450
1744841551930 7.395623683929443 460
1744841565023 7.546159744262695 470
1744841577795 9.400949478149414 480
1744841590650 7.003696441650391 490
1744841603469 17.863605499267578 500
1744841616860 7.192269325256348 510
1744841630160 6.3184404373168945 520
1744841643569 8.257161140441895 530
1744841656680 8.839009284973145 540
1744841669677 6.949123382568359 550
1744841682784 6.970077037811279 560
1744841696191 8.129434585571289 570
1744841745226 9.628559112548828 580
1744841758275 9.066267013549805 590
1744841771160 6.521374702453613 600
1744841784004 7.111810207366943 610
1744841796867 7.035755157470703 620
1744841809558 10.708575248718262 630
1744841822912 10.822860717773438 640
1744841836005 5.623976707458496 650
1744841849225 8.43411922454834 660
1744841862310 7.349244117736816 670
1744841875295 7.225469589233398 680
1744841888171 7.2454352378845215 690
1744841900981 6.867974281311035 700
1744841914418 5.330881595611572 710
1744841927396 6.883171558380127 720
1744841940320 11.510459899902344 730
1744841953061 6.634554386138916 740
1744841966179 8.332866668701172 750
1744841979490 5.363475322723389 760
1744841992615 6.603300094604492 770
1744842043731 6.842581748962402 780
1744842057552 4.0998430252075195 790
1744842071633 5.879449844360352 800
1744842084733 5.746825695037842 810
1744842098356 6.973339080810547 820
1744842111602 4.9482340812683105 830
1744842124696 7.252429008483887 840
1744842137804 5.598304748535156 850
1744842150948 8.750959396362305 860
1744842164018 6.15897798538208 870
1744842176854 7.215972423553467 880
1744842190046 7.770351409912109 890
1744842202967 7.38748836517334 900
1744842216320 7.822616100311279 910
1744842229266 4.958436489105225 920
1744842242609 5.692569255828857 930
1744842255269 10.041271209716797 940
1744842267886 7.736471652984619 950
1744842281041 6.825796604156494 960
1744842331917 6.156481742858887 970
1744842344837 7.0176544189453125 980
1744842358236 3.50781512260437 990
1744842371192 6.0583930015563965 1000
1744842384378 20.82799530029297 1010
1744842397906 5.684024810791016 1020
1744842412226 5.851968288421631 1030
1744842425796 6.560244560241699 1040
1744842438949 4.373215198516846 1050
1744842452081 5.531562805175781 1060
1744842464995 6.035889625549316 1070
1744842478055 7.078324794769287 1080
1744842491591 7.772817134857178 1090
1744842504663 7.892386436462402 1100
1744842518008 6.584959030151367 1110
1744842531082 6.662379264831543 1120
1744842544097 19.284019470214844 1130
1744842557466 11.240302085876465 1140
1744842570736 5.48602819442749 1150
1744842622038 4.7128520011901855 1160
1744842635654 6.922837734222412 1170
1744842648997 6.212808609008789 1180
1744842662547 5.821065425872803 1190
1744842675792 8.472772598266602 1200
1744842689075 5.161876201629639 1210
1744842702377 6.810009002685547 1220
1744842715504 5.075777530670166 1230
1744842728965 6.611778736114502 1240
1744842742267 4.6655707359313965 1250
1744842755886 5.1251091957092285 1260
1744842768830 4.695348739624023 1270
1744842782170 5.937499046325684 1280
1744842795675 6.004613876342773 1290
1744842809262 9.066739082336426 1300
1744842822864 6.462221145629883 1310
1744842835917 5.742397308349609 1320
1744842849511 10.099841117858887 1330
1744842862788 7.358376502990723 1340
1744842875836 5.38879919052124 1350
1744842926545 7.441627025604248 1360
1744842940641 5.0869269371032715 1370
1744842954100 7.273845672607422 1380
1744842967776 12.00292682647705 1390
1744842981047 7.416496276855469 1400
1744842994519 5.5419020652771 1410
1744843008446 4.7480316162109375 1420
1744843022151 6.971487998962402 1430
1744843035480 5.753430366516113 1440
1744843048631 7.031869888305664 1450
1744843062200 5.701094627380371 1460
1744843075349 7.560195446014404 1470
1744843088867 4.4071455001831055 1480
1744843102123 7.3080549240112305 1490
1744843115452 7.085970401763916 1500
1744843128956 5.069703578948975 1510
1744843142094 5.859687328338623 1520
1744843155379 5.361169338226318 1530
1744843168578 4.981037616729736 1540
1744843219653 5.448604583740234 1550
1744843232646 5.089274883270264 1560
1744843245949 5.230708122253418 1570
1744843259176 5.5690016746521 1580
1744843272355 5.593369483947754 1590
1744843285327 5.633234024047852 1600
1744843298492 6.132063865661621 1610
1744843311618 5.294938087463379 1620
1744843324646 7.509134769439697 1630
1744843338291 4.219438076019287 1640
1744843351713 7.700384140014648 1650
1744843365058 4.629067420959473 1660
1744843378126 5.347982406616211 1670
1744843391763 4.946671485900879 1680
1744843405472 4.973072052001953 1690
1744843418971 12.764554977416992 1700
1744843432291 5.109418869018555 1710
1744843445589 4.538338661193848 1720
1744843458835 5.0461249351501465 1730
1744843509630 7.424361705780029 1740
1744843523233 5.319716453552246 1750
1744843536573 4.2165632247924805 1760
1744843549892 6.257713794708252 1770
1744843562802 4.63883638381958 1780
1744843576238 3.6815731525421143 1790
1744843589389 10.728833198547363 1800
1744843602579 4.356923580169678 1810
1744843615554 4.9081549644470215 1820
1744843628770 5.40281867980957 1830
1744843641828 4.875962734222412 1840
1744843654995 4.088220119476318 1850
1744843669028 5.754229545593262 1860
1744843682112 5.00203275680542 1870
1744843695467 6.441009521484375 1880
1744843708663 5.778017044067383 1890
1744843722085 4.474050521850586 1900
1744843735132 4.936594486236572 1910
1744843749248 8.340490341186523 1920
1744843761761 7.600771427154541 1930
1744843812840 4.546767234802246 1940
1744843825999 7.35148811340332 1950
1744843839717 4.596846103668213 1960
1744843853214 6.260899543762207 1970
1744843866545 5.684373378753662 1980
1744843879680 5.7798848152160645 1990
1744843893040 5.853748798370361 2000
1744843906300 6.910999298095703 2010
1744843919284 5.096895694732666 2020
1744843932375 6.667444705963135 2030
1744843945311 7.238399982452393 2040
1744843958636 4.063975811004639 2050
1744843971747 4.389343738555908 2060
1744843984789 5.7037739753723145 2070
1744843998262 7.140847682952881 2080
1744844011719 5.9641876220703125 2090
1744844025061 10.189091682434082 2100
1744844038717 8.000986099243164 2110
1744844052102 5.127608299255371 2120
1744844102791 4.528624534606934 2130
1744844116297 5.056060314178467 2140
1744844129380 6.828369617462158 2150
1744844142922 5.449880123138428 2160
1744844156404 7.7703537940979 2170
1744844169850 5.049783229827881 2180
1744844182905 4.891152381896973 2190
1744844196197 5.444591522216797 2200
1744844209649 5.515923976898193 2210
1744844222805 8.721360206604004 2220
1744844236372 5.233582973480225 2230
1744844249355 3.893970489501953 2240
1744844262835 4.975837707519531 2250
1744844275808 5.271308898925781 2260
1744844288876 4.061496734619141 2270
1744844302403 11.352946281433105 2280
1744844315409 5.681182384490967 2290
1744844328776 9.920869827270508 2300
1744844342002 7.772928237915039 2310
1744844393471 4.479475498199463 2320
1744844406607 6.1208295822143555 2330
1744844420691 5.726927757263184 2340
1744844434447 2.892531394958496 2350
1744844448251 6.097576141357422 2360
1744844461328 6.322425365447998 2370
1744844474332 6.136816501617432 2380
1744844487832 4.124755859375 2390
1744844500892 6.90733003616333 2400
1744844514323 8.275561332702637 2410
1744844527219 6.101376056671143 2420
1744844540463 5.020780086517334 2430
1744844554022 4.697515487670898 2440
1744844567017 4.681314468383789 2450
1744844580630 4.827052593231201 2460
1744844593755 4.811580181121826 2470
1744844607091 6.470250606536865 2480
1744844620271 6.772881031036377 2490
1744844633512 5.021429538726807 2500
1744844684516 7.383519172668457 2510
1744844697644 4.602790832519531 2520
1744844710746 6.55804967880249 2530
1744844724478 6.036578178405762 2540
1744844737763 4.265931606292725 2550
1744844751935 4.345059871673584 2560
1744844765305 4.501171112060547 2570
1744844778737 4.641770362854004 2580
1744844792036 4.352520942687988 2590
1744844805157 4.225141525268555 2600
1744844818726 6.04993200302124 2610
1744844832914 4.479763984680176 2620
1744844846715 4.022452354431152 2630
1744844859690 3.9788014888763428 2640
1744844873094 4.8553466796875 2650
1744844886322 4.511033535003662 2660
1744844899736 6.342113971710205 2670
1744844912878 6.755359172821045 2680
1744844925961 4.452840805053711 2690
1744844939395 4.587531566619873 2700
1744844990593 4.888027667999268 2710
1744845004087 5.370211124420166 2720
1744845017181 4.676494121551514 2730
1744845030399 5.520432472229004 2740
1744845044009 6.26949405670166 2750
1744845057542 3.6427464485168457 2760
1744845070938 5.405345916748047 2770
1744845084452 5.953751564025879 2780
1744845097313 4.449558734893799 2790
1744845111033 7.424337387084961 2800
1744845124151 6.898335933685303 2810
1744845137314 6.1668524742126465 2820
1744845150578 6.668374061584473 2830
1744845164268 3.7769768238067627 2840
1744845177399 4.4828877449035645 2850
1744845190546 4.527993202209473 2860
1744845203952 4.095431804656982 2870
1744845217317 5.146005153656006 2880
1744845230734 3.9861507415771484 2890
1744845282399 6.826924800872803 2900
1744845295650 6.0718793869018555 2910
1744845308767 4.053298473358154 2920
1744845322357 4.975889682769775 2930
1744845335734 4.854903221130371 2940
1744845349042 5.214243412017822 2950
1744845362130 6.337696075439453 2960
1744845375296 4.985466480255127 2970
1744845389062 5.071632385253906 2980
1744845402142 7.148317813873291 2990
1744845415667 5.847646713256836 3000
1744845428703 4.225068092346191 3010
1744845442207 4.629040241241455 3020
1744845455600 6.461789608001709 3030
1744845469341 4.18025541305542 3040
1744845482921 6.259637832641602 3050
1744845496407 5.227196216583252 3060
1744845509323 3.789576768875122 3070
1744845522678 4.593516826629639 3080
1744845573964 3.56357741355896 3090
1744845587799 6.923123836517334 3100
1744845601487 5.703455448150635 3110
1744845614628 4.352252960205078 3120
1744845628134 3.578183889389038 3130
1744845641679 2.6779048442840576 3140
1744845655825 4.083446025848389 3150
1744845669022 4.7049946784973145 3160
1744845682233 4.356211185455322 3170
1744845695417 9.618494033813477 3180
1744845708515 4.766627311706543 3190
1744845721526 4.345755577087402 3200
1744845734450 4.57749605178833 3210
1744845747430 5.741427898406982 3220
1744845760925 5.648283004760742 3230
1744845774830 5.758395671844482 3240
1744845788256 5.881407260894775 3250
1744845801707 3.5525827407836914 3260
1744845814900 4.148828983306885 3270
1744845827849 4.7483720779418945 3280
1744845879794 4.540283679962158 3290
1744845893536 5.770153522491455 3300
1744845906622 4.838447093963623 3310
1744845919786 3.9248733520507812 3320
1744845933154 5.12797737121582 3330
1744845946317 5.317513942718506 3340
1744845959536 5.4826979637146 3350
1744845972576 4.946295738220215 3360
1744845985637 3.8442981243133545 3370
1744845998967 7.2716193199157715 3380
1744846012392 6.1795783042907715 3390
1744846025582 5.016363620758057 3400
1744846038836 5.7871928215026855 3410
1744846052332 5.139702320098877 3420
1744846065499 5.255657196044922 3430
1744846078620 4.620794773101807 3440
1744846092171 4.864811420440674 3450
1744846105417 5.31289005279541 3460
1744846118610 6.190835475921631 3470
1744846168951 4.170053958892822 3480
1744846182253 2.9223990440368652 3490
1744846195590 6.3083648681640625 3500
1744846208900 4.078792572021484 3510
1744846222273 3.254288673400879 3520
1744846235644 6.077577114105225 3530
1744846248817 6.110878944396973 3540
1744846261782 7.422140598297119 3550
1744846274786 4.147480487823486 3560
1744846288078 5.634491920471191 3570
1744846301297 5.202696800231934 3580
1744846315285 4.637485504150391 3590
1744846328280 5.212074279785156 3600
1744846341585 4.346839427947998 3610
1744846354450 3.8315484523773193 3620
1744846368059 3.263042688369751 3630
1744846380945 4.463450908660889 3640
1744846394135 4.904213905334473 3650
1744846407363 4.5026021003723145 3660
1744846458295 6.037077903747559 3670
1744846470937 3.5074737071990967 3680
1744846484018 4.078842639923096 3690
1744846497312 10.454730033874512 3700
1744846510453 5.789753437042236 3710
1744846523643 6.3346266746521 3720
1744846536970 5.849952697753906 3730
1744846550971 14.188549995422363 3740
1744846564814 4.889251232147217 3750
1744846578499 3.8092904090881348 3760
1744846591727 6.396925449371338 3770
1744846604656 5.6689453125 3780
1744846617893 5.446302890777588 3790
1744846630827 4.251425743103027 3800
1744846644369 3.873992443084717 3810
1744846657652 4.583403587341309 3820
1744846671309 7.888960838317871 3830
1744846684962 4.462211608886719 3840
1744846698584 3.528428792953491 3850
1744846711026 6.939786434173584 3860
1744846762279 4.1618242263793945 3870
1744846775248 5.9493303298950195 3880
1744846788549 4.986640930175781 3890
1744846801707 5.687154769897461 3900
1744846815070 5.983486175537109 3910
1744846828480 8.60919189453125 3920
1744846841879 5.192165374755859 3930
1744846855479 3.6537697315216064 3940
1744846868741 4.412961006164551 3950
1744846882142 2.4889867305755615 3960
1744846895469 5.089676380157471 3970
1744846909115 3.1778786182403564 3980
1744846922370 4.715745449066162 3990
1744846935547 4.413509368896484 4000
1744846949352 4.5425028800964355 4010
1744846962655 5.304838180541992 4020
1744846976135 4.816299915313721 4030
1744846989507 3.3046634197235107 4040
1744847002619 5.826903820037842 4050
1744847052923 4.034375190734863 4060
1744847066611 4.029876708984375 4070
1744847080165 5.368791103363037 4080
1744847093564 3.5764241218566895 4090
1744847106591 4.178686141967773 4100
1744847119829 4.7956461906433105 4110
1744847133064 4.769474029541016 4120
1744847146654 5.9935078620910645 4130
1744847160097 4.739927291870117 4140
1744847173082 4.214533805847168 4150
1744847186843 3.970897912979126 4160
1744847200185 3.850609540939331 4170
1744847213512 7.704969882965088 4180
1744847226539 4.031063556671143 4190
1744847239822 5.277963638305664 4200
1744847253393 4.501944541931152 4210
1744847266551 6.207228660583496 4220
1744847280123 4.591274261474609 4230
1744847293433 7.851160049438477 4240
1744847344994 6.451774597167969 4250
1744847358131 5.14951229095459 4260
1744847371365 4.663578510284424 4270
1744847384710 4.645798206329346 4280
1744847397905 4.177719593048096 4290
1744847411302 3.6104683876037598 4300
1744847424403 4.339235782623291 4310
1744847438803 5.672698497772217 4320
1744847452640 6.4772515296936035 4330
1744847466285 3.1162264347076416 4340
1744847479282 6.103668212890625 4350
1744847492850 3.9151501655578613 4360
1744847506090 4.7823309898376465 4370
1744847519622 4.310181617736816 4380
1744847533045 2.6894500255584717 4390
1744847545964 4.6511030197143555 4400
1744847559230 6.435405731201172 4410
1744847572294 5.603817462921143 4420
1744847585306 5.498003005981445 4430
1744847635952 4.149418354034424 4440
1744847649609 3.549811363220215 4450
1744847663046 3.931795835494995 4460
1744847676361 3.942003011703491 4470
1744847689911 4.936293125152588 4480
1744847703720 4.404417991638184 4490
1744847716753 5.212808132171631 4500
1744847730374 3.8371541500091553 4510
1744847743380 6.25258207321167 4520
1744847756363 6.386785507202148 4530
1744847770053 9.475592613220215 4540
1744847783230 4.699960708618164 4550
1744847796740 4.118272304534912 4560
1744847810105 6.051680088043213 4570
1744847824046 4.361396312713623 4580
1744847837272 7.3206305503845215 4590
1744847850462 3.9660069942474365 4600
1744847863711 6.89957857131958 4610
1744847876872 4.249556064605713 4620
1744847890342 4.039037227630615 4630
1744847941136 4.642332077026367 4640
1744847954339 4.199169158935547 4650
1744847967654 5.441094398498535 4660
1744847981515 4.41395902633667 4670
1744847994697 5.233853340148926 4680
1744848008229 3.498587131500244 4690
1744848021473 4.246204376220703 4700
1744848034991 3.2186741828918457 4710
1744848048108 4.654592990875244 4720
1744848061446 7.294551849365234 4730
1744848074507 6.484809875488281 4740
1744848088167 5.654296875 4750
1744848101997 4.068493843078613 4760
1744848116081 3.16545033454895 4770
1744848129455 5.219472885131836 4780
1744848142689 2.856049060821533 4790
1744848156144 3.4301669597625732 4800
1744848169354 7.383166313171387 4810
1744848182610 4.369648456573486 4820
1744848233231 5.057460308074951 4830
1744848246623 3.95204496383667 4840
1744848259782 4.858545780181885 4850
1744848273512 3.784306526184082 4860
1744848286814 5.033416271209717 4870
1744848300045 5.024129390716553 4880
1744848313826 5.785862445831299 4890
1744848327131 5.606704235076904 4900
1744848340552 3.9652178287506104 4910
1744848353599 10.211934089660645 4920
1744848366885 4.976839065551758 4930
1744848380079 4.6999592781066895 4940
1744848393374 4.050189018249512 4950
1744848407138 5.690917491912842 4960
1744848420331 2.8754100799560547 4970
1744848433776 3.7970383167266846 4980
1744848446715 5.478716850280762 4990
1744848460030 6.726294994354248 5000
1744848473249 5.350666522979736 5010
1744848524835 5.681695461273193 5020
1744848538119 4.752267360687256 5030
1744848551443 6.534335613250732 5040
1744848564556 4.0167059898376465 5050
1744848577489 4.430408000946045 5060
1744848590944 5.26124382019043 5070
1744848604207 5.332819938659668 5080
1744848617415 4.010498046875 5090
1744848630466 4.985267639160156 5100
1744848643709 6.400918960571289 5110
1744848656965 4.654348373413086 5120
1744848670122 4.925934791564941 5130
1744848683796 4.530122756958008 5140
1744848696917 5.705351829528809 5150
1744848710289 3.616748094558716 5160
1744848723311 4.455664157867432 5170
1744848737089 3.285015106201172 5180
1744848750295 3.937288284301758 5190
1744848763650 4.987188339233398 5200
1744848776664 4.783276557922363 5210
1744848829124 3.5130631923675537 5220
1744848842571 5.800051212310791 5230
1744848855932 3.953080415725708 5240
1744848869355 5.412842750549316 5250
1744848882539 3.1975700855255127 5260
1744848895976 4.697450160980225 5270
1744848909067 6.834821701049805 5280
1744848922868 9.52605152130127 5290
1744848936044 4.266953945159912 5300
1744848949781 3.417079210281372 5310
1744848963153 6.945135593414307 5320
1744848977259 5.097588062286377 5330
1744848990670 3.723104953765869 5340
1744849004043 4.282788276672363 5350
1744849017509 3.77097225189209 5360
1744849030622 3.9311840534210205 5370
1744849044500 3.8688249588012695 5380
1744849058570 4.887331485748291 5390
1744849072158 8.168168067932129 5400
1744849123117 6.108841896057129 5410
1744849136671 5.6623454093933105 5420
1744849149944 8.38015365600586 5430
1744849164167 21.36334991455078 5440
1744849177896 5.862856864929199 5450
1744849191013 5.514158248901367 5460
1744849204952 2.8399031162261963 5470
1744849218439 6.196600437164307 5480
1744849231589 5.789608001708984 5490
1744849245098 5.870438575744629 5500
1744849258599 4.7672438621521 5510
1744849272319 4.201233863830566 5520
1744849285755 6.013873100280762 5530
1744849298936 5.132662296295166 5540
1744849312252 4.950863838195801 5550
1744849325085 5.462780475616455 5560
1744849338502 4.767902374267578 5570
1744849351343 6.449058532714844 5580
1744849364590 6.1015400886535645 5590
1744849415441 3.907174825668335 5600
1744849429135 5.427926063537598 5610
1744849442579 6.794022083282471 5620
1744849455952 5.648951053619385 5630
1744849469365 5.7613725662231445 5640
1744849482683 9.236088752746582 5650
1744849496053 4.523268222808838 5660
1744849509234 4.233885765075684 5670
1744849522485 7.889888763427734 5680
1744849535570 3.591482639312744 5690
1744849548947 6.484447002410889 5700
1744849562004 4.881192207336426 5710
1744849575250 4.88753080368042 5720
1744849588808 4.415101051330566 5730
1744849602100 3.425739049911499 5740
1744849615789 5.621218681335449 5750
1744849629328 5.703714847564697 5760
1744849643066 4.882877826690674 5770
1744849656263 4.568370342254639 5780
1744849669026 5.932821750640869 5790
