1744840882894 7.772020725388602e-07 10
1744840896176 1.6407599309153715e-06 20
1744840909676 2.504317789291883e-06 30
1744840923838 3.367875647668394e-06 40
1744840937674 4.2314335060449055e-06 50
1744840950841 5.094991364421417e-06 60
1744840964544 5.958549222797928e-06 70
1744840977658 6.822107081174439e-06 80
1744840991083 7.68566493955095e-06 90
1744841004423 8.549222797927462e-06 100
1744841018010 9.412780656303973e-06 110
1744841031353 1.0276338514680484e-05 120
1744841044567 1.1139896373056995e-05 130
1744841057868 1.2003454231433506e-05 140
1744841070913 1.2867012089810018e-05 150
1744841084506 1.3730569948186529e-05 160
1744841098093 1.459412780656304e-05 170
1744841112207 1.5457685664939554e-05 180
1744841125649 1.6321243523316064e-05 190
1744841177860 1.7184801381692577e-05 200
1744841191020 1.8048359240069086e-05 210
1744841204220 1.89119170984456e-05 220
1744841217128 1.9775474956822108e-05 230
1744841230214 2.063903281519862e-05 240
1744841243210 2.150259067357513e-05 250
1744841256291 2.2366148531951643e-05 260
1744841269521 2.3229706390328153e-05 270
1744841282497 2.4093264248704665e-05 280
1744841295281 2.4956822107081175e-05 290
1744841307892 2.5820379965457688e-05 300
1744841320953 2.6683937823834197e-05 310
1744841333785 2.754749568221071e-05 320
1744841346833 2.841105354058722e-05 330
1744841359458 2.9274611398963732e-05 340
1744841372081 3.013816925734024e-05 350
1744841384867 3.1001727115716754e-05 360
1744841397597 3.186528497409327e-05 370
1744841410472 3.272884283246977e-05 380
1744841460113 3.3592400690846286e-05 390
1744841472964 3.44559585492228e-05 400
1744841486022 3.531951640759931e-05 410
1744841499350 3.6183074265975825e-05 420
1744841512259 3.704663212435233e-05 430
1744841525478 3.791018998272884e-05 440
1744841538519 3.8773747841105356e-05 450
1744841551930 3.963730569948187e-05 460
1744841565023 4.0500863557858375e-05 470
1744841577795 4.136442141623489e-05 480
1744841590650 4.22279792746114e-05 490
1744841603469 4.3091537132987913e-05 500
1744841616860 4.3955094991364426e-05 510
1744841630160 4.481865284974093e-05 520
1744841643569 4.5682210708117445e-05 530
1744841656680 4.654576856649396e-05 540
1744841669677 4.740932642487047e-05 550
1744841682784 4.827288428324698e-05 560
1744841696191 4.913644214162349e-05 570
1744841745226 5e-05 580
1744841758275 4.999954567535423e-05 590
1744841771160 4.999818271792977e-05 600
1744841784004 4.9995911177264626e-05 610
1744841796867 4.999273113592017e-05 620
1744841809558 4.998864270947808e-05 630
1744841822912 4.9983646046536206e-05 640
1744841836005 4.99777413287031e-05 650
1744841849225 4.997092877059147e-05 660
1744841862310 4.9963208619810374e-05 670
1744841875295 4.995458115695618e-05 680
1744841888171 4.994504669560241e-05 690
1744841900981 4.993460558228834e-05 700
1744841914418 4.992325819650636e-05 710
1744841927396 4.991100495068823e-05 720
1744841940320 4.98978462901901e-05 730
1744841953061 4.988378269327625e-05 740
1744841966179 4.986881467110178e-05 750
1744841979490 4.985294276769401e-05 760
1744841992615 4.983616755993267e-05 770
1744842043731 4.9818489657529e-05 780
1744842057552 4.979990970300354e-05 790
1744842071633 4.9780428371662796e-05 800
1744842084733 4.9760046371574676e-05 810
1744842098356 4.973876444354277e-05 820
1744842111602 4.971658336107945e-05 830
1744842124696 4.96935039303777e-05 840
1744842137804 4.966952699028186e-05 850
1744842150948 4.96446534122571e-05 860
1744842164018 4.96188841003578e-05 870
1744842176854 4.959221999119463e-05 880
1744842190046 4.956466205390055e-05 890
1744842202967 4.953621129009556e-05 900
1744842216320 4.950686873385033e-05 910
1744842229266 4.947663545164857e-05 920
1744842242609 4.944551254234829e-05 930
1744842255269 4.941350113714189e-05 940
1744842267886 4.9380602399514973e-05 950
1744842281041 4.934681752520415e-05 960
1744842331917 4.931214774215348e-05 970
1744842344837 4.9276594310469924e-05 980
1744842358236 4.9240158522377506e-05 990
1744842371192 4.9202841702170345e-05 1000
1744842384378 4.9164645206164536e-05 1010
1744842397906 4.912557042264883e-05 1020
1744842412226 4.9085618771834215e-05 1030
1744842425796 4.904479170580225e-05 1040
1744842438949 4.900309070845232e-05 1050
1744842452081 4.8960517295447694e-05 1060
1744842464995 4.891707301416043e-05 1070
1744842478055 4.8872759443615155e-05 1080
1744842491591 4.882757819443165e-05 1090
1744842504663 4.8781530908766303e-05 1100
1744842518008 4.873461926025247e-05 1110
1744842531082 4.868684495393958e-05 1120
1744842544097 4.863820972623123e-05 1130
1744842557466 4.8588715344822036e-05 1140
1744842570736 4.853836360863335e-05 1150
1744842622038 4.8487156347747986e-05 1160
1744842635654 4.843509542334358e-05 1170
1744842648997 4.838218272762501e-05 1180
1744842662547 4.8328420183755617e-05 1190
1744842675792 4.827380974578731e-05 1200
1744842689075 4.8218353398589504e-05 1210
1744842702377 4.816205315777703e-05 1220
1744842715504 4.8104911069636846e-05 1230
1744842728965 4.804692921105367e-05 1240
1744842742267 4.798810968943449e-05 1250
1744842755886 4.792845464263196e-05 1260
1744842768830 4.786796623886674e-05 1270
1744842782170 4.780664667664863e-05 1280
1744842795675 4.774449818469669e-05 1290
1744842809262 4.7681523021858265e-05 1300
1744842822864 4.7617723477026824e-05 1310
1744842835917 4.755310186905883e-05 1320
1744842849511 4.74876605466894e-05 1330
1744842862788 4.7421401888447006e-05 1340
1744842875836 4.735432830256694e-05 1350
1744842926545 4.728644222690386e-05 1360
1744842940641 4.721774612884314e-05 1370
1744842954100 4.7148242505211235e-05 1380
1744842967776 4.7077933882184864e-05 1390
1744842981047 4.700682281519925e-05 1400
1744842994519 4.6934911888855226e-05 1410
1744843008446 4.686220371682527e-05 1420
1744843022151 4.678870094175855e-05 1430
1744843035480 4.6714406235184835e-05 1440
1744843048631 4.6639322297417445e-05 1450
1744843062200 4.6563451857455046e-05 1460
1744843075349 4.648679767288249e-05 1470
1744843088867 4.64093625297706e-05 1480
1744843102123 4.63311492425749e-05 1490
1744843115452 4.6252160654033314e-05 1500
1744843128956 4.6172399635062826e-05 1510
1744843142094 4.609186908465519e-05 1520
1744843155379 4.601057192977149e-05 1530
1744843168578 4.592851112523583e-05 1540
1744843219653 4.584568965362788e-05 1550
1744843232646 4.5762110525174496e-05 1560
1744843245949 4.5677776777640314e-05 1570
1744843259176 4.559269147621734e-05 1580
1744843272355 4.550685771341352e-05 1590
1744843285327 4.5420278608940364e-05 1600
1744843298492 4.533295730959956e-05 1610
1744843311618 4.5244896989168566e-05 1620
1744843324646 4.51561008482853e-05 1630
1744843338291 4.5066572114331785e-05 1640
1744843351713 4.497631404131684e-05 1650
1744843365058 4.488532990975783e-05 1660
1744843378126 4.4793623026561436e-05 1670
1744843391763 4.470119672490343e-05 1680
1744843405472 4.460805436410753e-05 1690
1744843418971 4.4514199329523374e-05 1700
1744843432291 4.441963503240338e-05 1710
1744843445589 4.4324364909778804e-05 1720
1744843458835 4.422839242433482e-05 1730
1744843509630 4.413172106428468e-05 1740
1744843523233 4.403435434324288e-05 1750
1744843536573 4.393629580009752e-05 1760
1744843549892 4.3837548998881614e-05 1770
1744843562802 4.373811752864361e-05 1780
1744843576238 4.363800500331691e-05 1790
1744843589389 4.353721506158852e-05 1800
1744843602579 4.3435751366766805e-05 1810
1744843615554 4.333361760664834e-05 1820
1744843628770 4.323081749338388e-05 1830
1744843641828 4.312735476334342e-05 1840
1744843654995 4.302323317698043e-05 1850
1744843669028 4.291845651869512e-05 1860
1744843682112 4.281302859669695e-05 1870
1744843695467 4.270695324286619e-05 1880
1744843708663 4.260023431261464e-05 1890
1744843722085 4.249287568474551e-05 1900
1744843735132 4.238488126131246e-05 1910
1744843749248 4.2276254967477734e-05 1920
1744843761761 4.216700075136953e-05 1930
1744843812840 4.205712258393849e-05 1940
1744843825999 4.1946624458813375e-05 1950
1744843839717 4.183551039215591e-05 1960
1744843853214 4.172378442251481e-05 1970
1744843866545 4.161145061067902e-05 1980
1744843879680 4.149851303953004e-05 1990
1744843893040 4.138497581389368e-05 2000
1744843906300 4.127084306039069e-05 2010
1744843919284 4.11561189272869e-05 2020
1744843932375 4.1040807584342424e-05 2030
1744843945311 4.092491322266003e-05 2040
1744843958636 4.080844005453294e-05 2050
1744843971747 4.069139231329159e-05 2060
1744843984789 4.057377425314989e-05 2070
1744843998262 4.04555901490505e-05 2080
1744844011719 4.033684429650954e-05 2090
1744844025061 4.0217541011460394e-05 2100
1744844038717 4.009768463009686e-05 2110
1744844052102 3.997727950871562e-05 2120
1744844102791 3.9856330023557764e-05 2130
1744844116297 3.9734840570649865e-05 2140
1744844129380 3.9612815565644146e-05 2150
1744844142922 3.949025944365796e-05 2160
1744844156404 3.936717665911267e-05 2170
1744844169850 3.9243571685571654e-05 2180
1744844182905 3.9119449015577794e-05 2190
1744844196197 3.899481316049012e-05 2200
1744844209649 3.8869668650319903e-05 2210
1744844222805 3.8744020033565946e-05 2220
1744844236372 3.861787187704933e-05 2230
1744844249355 3.8491228765747375e-05 2240
1744844262835 3.8364095302627004e-05 2250
1744844275808 3.823647610847748e-05 2260
1744844288876 3.81083758217424e-05 2270
1744844302403 3.797979909835117e-05 2280
1744844315409 3.7850750611549734e-05 2290
1744844328776 3.772123505173074e-05 2300
1744844342002 3.759125712626304e-05 2310
1744844393471 3.7460821559320625e-05 2320
1744844406607 3.732993309171095e-05 2330
1744844420691 3.71985964807025e-05 2340
1744844434447 3.7066816499852065e-05 2350
1744844448251 3.693459793883105e-05 2360
1744844461328 3.680194560325157e-05 2370
1744844474332 3.6668864314491636e-05 2380
1744844487832 3.6535358909519985e-05 2390
1744844500892 3.64014342407203e-05 2400
1744844514323 3.62670951757148e-05 2410
1744844527219 3.613234659718732e-05 2420
1744844540463 3.5997193402705886e-05 2430
1744844554022 3.5861640504544674e-05 2440
1744844567017 3.572569282950548e-05 2450
1744844580630 3.5589355318738646e-05 2460
1744844593755 3.545263292756348e-05 2470
1744844607091 3.531553062528813e-05 2480
1744844620271 3.5178053395028986e-05 2490
1744844633512 3.504020623352958e-05 2500
1744844684516 3.490199415097892e-05 2510
1744844697644 3.476342217082945e-05 2520
1744844710746 3.4624495329614435e-05 2530
1744844724478 3.448521867676491e-05 2540
1744844737763 3.434559727442614e-05 2550
1744844751935 3.4205636197273684e-05 2560
1744844765305 3.406534053232886e-05 2570
1744844778737 3.392471537877393e-05 2580
1744844792036 3.378376584776676e-05 2590
1744844805157 3.3642497062255e-05 2600
1744844818726 3.350091415678992e-05 2610
1744844832914 3.3359022277339794e-05 2620
1744844846715 3.3216826581102855e-05 2630
1744844859690 3.307433223631984e-05 2640
1744844873094 3.293154442208618e-05 2650
1744844886322 3.278846832816371e-05 2660
1744844899736 3.2645109154792095e-05 2670
1744844912878 3.250147211249979e-05 2680
1744844925961 3.235756242191466e-05 2690
1744844939395 3.221338531357424e-05 2700
1744844990593 3.206894602773561e-05 2710
1744845004087 3.1924249814184985e-05 2720
1744845017181 3.177930193204684e-05 2730
1744845030399 3.163410764959277e-05 2740
1744845044009 3.1488672244050066e-05 2750
1744845057542 3.134300100140985e-05 2760
1744845070938 3.1197099216235e-05 2770
1744845084452 3.105097219146763e-05 2780
1744845097313 3.090462523823647e-05 2790
1744845111033 3.075806367566372e-05 2800
1744845124151 3.0611292830671795e-05 2810
1744845137314 3.0464318037789648e-05 2820
1744845150578 3.031714463895895e-05 2830
1744845164268 3.0169777983339882e-05 2840
1744845177399 3.0022223427116724e-05 2850
1744845190546 2.9874486333303214e-05 2860
1744845203952 2.9726572071547553e-05 2870
1744845217317 2.9578486017937335e-05 2880
1744845230734 2.9430233554804045e-05 2890
1744845282399 2.928182007052751e-05 2900
1744845295650 2.913325095934004e-05 2910
1744845308767 2.898453162113032e-05 2920
1744845322357 2.8835667461247216e-05 2930
1744845335734 2.8686663890303263e-05 2940
1744845349042 2.8537526323978014e-05 2950
1744845362130 2.8388260182821248e-05 2960
1744845375296 2.8238870892055892e-05 2970
1744845389062 2.8089363881380877e-05 2980
1744845402142 2.793974458477377e-05 2990
1744845415667 2.7790018440293292e-05 3000
1744845428703 2.764019088988165e-05 3010
1744845442207 2.7490267379166733e-05 3020
1744845455600 2.7340253357264228e-05 3030
1744845469341 2.719015427657952e-05 3040
1744845482921 2.7039975592609536e-05 3050
1744845496407 2.6889722763744473e-05 3060
1744845509323 2.6739401251069384e-05 3070
1744845522678 2.658901651816572e-05 3080
1744845573964 2.6438574030912715e-05 3090
1744845587799 2.6288079257288744e-05 3100
1744845601487 2.6137537667172595e-05 3110
1744845614628 2.5986954732144625e-05 3120
1744845628134 2.5836335925287937e-05 3130
1744845641679 2.56856867209894e-05 3140
1744845655825 2.5535012594740736e-05 3150
1744845669022 2.5384319022939464e-05 3160
1744845682233 2.5233611482689872e-05 3170
1744845695417 2.508289545160395e-05 3180
1744845708515 2.49321764076023e-05 3190
1744845721526 2.478145982871501e-05 3200
1744845734450 2.46307511928826e-05 3210
1744845747430 2.448005597775687e-05 3220
1744845760925 2.4329379660501836e-05 3230
1744845774830 2.4178727717594644e-05 3240
1744845788256 2.4028105624626573e-05 3250
1744845801707 2.3877518856103924e-05 3260
1744845814900 2.372697288524912e-05 3270
1744845827849 2.357647318380176e-05 3280
1744845879794 2.3426025221819708e-05 3290
1744845893536 2.327563446748035e-05 3300
1744845906622 2.3125306386881777e-05 3310
1744845919786 2.2975046443844138e-05 3320
1744845933154 2.2824860099711068e-05 3330
1744845946317 2.2674752813151166e-05 3340
1744845959536 2.2524730039959637e-05 3350
1744845972576 2.2374797232859928e-05 3360
1744845985637 2.2224959841305605e-05 3370
1744845998967 2.2075223311282248e-05 3380
1744846012392 2.1925593085109528e-05 3390
1744846025582 2.1776074601243426e-05 3400
1744846038836 2.162667329407851e-05 3410
1744846052332 2.147739459375045e-05 3420
1744846065499 2.132824392593867e-05 3430
1744846078620 2.117922671166909e-05 3440
1744846092171 2.103034836711719e-05 3450
1744846105417 2.0881614303411046e-05 3460
1744846118610 2.0733029926434726e-05 3470
1744846168951 2.058460063663178e-05 3480
1744846182253 2.043633182880897e-05 3490
1744846195590 2.0288228891940188e-05 3500
1744846208900 2.0140297208970583e-05 3510
1744846222273 1.99925421566209e-05 3520
1744846235644 1.98449691051921e-05 3530
1744846248817 1.969758341837011e-05 3540
1744846261782 1.9550390453030948e-05 3550
1744846274786 1.940339555904594e-05 3560
1744846288078 1.925660407908736e-05 3570
1744846301297 1.911002134843416e-05 3580
1744846315285 1.896365269477812e-05 3590
1744846328280 1.8817503438030175e-05 3600
1744846341585 1.8671578890127082e-05 3610
1744846354450 1.852588435483831e-05 3620
1744846368059 1.838042512757332e-05 3630
1744846380945 1.8235206495189048e-05 3640
1744846394135 1.809023373579781e-05 3650
1744846407363 1.794551211857541e-05 3660
1744846458295 1.7801046903569632e-05 3670
1744846470937 1.7656843341509096e-05 3680
1744846484018 1.7512906673612373e-05 3690
1744846497312 1.7369242131397536e-05 3700
1744846510453 1.7225854936491944e-05 3710
1744846523643 1.7082750300442534e-05 3720
1744846536970 1.6939933424526347e-05 3730
1744846550971 1.6797409499561497e-05 3740
1744846564814 1.665518370571854e-05 3750
1744846578499 1.6513261212332146e-05 3760
1744846591727 1.637164717771323e-05 3770
1744846604656 1.6230346748961486e-05 3780
1744846617893 1.6089365061778283e-05 3790
1744846630827 1.5948707240280043e-05 3800
1744846644369 1.5808378396811957e-05 3810
1744846657652 1.566838363176219e-05 3820
1744846671309 1.5528728033376506e-05 3830
1744846684962 1.5389416677573326e-05 3840
1744846698584 1.5250454627759231e-05 3850
1744846711026 1.5111846934644962e-05 3860
1744846762279 1.49735986360618e-05 3870
1744846775248 1.4835714756778484e-05 3880
1744846788549 1.4698200308318583e-05 3890
1744846801707 1.4561060288778344e-05 3900
1744846815070 1.4424299682645037e-05 3910
1744846828480 1.4287923460615777e-05 3920
1744846841879 1.4151936579416858e-05 3930
1744846855479 1.4016343981623612e-05 3940
1744846868741 1.3881150595480749e-05 3950
1744846882142 1.3746361334723268e-05 3960
1744846895469 1.3611981098397814e-05 3970
1744846909115 1.3478014770684644e-05 3980
1744846922370 1.3344467220720114e-05 3990
1744846935547 1.3211343302419676e-05 4000
1744846949352 1.3078647854301512e-05 4010
1744846962655 1.2946385699310614e-05 4020
1744846976135 1.2814561644643516e-05 4030
1744846989507 1.2683180481573573e-05 4040
1744847002619 1.2552246985276806e-05 4050
1744847052923 1.2421765914658378e-05 4060
1744847066611 1.2291742012179578e-05 4070
1744847080165 1.216218000368548e-05 4080
1744847093564 1.2033084598233163e-05 4090
1744847106591 1.1904460487920593e-05 4100
1744847119829 1.1776312347716034e-05 4110
1744847133064 1.1648644835288152e-05 4120
1744847146654 1.1521462590836729e-05 4130
1744847160097 1.139477023692404e-05 4140
1744847173082 1.1268572378306777e-05 4150
1744847186843 1.1142873601768732e-05 4160
1744847200185 1.1017678475954069e-05 4170
1744847213512 1.0892991551201297e-05 4180
1744847226539 1.0768817359377847e-05 4190
1744847239822 1.0645160413715366e-05 4200
1744847253393 1.0522025208645708e-05 4210
1744847266551 1.0399416219637549e-05 4220
1744847280123 1.0277337903033716e-05 4230
1744847293433 1.0155794695889256e-05 4240
1744847344994 1.0034791015810117e-05 4250
1744847358131 9.914331260792645e-06 4260
1744847371365 9.794419809063676e-06 4270
1744847384710 9.675061018921434e-06 4280
1744847397905 9.556259228577121e-06 4290
1744847411302 9.438018755997239e-06 4300
1744847424403 9.320343898746664e-06 4310
1744847438803 9.203238933832422e-06 4320
1744847452640 9.086708117548245e-06 4330
1744847466285 8.970755685319881e-06 4340
1744847479282 8.855385851551135e-06 4350
1744847492850 8.740602809470735e-06 4360
1744847506090 8.62641073097987e-06 4370
1744847519622 8.512813766500583e-06 4380
1744847533045 8.399816044824927e-06 4390
1744847545964 8.287421672964887e-06 4400
1744847559230 8.175634736003131e-06 4410
1744847572294 8.064459296944496e-06 4420
1744847585306 7.953899396568338e-06 4430
1744847635952 7.843959053281663e-06 4440
1744847649609 7.734642262973068e-06 4450
1744847663046 7.625952998867528e-06 4460
1744847676361 7.517895211381948e-06 4470
1744847689911 7.410472827981612e-06 4480
1744847703720 7.303689753037421e-06 4490
1744847716753 7.197549867683987e-06 4500
1744847730374 7.092057029678584e-06 4510
1744847743380 6.987215073260911e-06 4520
1744847756363 6.883027809013743e-06 4530
1744847770053 6.779499023724434e-06 4540
1744847783230 6.676632480247272e-06 4550
1744847796740 6.574431917366747e-06 4560
1744847810105 6.472901049661614e-06 4570
1744847824046 6.372043567369912e-06 4580
1744847837272 6.271863136254838e-06 4590
1744847850462 6.1723633974714895e-06 4600
1744847863711 6.073547967434573e-06 4610
1744847876872 5.975420437686896e-06 4620
1744847890342 5.877984374768877e-06 4630
1744847941136 5.7812433200889e-06 4640
1744847954339 5.685200789794584e-06 4650
1744847967654 5.589860274645031e-06 4660
1744847981515 5.495225239883897e-06 4670
1744847994697 5.401299125113471e-06 4680
1744848008229 5.308085344169661e-06 4690
1744848021473 5.2155872849979e-06 4700
1744848034991 5.123808309530037e-06 4710
1744848048108 5.032751753562109e-06 4720
1744848061446 4.9424209266331175e-06 4730
1744848074507 4.852819111904744e-06 4740
1744848088167 4.763949566041992e-06 4750
1744848101997 4.675815519094876e-06 4760
1744848116081 4.588420174380959e-06 4770
1744848129455 4.501766708368968e-06 4780
1744848142689 4.415858270563317e-06 4790
1744848156144 4.330697983389659e-06 4800
1744848169354 4.246288942081364e-06 4810
1744848182610 4.162634214567074e-06 4820
1744848233231 4.079736841359139e-06 4830
1744848246623 3.99759983544313e-06 4840
1744848259782 3.916226182168337e-06 4850
1744848273512 3.835618839139265e-06 4860
1744848286814 3.7557807361081167e-06 4870
1744848300045 3.676714774868317e-06 4880
1744848313826 3.5984238291490503e-06 4890
1744848327131 3.5209107445108194e-06 4900
1744848340552 3.444178338242002e-06 4910
1744848353599 3.368229399256459e-06 4920
1744848366885 3.2930666879921664e-06 4930
1744848380079 3.218692936310913e-06 4940
1744848393374 3.1451108473989604e-06 4950
1744848407138 3.07232309566883e-06 4960
1744848420331 3.0003323266620783e-06 4970
1744848433776 2.9291411569531664e-06 4980
1744848446715 2.8587521740543245e-06 4990
1744848460030 2.7891679363215295e-06 5000
1744848473249 2.7203909728615084e-06 5010
1744848524835 2.652423783439839e-06 5020
1744848538119 2.585268838390059e-06 5030
1744848551443 2.518928578523891e-06 5040
1744848564556 2.4534054150425477e-06 5050
1744848577489 2.388701729449061e-06 5060
1744848590944 2.32481987346177e-06 5070
1744848604207 2.261762168928791e-06 5080
1744848617415 2.1995309077436715e-06 5090
1744848630466 2.1381283517620615e-06 5100
1744848643709 2.077556732719521e-06 5110
1744848656965 2.0178182521504052e-06 5120
1744848670122 1.958915081307833e-06 5130
1744848683796 1.9008493610847832e-06 5140
1744848696917 1.843623201936276e-06 5150
1744848710289 1.7872386838026667e-06 5160
1744848723311 1.7316978560340646e-06 5170
1744848737089 1.677002737315811e-06 5180
1744848750295 1.6231553155951484e-06 5190
1744848763650 1.5701575480089353e-06 5200
1744848776664 1.5180113608125295e-06 5210
1744848829124 1.4667186493097784e-06 5220
1744848842571 1.4162812777841205e-06 5230
1744848855932 1.3667010794308293e-06 5240
1744848869355 1.3179798562903884e-06 5250
1744848882539 1.2701193791829934e-06 5260
1744848895976 1.223121387644191e-06 5270
1744848909067 1.1769875898616528e-06 5280
1744848922868 1.1317196626130817e-06 5290
1744848936044 1.0873192512052765e-06 5300
1744848949781 1.0437879694143337e-06 5310
1744848963153 1.0011273994269931e-06 5320
1744848977259 9.593390917831153e-07 5330
1744848990670 9.184245653193507e-07 5340
1744849004043 8.783853071139159e-07 5350
1744849017509 8.392227724325518e-07 5360
1744849030622 8.009383846756424e-07 5370
1744849044500 7.63533535326455e-07 5380
1744849058570 7.270095839005842e-07 5390
1744849072158 6.913678578965355e-07 5400
1744849123117 6.566096527474697e-07 5410
1744849136671 6.227362317741293e-07 5420
1744849149944 5.897488261389083e-07 5430
1744849164167 5.576486348011223e-07 5440
1744849177896 5.264368244734141e-07 5450
1744849191013 4.961145295793557e-07 5460
1744849204952 4.6668285221222184e-07 5470
1744849218439 4.381428620949202e-07 5480
1744849231589 4.1049559654112445e-07 5490
1744849245098 3.8374206041756345e-07 5500
1744849258599 3.5788322610750545e-07 5510
1744849272319 3.32920033475409e-07 5520
1744849285755 3.0885338983276666e-07 5530
1744849298936 2.8568416990512324e-07 5540
1744849312252 2.634132158002928e-07 5550
1744849325085 2.4204133697773854e-07 5560
1744849338502 2.2156931021916626e-07 5570
1744849351343 2.0199787960027972e-07 5580
1744849364590 1.8332775646374146e-07 5590
1744849415441 1.6555961939331565e-07 5600
1744849429135 1.486941141892101e-07 5610
1744849442579 1.3273185384460318e-07 5620
1744849455952 1.1767341852335079e-07 5630
1744849469365 1.035193555389169e-07 5640
1744849482683 9.027017933447845e-08 5650
1744849496053 7.792637146421256e-08 5660
1744849509234 6.648838057581597e-08 5670
1744849522485 5.595662239417932e-08 5680
1744849535570 4.6331479706282485e-08 5690
1744849548947 3.7613302347294656e-08 5700
1744849562004 2.9802407187842776e-08 5710
1744849575250 2.289907812249581e-08 5720
1744849588808 1.6903566059461863e-08 5730
1744849602100 1.1816088911451028e-08 5740
1744849615789 7.636831587762295e-09 5750
1744849629328 4.365945987563902e-09 5760
1744849643066 2.0035509943727714e-09 5770
1744849656263 5.497324717301799e-10 5780
1744849669026 4.543260082034984e-12 5790
