1744840882894 3.7793 10
1744840896176 3.7884 20
1744840909676 3.7444 30
1744840923838 3.6663 40
1744840937674 3.573 50
1744840950841 3.501 60
1744840964544 3.4194 70
1744840977658 3.3096 80
1744840991083 3.1505 90
1744841004423 2.9588 100
1744841018010 2.9487 110
1744841031353 2.7599 120
1744841044567 2.6596 130
1744841057868 2.5269 140
1744841070913 2.4365 150
1744841084506 2.334 160
1744841098093 2.2746 170
1744841112207 2.1228 180
1744841125649 2.0668 190
1744841177860 2.0191 200
1744841191020 1.9346 210
1744841204220 1.8287 220
1744841217128 1.8389 230
1744841230214 1.8673 240
1744841243210 1.7765 250
1744841256291 1.8335 260
1744841269521 1.8099 270
1744841282497 1.6689 280
1744841295281 1.8655 290
1744841307892 1.7617 300
1744841320953 1.7065 310
1744841333785 1.6774 320
1744841346833 1.6883 330
1744841359458 1.6918 340
1744841372081 1.7618 350
1744841384867 1.6432 360
1744841397597 1.6238 370
1744841410472 1.7043 380
1744841460113 1.6684 390
1744841472964 1.5901 400
1744841486022 1.6118 410
1744841499350 1.6725 420
1744841512259 1.5679 430
1744841525478 1.6231 440
1744841538519 1.5912 450
1744841551930 1.6137 460
1744841565023 1.6589 470
1744841577795 1.5997 480
1744841590650 1.5071 490
1744841603469 1.5189 500
1744841616860 1.5719 510
1744841630160 1.5877 520
1744841643569 1.6055 530
1744841656680 1.5973 540
1744841669677 1.5077 550
1744841682784 1.6152 560
1744841696191 1.5962 570
1744841745226 1.5552 580
1744841758275 1.4399 590
1744841771160 1.5059 600
1744841784004 1.4968 610
1744841796867 1.4674 620
1744841809558 1.4868 630
1744841822912 1.5833 640
1744841836005 1.475 650
1744841849225 1.5173 660
1744841862310 1.5527 670
1744841875295 1.5213 680
1744841888171 1.5131 690
1744841900981 1.5114 700
1744841914418 1.5246 710
1744841927396 1.5 720
1744841940320 1.4772 730
1744841953061 1.487 740
1744841966179 1.5156 750
1744841979490 1.4907 760
1744841992615 1.5372 770
1744842043731 1.3941 780
1744842057552 1.46 790
1744842071633 1.387 800
1744842084733 1.46 810
1744842098356 1.4252 820
1744842111602 1.4674 830
1744842124696 1.4573 840
1744842137804 1.4329 850
1744842150948 1.3712 860
1744842164018 1.4197 870
1744842176854 1.3825 880
1744842190046 1.41 890
1744842202967 1.4658 900
1744842216320 1.4002 910
1744842229266 1.4016 920
1744842242609 1.4436 930
1744842255269 1.4545 940
1744842267886 1.3896 950
1744842281041 1.3932 960
1744842331917 1.3699 970
1744842344837 1.3788 980
1744842358236 1.277 990
1744842371192 1.3243 1000
1744842384378 1.3687 1010
1744842397906 1.3492 1020
1744842412226 1.3422 1030
1744842425796 1.3431 1040
1744842438949 1.3859 1050
1744842452081 1.3287 1060
1744842464995 1.3516 1070
1744842478055 1.3986 1080
1744842491591 1.3428 1090
1744842504663 1.3277 1100
1744842518008 1.3372 1110
1744842531082 1.3875 1120
1744842544097 1.3639 1130
1744842557466 1.4015 1140
1744842570736 1.3628 1150
1744842622038 1.2785 1160
1744842635654 1.3416 1170
1744842648997 1.2754 1180
1744842662547 1.2962 1190
1744842675792 1.2986 1200
1744842689075 1.2896 1210
1744842702377 1.2718 1220
1744842715504 1.3036 1230
1744842728965 1.3592 1240
1744842742267 1.2954 1250
1744842755886 1.3188 1260
1744842768830 1.3006 1270
1744842782170 1.2656 1280
1744842795675 1.3423 1290
1744842809262 1.2828 1300
1744842822864 1.3034 1310
1744842835917 1.273 1320
1744842849511 1.3018 1330
1744842862788 1.3016 1340
1744842875836 1.3173 1350
1744842926545 1.3041 1360
1744842940641 1.2297 1370
1744842954100 1.2135 1380
1744842967776 1.236 1390
1744842981047 1.2667 1400
1744842994519 1.2193 1410
1744843008446 1.3195 1420
1744843022151 1.2714 1430
1744843035480 1.3515 1440
1744843048631 1.3276 1450
1744843062200 1.2497 1460
1744843075349 1.2941 1470
1744843088867 1.2329 1480
1744843102123 1.2307 1490
1744843115452 1.2407 1500
1744843128956 1.2734 1510
1744843142094 1.2321 1520
1744843155379 1.2162 1530
1744843168578 1.348 1540
1744843219653 1.226 1550
1744843232646 1.2139 1560
1744843245949 1.249 1570
1744843259176 1.2657 1580
1744843272355 1.2183 1590
1744843285327 1.2396 1600
1744843298492 1.246 1610
1744843311618 1.2166 1620
1744843324646 1.2573 1630
1744843338291 1.3451 1640
1744843351713 1.2443 1650
1744843365058 1.2399 1660
1744843378126 1.2474 1670
1744843391763 1.1992 1680
1744843405472 1.2023 1690
1744843418971 1.2529 1700
1744843432291 1.1924 1710
1744843445589 1.1835 1720
1744843458835 1.207 1730
1744843509630 1.2355 1740
1744843523233 1.2427 1750
1744843536573 1.1859 1760
1744843549892 1.1218 1770
1744843562802 1.1413 1780
1744843576238 1.2087 1790
1744843589389 1.2231 1800
1744843602579 1.1944 1810
1744843615554 1.2111 1820
1744843628770 1.2122 1830
1744843641828 1.19 1840
1744843654995 1.1704 1850
1744843669028 1.2235 1860
1744843682112 1.1568 1870
1744843695467 1.1729 1880
1744843708663 1.1566 1890
1744843722085 1.1667 1900
1744843735132 1.2124 1910
1744843749248 1.1574 1920
1744843761761 1.2398 1930
1744843812840 1.1435 1940
1744843825999 1.1104 1950
1744843839717 1.1387 1960
1744843853214 1.1318 1970
1744843866545 1.1802 1980
1744843879680 1.1948 1990
1744843893040 1.1592 2000
1744843906300 1.1496 2010
1744843919284 1.1892 2020
1744843932375 1.1886 2030
1744843945311 1.1626 2040
1744843958636 1.1662 2050
1744843971747 1.1342 2060
1744843984789 1.1571 2070
1744843998262 1.1798 2080
1744844011719 1.158 2090
1744844025061 1.0975 2100
1744844038717 1.1644 2110
1744844052102 1.1562 2120
1744844102791 1.1993 2130
1744844116297 1.1124 2140
1744844129380 1.0924 2150
1744844142922 1.1835 2160
1744844156404 1.1101 2170
1744844169850 1.1015 2180
1744844182905 1.141 2190
1744844196197 1.0906 2200
1744844209649 1.1142 2210
1744844222805 1.1481 2220
1744844236372 1.1843 2230
1744844249355 1.1388 2240
1744844262835 1.1362 2250
1744844275808 1.1237 2260
1744844288876 1.1011 2270
1744844302403 1.1562 2280
1744844315409 1.1308 2290
1744844328776 1.1153 2300
1744844342002 1.1038 2310
1744844393471 1.0829 2320
1744844406607 1.1201 2330
1744844420691 1.1613 2340
1744844434447 1.0314 2350
1744844448251 1.0873 2360
1744844461328 1.0561 2370
1744844474332 1.1213 2380
1744844487832 1.0492 2390
1744844500892 1.1073 2400
1744844514323 1.0907 2410
1744844527219 1.08 2420
1744844540463 1.175 2430
1744844554022 1.0698 2440
1744844567017 1.1145 2450
1744844580630 1.0794 2460
1744844593755 1.1162 2470
1744844607091 1.1375 2480
1744844620271 1.1018 2490
1744844633512 1.1425 2500
1744844684516 1.0973 2510
1744844697644 1.0895 2520
1744844710746 1.0831 2530
1744844724478 1.0866 2540
1744844737763 1.0387 2550
1744844751935 1.0516 2560
1744844765305 1.096 2570
1744844778737 1.0557 2580
1744844792036 1.055 2590
1744844805157 1.0647 2600
1744844818726 1.1242 2610
1744844832914 1.0509 2620
1744844846715 1.0913 2630
1744844859690 1.0686 2640
1744844873094 1.095 2650
1744844886322 1.1136 2660
1744844899736 1.0903 2670
1744844912878 1.1187 2680
1744844925961 1.0713 2690
1744844939395 1.1048 2700
1744844990593 1.0409 2710
1744845004087 1.0949 2720
1744845017181 1.0733 2730
1744845030399 1.0498 2740
1744845044009 1.0391 2750
1744845057542 1.0395 2760
1744845070938 1.0273 2770
1744845084452 1.0859 2780
1744845097313 1.0784 2790
1744845111033 1.0803 2800
1744845124151 1.0553 2810
1744845137314 1.0671 2820
1744845150578 1.0436 2830
1744845164268 1.0838 2840
1744845177399 1.0923 2850
1744845190546 1.1021 2860
1744845203952 1.0978 2870
1744845217317 0.9986 2880
1744845230734 1.0271 2890
1744845282399 1.0227 2900
1744845295650 1.0678 2910
1744845308767 1.0735 2920
1744845322357 1.0824 2930
1744845335734 1.0407 2940
1744845349042 1.1176 2950
1744845362130 1.0474 2960
1744845375296 1.0148 2970
1744845389062 1.033 2980
1744845402142 1.0577 2990
1744845415667 1.0278 3000
1744845428703 1.0023 3010
1744845442207 1.0569 3020
1744845455600 1.045 3030
1744845469341 1.023 3040
1744845482921 1.0598 3050
1744845496407 1.0176 3060
1744845509323 1.0506 3070
1744845522678 1.0589 3080
1744845573964 1.034 3090
1744845587799 1.0196 3100
1744845601487 0.9885 3110
1744845614628 1.041 3120
1744845628134 1.0313 3130
1744845641679 0.9984 3140
1744845655825 1.0027 3150
1744845669022 1.0576 3160
1744845682233 1.0409 3170
1744845695417 0.9883 3180
1744845708515 1.0083 3190
1744845721526 1.0114 3200
1744845734450 1.0187 3210
1744845747430 0.9926 3220
1744845760925 1.0349 3230
1744845774830 1.0301 3240
1744845788256 1.0332 3250
1744845801707 1.0437 3260
1744845814900 1.0236 3270
1744845827849 1.0719 3280
1744845879794 0.9975 3290
1744845893536 0.9819 3300
1744845906622 0.9738 3310
1744845919786 1.0417 3320
1744845933154 0.9814 3330
1744845946317 0.9925 3340
1744845959536 1.0648 3350
1744845972576 1.0404 3360
1744845985637 1.0019 3370
1744845998967 1.0018 3380
1744846012392 1.0185 3390
1744846025582 0.9989 3400
1744846038836 1.0608 3410
1744846052332 1.0175 3420
1744846065499 0.9854 3430
1744846078620 0.9964 3440
1744846092171 0.9756 3450
1744846105417 1.0632 3460
1744846118610 1.025 3470
1744846168951 0.9639 3480
1744846182253 0.9824 3490
1744846195590 0.9524 3500
1744846208900 0.9906 3510
1744846222273 0.9908 3520
1744846235644 1.0595 3530
1744846248817 0.9876 3540
1744846261782 1.031 3550
1744846274786 0.9801 3560
1744846288078 0.9577 3570
1744846301297 0.996 3580
1744846315285 1.0278 3590
1744846328280 1.0231 3600
1744846341585 0.9863 3610
1744846354450 0.9733 3620
1744846368059 1.0232 3630
1744846380945 1.0108 3640
1744846394135 0.9874 3650
1744846407363 1.019 3660
1744846458295 0.9942 3670
1744846470937 0.987 3680
1744846484018 1.0065 3690
1744846497312 0.99 3700
1744846510453 1.0206 3710
1744846523643 0.9482 3720
1744846536970 0.9873 3730
1744846550971 0.9458 3740
1744846564814 0.9525 3750
1744846578499 0.9968 3760
1744846591727 0.9512 3770
1744846604656 0.9707 3780
1744846617893 0.977 3790
1744846630827 0.9758 3800
1744846644369 0.946 3810
1744846657652 1.0033 3820
1744846671309 0.9766 3830
1744846684962 0.9939 3840
1744846698584 0.9814 3850
1744846711026 1.0289 3860
1744846762279 0.9643 3870
1744846775248 1.0191 3880
1744846788549 0.9723 3890
1744846801707 0.9933 3900
1744846815070 0.9962 3910
1744846828480 0.9399 3920
1744846841879 0.9407 3930
1744846855479 0.9732 3940
1744846868741 0.9899 3950
1744846882142 0.9568 3960
1744846895469 0.9862 3970
1744846909115 0.9416 3980
1744846922370 0.9815 3990
1744846935547 0.9703 4000
1744846949352 0.9531 4010
1744846962655 0.9929 4020
1744846976135 0.954 4030
1744846989507 0.9524 4040
1744847002619 0.9854 4050
1744847052923 1.0069 4060
1744847066611 0.9157 4070
1744847080165 0.9666 4080
1744847093564 0.9264 4090
1744847106591 0.9685 4100
1744847119829 0.9604 4110
1744847133064 0.9421 4120
1744847146654 0.9595 4130
1744847160097 0.9008 4140
1744847173082 0.9283 4150
1744847186843 0.9943 4160
1744847200185 0.9208 4170
1744847213512 0.927 4180
1744847226539 0.95 4190
1744847239822 0.8955 4200
1744847253393 0.9675 4210
1744847266551 0.9833 4220
1744847280123 0.9704 4230
1744847293433 0.9648 4240
1744847344994 0.9624 4250
1744847358131 0.9742 4260
1744847371365 1.0021 4270
1744847384710 0.9139 4280
1744847397905 0.9244 4290
1744847411302 0.965 4300
1744847424403 0.99 4310
1744847438803 0.997 4320
1744847452640 0.9269 4330
1744847466285 0.9617 4340
1744847479282 0.9329 4350
1744847492850 0.9323 4360
1744847506090 0.9461 4370
1744847519622 0.9526 4380
1744847533045 0.911 4390
1744847545964 0.9382 4400
1744847559230 0.926 4410
1744847572294 0.9593 4420
1744847585306 0.9261 4430
1744847635952 0.9894 4440
1744847649609 0.9622 4450
1744847663046 0.9553 4460
1744847676361 0.9232 4470
1744847689911 0.9744 4480
1744847703720 0.9258 4490
1744847716753 0.9579 4500
1744847730374 0.9468 4510
1744847743380 0.9246 4520
1744847756363 0.9259 4530
1744847770053 0.9114 4540
1744847783230 0.9706 4550
1744847796740 0.9092 4560
1744847810105 0.9109 4570
1744847824046 0.9631 4580
1744847837272 0.9279 4590
1744847850462 0.9284 4600
1744847863711 0.9777 4610
1744847876872 0.9114 4620
1744847890342 0.9472 4630
1744847941136 0.9298 4640
1744847954339 0.8995 4650
1744847967654 0.9091 4660
1744847981515 0.9259 4670
1744847994697 0.9291 4680
1744848008229 0.9088 4690
1744848021473 0.9228 4700
1744848034991 0.9477 4710
1744848048108 0.9185 4720
1744848061446 0.9273 4730
1744848074507 0.9308 4740
1744848088167 0.9406 4750
1744848101997 0.9489 4760
1744848116081 0.9649 4770
1744848129455 0.8948 4780
1744848142689 0.8866 4790
1744848156144 0.8946 4800
1744848169354 0.9595 4810
1744848182610 0.9223 4820
1744848233231 0.9456 4830
1744848246623 0.9337 4840
1744848259782 0.9414 4850
1744848273512 0.9582 4860
1744848286814 0.9522 4870
1744848300045 0.9029 4880
1744848313826 0.8839 4890
1744848327131 0.943 4900
1744848340552 0.9572 4910
1744848353599 0.8901 4920
1744848366885 0.881 4930
1744848380079 0.9112 4940
1744848393374 0.9189 4950
1744848407138 0.9236 4960
1744848420331 0.9259 4970
1744848433776 0.9593 4980
1744848446715 0.9332 4990
1744848460030 0.9246 5000
1744848473249 0.9327 5010
1744848524835 0.9424 5020
1744848538119 0.9155 5030
1744848551443 0.9301 5040
1744848564556 0.9064 5050
1744848577489 0.9372 5060
1744848590944 0.9178 5070
1744848604207 0.9373 5080
1744848617415 0.8753 5090
1744848630466 0.9313 5100
1744848643709 0.9117 5110
1744848656965 0.908 5120
1744848670122 0.9481 5130
1744848683796 0.9146 5140
1744848696917 0.9059 5150
1744848710289 0.9586 5160
1744848723311 0.9129 5170
1744848737089 0.9069 5180
1744848750295 0.9369 5190
1744848763650 0.9552 5200
1744848776664 0.9377 5210
1744848829124 0.927 5220
1744848842571 0.9701 5230
1744848855932 0.9251 5240
1744848869355 0.9144 5250
1744848882539 0.9109 5260
1744848895976 0.9432 5270
1744848909067 0.871 5280
1744848922868 0.9143 5290
1744848936044 0.9423 5300
1744848949781 0.8979 5310
1744848963153 0.8997 5320
1744848977259 0.8947 5330
1744848990670 0.9024 5340
1744849004043 0.94 5350
1744849017509 0.9626 5360
1744849030622 0.9269 5370
1744849044500 0.9726 5380
1744849058570 0.978 5390
1744849072158 0.9303 5400
1744849123117 0.9711 5410
1744849136671 0.9512 5420
1744849149944 0.9335 5430
1744849164167 0.955 5440
1744849177896 0.9421 5450
1744849191013 0.9136 5460
1744849204952 0.9108 5470
1744849218439 0.9076 5480
1744849231589 0.916 5490
1744849245098 0.9691 5500
1744849258599 0.9518 5510
1744849272319 0.9021 5520
1744849285755 0.9258 5530
1744849298936 0.9316 5540
1744849312252 0.9365 5550
1744849325085 0.9077 5560
1744849338502 0.9327 5570
1744849351343 0.9165 5580
1744849364590 0.9174 5590
1744849415441 0.8975 5600
1744849429135 0.9007 5610
1744849442579 0.9171 5620
1744849455952 0.886 5630
1744849469365 0.9343 5640
1744849482683 0.9273 5650
1744849496053 0.9322 5660
1744849509234 0.9351 5670
1744849522485 0.9213 5680
1744849535570 0.9105 5690
1744849548947 0.9157 5700
1744849562004 0.9491 5710
1744849575250 0.8792 5720
1744849588808 0.9097 5730
1744849602100 0.8993 5740
1744849615789 0.9319 5750
1744849629328 0.9577 5760
1744849643066 0.9109 5770
1744849656263 0.975 5780
1744849669026 0.9387 5790
