1744804748567 0.05181347150259067 10
1744804759288 0.10362694300518134 20
1744804769512 0.15544041450777202 30
1744804780662 0.20725388601036268 40
1744804791106 0.25906735751295334 50
1744804801935 0.31088082901554404 60
1744804812760 0.3626943005181347 70
1744804823013 0.41450777202072536 80
1744804834131 0.46632124352331605 90
1744804844812 0.5181347150259067 100
1744804855763 0.5699481865284974 110
1744804866362 0.6217616580310881 120
1744804876657 0.6735751295336787 130
1744804887074 0.7253886010362695 140
1744804897575 0.7772020725388601 150
1744804908029 0.8290155440414507 160
1744804918203 0.8808290155440415 170
1744804928643 0.9326424870466321 180
1744804939137 0.9844559585492227 190
1744804965999 1.0 193
1744804975288 1.0362694300518134 200
1744804985670 1.0880829015544042 210
1744804996064 1.1398963730569949 220
1744805006688 1.1917098445595855 230
1744805017113 1.2435233160621761 240
1744805027819 1.2953367875647668 250
1744805038196 1.3471502590673574 260
1744805048583 1.3989637305699483 270
1744805058809 1.450777202072539 280
1744805069780 1.5025906735751295 290
1744805080269 1.5544041450777202 300
1744805090832 1.6062176165803108 310
1744805101639 1.6580310880829017 320
1744805112102 1.709844559585492 330
1744805122617 1.761658031088083 340
1744805132742 1.8134715025906736 350
1744805143232 1.8652849740932642 360
1744805153545 1.917098445595855 370
1744805163868 1.9689119170984455 380
1744805192751 2.0 386
1744805198685 2.0207253886010363 390
1744805209068 2.0725388601036268 400
1744805219368 2.1243523316062176 410
1744805229649 2.1761658031088085 420
1744805239747 2.227979274611399 430
1744805250187 2.2797927461139897 440
1744805260617 2.33160621761658 450
1744805271008 2.383419689119171 460
1744805281239 2.4352331606217614 470
1744805291384 2.4870466321243523 480
1744805301818 2.538860103626943 490
1744805311957 2.5906735751295336 500
1744805322356 2.6424870466321244 510
1744805332666 2.694300518134715 520
1744805342835 2.7461139896373057 530
1744805353266 2.7979274611398965 540
1744805363461 2.849740932642487 550
1744805373754 2.901554404145078 560
1744805384399 2.9533678756476682 570
1744805415900 3.0 579
1744805419184 3.005181347150259 580
1744805429908 3.05699481865285 590
1744805440390 3.1088082901554404 600
1744805450501 3.160621761658031 610
1744805460980 3.2124352331606216 620
1744805471320 3.2642487046632125 630
1744805481909 3.3160621761658033 640
1744805492690 3.3678756476683938 650
1744805502915 3.4196891191709846 660
1744805513463 3.471502590673575 670
1744805523612 3.523316062176166 680
1744805533915 3.5751295336787567 690
1744805544235 3.626943005181347 700
1744805554723 3.6787564766839376 710
1744805565197 3.7305699481865284 720
1744805575491 3.7823834196891193 730
1744805585908 3.8341968911917097 740
1744805596152 3.8860103626943006 750
1744805606363 3.937823834196891 760
1744805617023 3.989637305699482 770
1744805641470 4.0 772
1744805651857 4.041450777202073 780
1744805662150 4.0932642487046635 790
1744805672866 4.1450777202072535 800
1744805683247 4.196891191709844 810
1744805694082 4.248704663212435 820
1744805704316 4.300518134715026 830
1744805714564 4.352331606217617 840
1744805724895 4.404145077720207 850
1744805735122 4.455958549222798 860
1744805745567 4.507772020725389 870
1744805755667 4.5595854922279795 880
1744805766027 4.61139896373057 890
1744805776292 4.66321243523316 900
1744805786446 4.715025906735751 910
1744805796952 4.766839378238342 920
1744805807115 4.818652849740933 930
1744805817488 4.870466321243523 940
1744805827879 4.922279792746114 950
1744805837965 4.974093264248705 960
1744805865663 5.0 965
1744805873384 5.025906735751295 970
1744805883597 5.077720207253886 980
1744805893696 5.129533678756476 990
1744805903891 5.181347150259067 1000
1744805914716 5.233160621761658 1010
1744805925067 5.284974093264249 1020
1744805935298 5.33678756476684 1030
1744805945462 5.38860103626943 1040
1744805955655 5.4404145077720205 1050
1744805965755 5.492227979274611 1060
1744805976135 5.544041450777202 1070
1744805986759 5.595854922279793 1080
1744805997193 5.647668393782383 1090
1744806007728 5.699481865284974 1100
1744806017838 5.751295336787565 1110
1744806028189 5.803108808290156 1120
1744806038923 5.8549222797927465 1130
1744806049487 5.9067357512953365 1140
1744806059756 5.958549222797927 1150
1744806090611 6.0 1158
1744806094932 6.010362694300518 1160
1744806105476 6.062176165803109 1170
1744806115744 6.1139896373057 1180
1744806125830 6.16580310880829 1190
1744806136123 6.217616580310881 1200
1744806146672 6.269430051813472 1210
1744806156888 6.321243523316062 1220
1744806167499 6.373056994818652 1230
1744806178232 6.424870466321243 1240
1744806188923 6.476683937823834 1250
1744806199409 6.528497409326425 1260
1744806209698 6.580310880829016 1270
1744806219971 6.632124352331607 1280
1744806230091 6.683937823834197 1290
1744806240389 6.7357512953367875 1300
1744806250601 6.787564766839378 1310
1744806261152 6.839378238341969 1320
1744806271288 6.891191709844559 1330
1744806281606 6.94300518134715 1340
1744806291849 6.994818652849741 1350
1744806315674 7.0 1351
1744806327134 7.046632124352332 1360
1744806337496 7.098445595854923 1370
1744806347696 7.150259067357513 1380
1744806357773 7.2020725388601035 1390
1744806368059 7.253886010362694 1400
1744806378861 7.305699481865285 1410
1744806388978 7.357512953367876 1420
1744806399219 7.409326424870466 1430
1744806409291 7.461139896373057 1440
1744806419518 7.512953367875648 1450
1744806429615 7.564766839378239 1460
1744806439882 7.616580310880829 1470
1744806450271 7.668393782383419 1480
1744806460664 7.72020725388601 1490
1744806471022 7.772020725388601 1500
1744806481498 7.823834196891192 1510
1744806491722 7.875647668393782 1520
1744806501962 7.927461139896373 1530
1744806512230 7.979274611398964 1540
1744806538802 8.0 1544
1744806547023 8.031088082901555 1550
1744806557318 8.082901554404145 1560
1744806567519 8.134715025906736 1570
1744806577695 8.186528497409327 1580
1744806588015 8.238341968911918 1590
1744806598659 8.290155440414507 1600
1744806609298 8.341968911917098 1610
1744806619366 8.393782383419689 1620
1744806629862 8.44559585492228 1630
1744806640230 8.49740932642487 1640
1744806650724 8.549222797927461 1650
1744806660845 8.601036269430052 1660
1744806670948 8.652849740932643 1670
1744806681300 8.704663212435234 1680
1744806691368 8.756476683937823 1690
1744806701908 8.808290155440414 1700
1744806712272 8.860103626943005 1710
1744806722564 8.911917098445596 1720
1744806733044 8.963730569948186 1730
1744806762195 9.0 1737
1744806767666 9.015544041450777 1740
1744806778063 9.067357512953368 1750
1744806788565 9.119170984455959 1760
1744806798671 9.17098445595855 1770
1744806808851 9.22279792746114 1780
1744806819111 9.27461139896373 1790
1744806829471 9.32642487046632 1800
1744806839700 9.378238341968911 1810
1744806849750 9.430051813471502 1820
1744806860143 9.481865284974093 1830
1744806870422 9.533678756476684 1840
1744806880599 9.585492227979275 1850
1744806890830 9.637305699481866 1860
1744806901098 9.689119170984457 1870
1744806911366 9.740932642487046 1880
1744806921454 9.792746113989637 1890
1744806931751 9.844559585492227 1900
1744806941977 9.896373056994818 1910
1744806952025 9.94818652849741 1920
1744806961618 10.0 1930
1744806984487 10.0 1930
1744806996673 10.05181347150259 1940
1744807006754 10.103626943005182 1950
1744807016972 10.155440414507773 1960
1744807027060 10.207253886010363 1970
1744807037328 10.259067357512953 1980
1744807047644 10.310880829015543 1990
1744807057725 10.362694300518134 2000
1744807067989 10.414507772020725 2010
1744807078735 10.466321243523316 2020
1744807089007 10.518134715025907 2030
1744807099177 10.569948186528498 2040
1744807109622 10.621761658031089 2050
1744807119835 10.67357512953368 2060
1744807129884 10.72538860103627 2070
1744807140189 10.77720207253886 2080
1744807150210 10.82901554404145 2090
1744807160668 10.880829015544041 2100
1744807170850 10.932642487046632 2110
1744807181089 10.984455958549223 2120
1744807206476 11.0 2123
1744807215885 11.036269430051814 2130
1744807226145 11.088082901554404 2140
1744807236200 11.139896373056995 2150
1744807246434 11.191709844559586 2160
1744807256732 11.243523316062177 2170
1744807266984 11.295336787564766 2180
1744807277161 11.347150259067357 2190
1744807287422 11.398963730569948 2200
1744807297558 11.450777202072539 2210
1744807307775 11.50259067357513 2220
1744807318229 11.55440414507772 2230
1744807328252 11.606217616580311 2240
1744807338496 11.658031088082902 2250
1744807348754 11.709844559585493 2260
1744807358955 11.761658031088082 2270
1744807369102 11.813471502590673 2280
1744807379178 11.865284974093264 2290
1744807389459 11.917098445595855 2300
1744807399727 11.968911917098445 2310
1744807427833 12.0 2316
1744807434148 12.020725388601036 2320
1744807444308 12.072538860103627 2330
1744807454554 12.124352331606218 2340
1744807464696 12.176165803108809 2350
1744807474958 12.2279792746114 2360
1744807485043 12.279792746113989 2370
1744807495234 12.33160621761658 2380
1744807505389 12.38341968911917 2390
1744807515488 12.435233160621761 2400
1744807525687 12.487046632124352 2410
1744807535796 12.538860103626943 2420
1744807546017 12.590673575129534 2430
1744807556071 12.642487046632125 2440
1744807566267 12.694300518134716 2450
1744807576548 12.746113989637305 2460
1744807586881 12.797927461139896 2470
1744807597153 12.849740932642487 2480
1744807607233 12.901554404145077 2490
1744807617679 12.953367875647668 2500
1744807648956 13.0 2509
1744807652125 13.005181347150259 2510
1744807662223 13.05699481865285 2520
1744807672246 13.10880829015544 2530
1744807682439 13.160621761658032 2540
1744807692507 13.212435233160623 2550
1744807702631 13.264248704663212 2560
1744807712794 13.316062176165802 2570
1744807722833 13.367875647668393 2580
1744807732983 13.419689119170984 2590
1744807743002 13.471502590673575 2600
1744807753245 13.523316062176166 2610
1744807763293 13.575129533678757 2620
1744807773900 13.626943005181348 2630
1744807784176 13.678756476683938 2640
1744807794484 13.73056994818653 2650
1744807804978 13.782383419689118 2660
1744807815346 13.83419689119171 2670
1744807825542 13.8860103626943 2680
1744807835650 13.937823834196891 2690
1744807845803 13.989637305699482 2700
1744807870315 14.0 2702
1744807880624 14.041450777202073 2710
1744807890948 14.093264248704664 2720
1744807901173 14.145077720207254 2730
1744807911410 14.196891191709845 2740
1744807921720 14.248704663212436 2750
1744807931963 14.300518134715025 2760
1744807942129 14.352331606217616 2770
1744807952243 14.404145077720207 2780
1744807962433 14.455958549222798 2790
1744807972496 14.507772020725389 2800
1744807982872 14.55958549222798 2810
1744807993158 14.61139896373057 2820
1744808003203 14.663212435233161 2830
1744808013467 14.715025906735752 2840
1744808023646 14.766839378238341 2850
1744808034078 14.818652849740932 2860
1744808044158 14.870466321243523 2870
1744808054491 14.922279792746114 2880
1744808064776 14.974093264248705 2890
1744808091952 15.0 2895
1744808099088 15.025906735751295 2900
1744808109162 15.077720207253886 2910
1744808119306 15.129533678756477 2920
1744808129374 15.181347150259068 2930
1744808139706 15.233160621761659 2940
1744808149815 15.284974093264248 2950
1744808160006 15.336787564766839 2960
1744808170248 15.38860103626943 2970
1744808180310 15.44041450777202 2980
1744808190588 15.492227979274611 2990
1744808200628 15.544041450777202 3000
1744808210773 15.595854922279793 3010
1744808221161 15.647668393782384 3020
1744808231248 15.699481865284975 3030
1744808241383 15.751295336787564 3040
1744808251491 15.803108808290155 3050
1744808261674 15.854922279792746 3060
1744808271727 15.906735751295336 3070
1744808282006 15.958549222797927 3080
1744808312945 16.0 3088
1744808317059 16.010362694300518 3090
1744808327264 16.06217616580311 3100
1744808337364 16.1139896373057 3110
1744808347538 16.16580310880829 3120
1744808357610 16.21761658031088 3130
1744808367776 16.269430051813472 3140
1744808377929 16.321243523316063 3150
1744808388174 16.373056994818654 3160
1744808398685 16.424870466321245 3170
1744808408925 16.476683937823836 3180
1744808419362 16.528497409326423 3190
1744808429399 16.580310880829014 3200
1744808439697 16.632124352331605 3210
1744808449967 16.683937823834196 3220
1744808460374 16.735751295336787 3230
1744808470604 16.787564766839377 3240
1744808480818 16.83937823834197 3250
1744808490984 16.89119170984456 3260
1744808501150 16.94300518134715 3270
1744808511113 16.99481865284974 3280
1744808534313 17.0 3281
1744808545617 17.04663212435233 3290
1744808555817 17.098445595854923 3300
1744808565860 17.150259067357513 3310
1744808576244 17.202072538860104 3320
1744808586285 17.253886010362695 3330
1744808596551 17.305699481865286 3340
1744808606663 17.357512953367877 3350
1744808616700 17.409326424870468 3360
1744808626842 17.46113989637306 3370
1744808636938 17.512953367875646 3380
1744808647172 17.564766839378237 3390
1744808657392 17.616580310880828 3400
1744808667504 17.66839378238342 3410
1744808677646 17.72020725388601 3420
1744808687704 17.7720207253886 3430
1744808697827 17.82383419689119 3440
1744808707969 17.875647668393782 3450
1744808718179 17.927461139896373 3460
1744808728720 17.979274611398964 3470
1744808754962 18.0 3474
1744808763082 18.031088082901555 3480
1744808773335 18.082901554404145 3490
1744808783521 18.134715025906736 3500
1744808793669 18.186528497409327 3510
1744808803889 18.238341968911918 3520
1744808814064 18.29015544041451 3530
1744808824589 18.3419689119171 3540
1744808834816 18.39378238341969 3550
1744808845458 18.44559585492228 3560
1744808855744 18.497409326424872 3570
1744808865787 18.54922279792746 3580
1744808875929 18.60103626943005 3590
1744808886306 18.65284974093264 3600
1744808896570 18.704663212435232 3610
1744808906719 18.756476683937823 3620
1744808916965 18.808290155440414 3630
1744808927141 18.860103626943005 3640
1744808937692 18.911917098445596 3650
1744808948233 18.963730569948186 3660
1744808977657 19.0 3667
1744808982826 19.015544041450777 3670
1744808993066 19.067357512953368 3680
1744809003309 19.11917098445596 3690
1744809013813 19.17098445595855 3700
1744809023923 19.22279792746114 3710
1744809034090 19.27461139896373 3720
1744809044406 19.326424870466322 3730
1744809054712 19.378238341968913 3740
1744809064972 19.430051813471504 3750
1744809075136 19.481865284974095 3760
1744809085406 19.533678756476682 3770
1744809095545 19.585492227979273 3780
1744809105662 19.637305699481864 3790
1744809115834 19.689119170984455 3800
1744809125899 19.740932642487046 3810
1744809136046 19.792746113989637 3820
1744809146074 19.844559585492227 3830
1744809156567 19.89637305699482 3840
1744809166826 19.94818652849741 3850
1744809176210 20.0 3860
1744809199529 20.0 3860
1744809211588 20.05181347150259 3870
1744809221730 20.10362694300518 3880
1744809231786 20.155440414507773 3890
1744809242085 20.207253886010363 3900
1744809252591 20.259067357512954 3910
1744809262647 20.310880829015545 3920
1744809272923 20.362694300518136 3930
1744809283234 20.414507772020727 3940
1744809293481 20.466321243523318 3950
1744809303542 20.518134715025905 3960
1744809313832 20.569948186528496 3970
1744809323975 20.621761658031087 3980
1744809334030 20.673575129533678 3990
1744809344298 20.72538860103627 4000
1744809354416 20.77720207253886 4010
1744809364831 20.82901554404145 4020
1744809375003 20.88082901554404 4030
1744809385224 20.932642487046632 4040
1744809395505 20.984455958549223 4050
1744809420908 21.0 4053
1744809430061 21.036269430051814 4060
1744809440121 21.088082901554404 4070
1744809450298 21.139896373056995 4080
1744809460446 21.191709844559586 4090
1744809470720 21.243523316062177 4100
1744809480874 21.295336787564768 4110
1744809491269 21.34715025906736 4120
1744809501490 21.39896373056995 4130
1744809511807 21.45077720207254 4140
1744809522097 21.502590673575128 4150
1744809532348 21.55440414507772 4160
1744809542590 21.60621761658031 4170
1744809553044 21.6580310880829 4180
1744809563398 21.70984455958549 4190
1744809573675 21.761658031088082 4200
1744809583801 21.813471502590673 4210
1744809594125 21.865284974093264 4220
1744809604379 21.917098445595855 4230
1744809614424 21.968911917098445 4240
1744809642784 22.0 4246
1744809648821 22.020725388601036 4250
1744809659064 22.072538860103627 4260
1744809669431 22.124352331606218 4270
1744809679577 22.17616580310881 4280
1744809689796 22.2279792746114 4290
1744809700072 22.27979274611399 4300
1744809710222 22.33160621761658 4310
1744809720413 22.383419689119172 4320
1744809730572 22.435233160621763 4330
1744809740661 22.487046632124354 4340
1744809750853 22.53886010362694 4350
1744809761115 22.590673575129532 4360
1744809771240 22.642487046632123 4370
1744809781433 22.694300518134714 4380
1744809791541 22.746113989637305 4390
1744809801880 22.797927461139896 4400
1744809811956 22.849740932642487 4410
1744809822299 22.901554404145077 4420
1744809832452 22.95336787564767 4430
1744809863999 23.0 4439
1744809867121 23.00518134715026 4440
1744809877252 23.05699481865285 4450
1744809887422 23.10880829015544 4460
1744809897511 23.16062176165803 4470
1744809907833 23.212435233160623 4480
1744809918028 23.264248704663213 4490
1744809928260 23.316062176165804 4500
1744809938963 23.367875647668395 4510
1744809949232 23.419689119170986 4520
1744809959401 23.471502590673577 4530
1744809969488 23.523316062176164 4540
1744809979644 23.575129533678755 4550
1744809989894 23.626943005181346 4560
1744810000035 23.678756476683937 4570
1744810010269 23.730569948186528 4580
1744810020372 23.78238341968912 4590
1744810030767 23.83419689119171 4600
1744810040853 23.8860103626943 4610
1744810051032 23.93782383419689 4620
1744810061217 23.989637305699482 4630
1744810085260 24.0 4632
1744810095392 24.041450777202073 4640
1744810105460 24.093264248704664 4650
1744810115602 24.145077720207254 4660
1744810125616 24.196891191709845 4670
1744810135784 24.248704663212436 4680
1744810145940 24.300518134715027 4690
1744810156118 24.352331606217618 4700
1744810166301 24.40414507772021 4710
1744810176472 24.4559585492228 4720
1744810186702 24.50777202072539 4730
1744810196981 24.559585492227978 4740
1744810207042 24.61139896373057 4750
1744810217512 24.66321243523316 4760
1744810227785 24.71502590673575 4770
1744810237946 24.76683937823834 4780
1744810248041 24.818652849740932 4790
1744810258631 24.870466321243523 4800
1744810268824 24.922279792746114 4810
1744810278886 24.974093264248705 4820
1744810306060 25.0 4825
1744810313122 25.025906735751295 4830
1744810323260 25.077720207253886 4840
1744810333317 25.129533678756477 4850
1744810343457 25.181347150259068 4860
1744810353659 25.23316062176166 4870
1744810363797 25.28497409326425 4880
1744810374092 25.33678756476684 4890
1744810384217 25.38860103626943 4900
1744810394394 25.440414507772022 4910
1744810404428 25.49222797927461 4920
1744810414584 25.5440414507772 4930
1744810424771 25.59585492227979 4940
1744810434833 25.647668393782382 4950
1744810445224 25.699481865284973 4960
1744810455279 25.751295336787564 4970
1744810465679 25.803108808290155 4980
1744810475748 25.854922279792746 4990
1744810485993 25.906735751295336 5000
1744810496154 25.958549222797927 5010
1744810526489 26.0 5018
1744810530517 26.010362694300518 5020
1744810540625 26.06217616580311 5030
1744810550762 26.1139896373057 5040
1744810560822 26.16580310880829 5050
1744810570957 26.21761658031088 5060
1744810581291 26.269430051813472 5070
1744810591505 26.321243523316063 5080
1744810601862 26.373056994818654 5090
1744810611964 26.424870466321245 5100
1744810622238 26.476683937823836 5110
1744810632276 26.528497409326423 5120
1744810642543 26.580310880829014 5130
1744810652677 26.632124352331605 5140
1744810662726 26.683937823834196 5150
1744810672892 26.735751295336787 5160
1744810682940 26.787564766839377 5170
1744810693093 26.83937823834197 5180
1744810703300 26.89119170984456 5190
1744810713427 26.94300518134715 5200
1744810723730 26.99481865284974 5210
1744810747199 27.0 5211
1744810758396 27.04663212435233 5220
1744810768463 27.098445595854923 5230
1744810778575 27.150259067357513 5240
1744810788630 27.202072538860104 5250
1744810798766 27.253886010362695 5260
1744810809104 27.305699481865286 5270
1744810819173 27.357512953367877 5280
1744810829346 27.409326424870468 5290
1744810839401 27.46113989637306 5300
1744810849611 27.512953367875646 5310
1744810859914 27.564766839378237 5320
1744810870183 27.616580310880828 5330
1744810880316 27.66839378238342 5340
1744810890377 27.72020725388601 5350
1744810900670 27.7720207253886 5360
1744810910685 27.82383419689119 5370
1744810920853 27.875647668393782 5380
1744810930943 27.927461139896373 5390
1744810941350 27.979274611398964 5400
1744810967512 28.0 5404
1744810975701 28.031088082901555 5410
1744810985924 28.082901554404145 5420
1744810996176 28.134715025906736 5430
1744811006366 28.186528497409327 5440
1744811016731 28.238341968911918 5450
1744811027009 28.29015544041451 5460
1744811037575 28.3419689119171 5470
1744811047750 28.39378238341969 5480
1744811058155 28.44559585492228 5490
1744811068264 28.497409326424872 5500
1744811078509 28.54922279792746 5510
1744811088702 28.60103626943005 5520
1744811098759 28.65284974093264 5530
1744811108992 28.704663212435232 5540
1744811119196 28.756476683937823 5550
1744811129398 28.808290155440414 5560
1744811139802 28.860103626943005 5570
1744811149933 28.911917098445596 5580
1744811160092 28.963730569948186 5590
1744811189559 29.0 5597
1744811194914 29.015544041450777 5600
1744811205163 29.067357512953368 5610
1744811215538 29.11917098445596 5620
1744811225584 29.17098445595855 5630
1744811235802 29.22279792746114 5640
1744811246465 29.27461139896373 5650
1744811257120 29.326424870466322 5660
1744811267554 29.378238341968913 5670
1744811277801 29.430051813471504 5680
1744811288138 29.481865284974095 5690
1744811298264 29.533678756476682 5700
1744811308817 29.585492227979273 5710
1744811319228 29.637305699481864 5720
1744811329491 29.689119170984455 5730
1744811339622 29.740932642487046 5740
1744811349642 29.792746113989637 5750
1744811359774 29.844559585492227 5760
1744811369895 29.89637305699482 5770
1744811380347 29.94818652849741 5780
1744811389951 30.0 5790
1744811412894 30.0 5790
1744811414631 30.0 5790
1744811415166 30.0 0
1744811438256 30.0 5790
