1744804748567 3.364895820617676 10
1744804759288 3.1893310546875 20
1744804769512 3.0959086418151855 30
1744804780662 3.345740795135498 40
1744804791106 3.83918833732605 50
1744804801935 4.650669097900391 60
1744804812760 4.957935333251953 70
1744804823013 4.828901767730713 80
1744804834131 4.76429557800293 90
1744804844812 5.45760440826416 100
1744804855763 4.909152507781982 110
1744804866362 5.0630011558532715 120
1744804876657 4.9266204833984375 130
1744804887074 5.071972370147705 140
1744804897575 5.3721418380737305 150
1744804908029 5.1128129959106445 160
1744804918203 5.86264181137085 170
1744804928643 4.705343723297119 180
1744804939137 4.514862537384033 190
1744804975288 4.9073615074157715 200
1744804985670 5.337942123413086 210
1744804996064 4.828803539276123 220
1744805006688 5.754994869232178 230
1744805017113 5.159670829772949 240
1744805027819 5.760568141937256 250
1744805038196 5.409703254699707 260
1744805048583 5.438924789428711 270
1744805058809 5.259023666381836 280
1744805069780 4.333655834197998 290
1744805080269 4.674034595489502 300
1744805090832 5.3411149978637695 310
1744805101639 4.751874923706055 320
1744805112102 4.472023963928223 330
1744805122617 5.5828471183776855 340
1744805132742 4.348780155181885 350
1744805143232 4.607707977294922 360
1744805153545 4.792941093444824 370
1744805163868 4.809023380279541 380
1744805198685 4.9145307540893555 390
1744805209068 4.329838752746582 400
1744805219368 4.330463409423828 410
1744805229649 5.05134391784668 420
1744805239747 3.9501264095306396 430
1744805250187 4.6801676750183105 440
1744805260617 5.0101799964904785 450
1744805271008 4.444631576538086 460
1744805281239 4.889359951019287 470
1744805291384 4.117063045501709 480
1744805301818 3.8136072158813477 490
1744805311957 4.132618427276611 500
1744805322356 5.9743146896362305 510
1744805332666 3.806382894515991 520
1744805342835 7.227317810058594 530
1744805353266 4.92315149307251 540
1744805363461 4.368031024932861 550
1744805373754 4.34536600112915 560
1744805384399 4.840935707092285 570
1744805419184 5.199435710906982 580
1744805429908 3.920534610748291 590
1744805440390 3.880997657775879 600
1744805450501 3.8563222885131836 610
1744805460980 3.8414647579193115 620
1744805471320 4.216818809509277 630
1744805481909 3.8636884689331055 640
1744805492690 4.138108730316162 650
1744805502915 4.0737810134887695 660
1744805513463 3.557002544403076 670
1744805523612 3.8932945728302 680
1744805533915 4.339978218078613 690
1744805544235 2.9636332988739014 700
1744805554723 3.374375820159912 710
1744805565197 4.9288554191589355 720
1744805575491 3.6387739181518555 730
1744805585908 3.8908472061157227 740
1744805596152 4.529257297515869 750
1744805606363 3.8383846282958984 760
1744805617023 3.344696283340454 770
1744805651857 4.507493019104004 780
1744805662150 3.6554007530212402 790
1744805672866 3.2352004051208496 800
1744805683247 3.3466901779174805 810
1744805694082 4.209610939025879 820
1744805704316 3.7208616733551025 830
1744805714564 3.3620166778564453 840
1744805724895 3.785910129547119 850
1744805735122 4.283975124359131 860
1744805745567 4.511144638061523 870
1744805755667 4.159626483917236 880
1744805766027 4.411210060119629 890
1744805776292 3.607353687286377 900
1744805786446 3.593869924545288 910
1744805796952 3.647813320159912 920
1744805807115 4.035679817199707 930
1744805817488 4.386847019195557 940
1744805827879 4.425195217132568 950
1744805837965 3.4125795364379883 960
1744805873384 3.257534980773926 970
1744805883597 3.4928407669067383 980
1744805893696 2.713388442993164 990
1744805903891 3.636013984680176 1000
1744805914716 4.479086875915527 1010
1744805925067 3.3247625827789307 1020
1744805935298 4.193999767303467 1030
1744805945462 3.2320828437805176 1040
1744805955655 3.3773176670074463 1050
1744805965755 3.6206507682800293 1060
1744805976135 5.056875228881836 1070
1744805986759 4.021737575531006 1080
1744805997193 4.123386859893799 1090
1744806007728 3.553264856338501 1100
1744806017838 4.265996932983398 1110
1744806028189 3.7961413860321045 1120
1744806038923 4.721484661102295 1130
1744806049487 3.811443328857422 1140
1744806059756 3.0010986328125 1150
1744806094932 3.3924684524536133 1160
1744806105476 3.9005582332611084 1170
1744806115744 3.2320754528045654 1180
1744806125830 3.1931209564208984 1190
1744806136123 3.611661434173584 1200
1744806146672 3.9868297576904297 1210
1744806156888 2.688344717025757 1220
1744806167499 2.7938475608825684 1230
1744806178232 3.759927988052368 1240
1744806188923 2.770124912261963 1250
1744806199409 4.467362403869629 1260
1744806209698 3.4714879989624023 1270
1744806219971 3.645509719848633 1280
1744806230091 4.029329776763916 1290
1744806240389 3.24627423286438 1300
1744806250601 3.781642198562622 1310
1744806261152 3.748352289199829 1320
1744806271288 3.934676170349121 1330
1744806281606 4.022225379943848 1340
1744806291849 2.991384744644165 1350
1744806327134 3.7918522357940674 1360
1744806337496 3.282132625579834 1370
1744806347696 3.8905320167541504 1380
1744806357773 4.8964056968688965 1390
1744806368059 3.063239097595215 1400
1744806378861 2.968895673751831 1410
1744806388978 2.764289379119873 1420
1744806399219 3.147616147994995 1430
1744806409291 3.0537869930267334 1440
1744806419518 3.9406018257141113 1450
1744806429615 3.5247011184692383 1460
1744806439882 4.159268379211426 1470
1744806450271 3.071735143661499 1480
1744806460664 3.946477174758911 1490
1744806471022 3.7156574726104736 1500
1744806481498 3.258038282394409 1510
1744806491722 3.4214675426483154 1520
1744806501962 3.947643518447876 1530
1744806512230 3.0729219913482666 1540
1744806547023 2.349228858947754 1550
1744806557318 3.8355138301849365 1560
1744806567519 3.779120445251465 1570
1744806577695 2.9922468662261963 1580
1744806588015 3.1756458282470703 1590
1744806598659 3.326148271560669 1600
1744806609298 3.7828664779663086 1610
1744806619366 2.997292995452881 1620
1744806629862 3.161376476287842 1630
1744806640230 3.2469282150268555 1640
1744806650724 3.7332775592803955 1650
1744806660845 4.28057861328125 1660
1744806670948 4.445972442626953 1670
1744806681300 3.131671905517578 1680
1744806691368 3.730776786804199 1690
1744806701908 3.4091241359710693 1700
1744806712272 2.503965139389038 1710
1744806722564 2.7757668495178223 1720
1744806733044 4.76212739944458 1730
1744806767666 3.9405407905578613 1740
1744806778063 2.9090304374694824 1750
1744806788565 3.1213490962982178 1760
1744806798671 3.055596351623535 1770
1744806808851 4.204616069793701 1780
1744806819111 2.7320971488952637 1790
1744806829471 3.1927552223205566 1800
1744806839700 4.122203826904297 1810
1744806849750 3.291861057281494 1820
1744806860143 2.577763080596924 1830
1744806870422 4.104715347290039 1840
1744806880599 3.36854887008667 1850
1744806890830 3.7680346965789795 1860
1744806901098 3.1697611808776855 1870
1744806911366 3.080906867980957 1880
1744806921454 3.810387134552002 1890
1744806931751 3.5034878253936768 1900
1744806941977 3.4883439540863037 1910
1744806952025 3.4309921264648438 1920
1744806961618 3.740781307220459 1930
1744806996673 3.244112491607666 1940
1744807006754 2.700493097305298 1950
1744807016972 2.5444161891937256 1960
1744807027060 3.9234397411346436 1970
1744807037328 3.2405924797058105 1980
1744807047644 3.9109466075897217 1990
1744807057725 2.8730010986328125 2000
1744807067989 3.6244821548461914 2010
1744807078735 3.235624313354492 2020
1744807089007 2.754143714904785 2030
1744807099177 3.322330951690674 2040
1744807109622 2.5293045043945312 2050
1744807119835 2.9283287525177 2060
1744807129884 2.943605899810791 2070
1744807140189 3.383833169937134 2080
1744807150210 3.0089292526245117 2090
1744807160668 3.5216562747955322 2100
1744807170850 4.056896209716797 2110
1744807181089 3.056039571762085 2120
1744807215885 3.486567974090576 2130
1744807226145 3.0803027153015137 2140
1744807236200 3.521547555923462 2150
1744807246434 3.455801248550415 2160
1744807256732 2.8591957092285156 2170
1744807266984 3.098641872406006 2180
1744807277161 2.7939584255218506 2190
1744807287422 3.206632375717163 2200
1744807297558 2.919092893600464 2210
1744807307775 3.5820558071136475 2220
1744807318229 2.9557840824127197 2230
1744807328252 2.2317848205566406 2240
1744807338496 3.2282726764678955 2250
1744807348754 3.318725824356079 2260
1744807358955 2.6288371086120605 2270
1744807369102 3.8731226921081543 2280
1744807379178 2.891062021255493 2290
1744807389459 3.7535758018493652 2300
1744807399727 3.0672383308410645 2310
1744807434148 2.8328535556793213 2320
1744807444308 2.9006662368774414 2330
1744807454554 3.4477219581604004 2340
1744807464696 2.0844433307647705 2350
1744807474958 3.5973641872406006 2360
1744807485043 3.2302608489990234 2370
1744807495234 3.544090509414673 2380
1744807505389 2.8427910804748535 2390
1744807515488 3.435523748397827 2400
1744807525687 2.9261746406555176 2410
1744807535796 3.5774009227752686 2420
1744807546017 3.0479841232299805 2430
1744807556071 2.981869697570801 2440
1744807566267 3.410700798034668 2450
1744807576548 2.9432241916656494 2460
1744807586881 3.873551368713379 2470
1744807597153 2.9164774417877197 2480
1744807607233 2.642883539199829 2490
1744807617679 3.1122589111328125 2500
1744807652125 2.526069164276123 2510
1744807662223 3.3156301975250244 2520
1744807672246 2.6298234462738037 2530
1744807682439 2.8444221019744873 2540
1744807692507 3.0830137729644775 2550
1744807702631 3.0912816524505615 2560
1744807712794 2.815972328186035 2570
1744807722833 3.591794967651367 2580
1744807732983 2.7372078895568848 2590
1744807743002 2.5985782146453857 2600
1744807753245 2.3962349891662598 2610
1744807763293 2.6535873413085938 2620
1744807773900 3.2636783123016357 2630
1744807784176 2.9444892406463623 2640
1744807794484 2.3240585327148438 2650
1744807804978 4.164793491363525 2660
1744807815346 4.697035789489746 2670
1744807825542 3.860607385635376 2680
1744807835650 3.2398481369018555 2690
1744807845803 3.67533278465271 2700
1744807880624 3.1216208934783936 2710
1744807890948 3.443114757537842 2720
1744807901173 3.3730435371398926 2730
1744807911410 2.1792893409729004 2740
1744807921720 2.9813852310180664 2750
1744807931963 2.406346321105957 2760
1744807942129 2.7085137367248535 2770
1744807952243 2.8078548908233643 2780
1744807962433 3.813265562057495 2790
1744807972496 2.9799087047576904 2800
1744807982872 3.9193944931030273 2810
1744807993158 2.9467813968658447 2820
1744808003203 2.6391515731811523 2830
1744808013467 2.197319507598877 2840
1744808023646 2.262279748916626 2850
1744808034078 2.0891430377960205 2860
1744808044158 2.7455039024353027 2870
1744808054491 2.727647542953491 2880
1744808064776 2.776055335998535 2890
1744808099088 4.0778727531433105 2900
1744808109162 2.4349303245544434 2910
1744808119306 2.354912519454956 2920
1744808129374 2.7813515663146973 2930
1744808139706 2.0046920776367188 2940
1744808149815 2.5132558345794678 2950
1744808160006 3.8455748558044434 2960
1744808170248 3.6452581882476807 2970
1744808180310 4.72785758972168 2980
1744808190588 3.2295618057250977 2990
1744808200628 3.3879470825195312 3000
1744808210773 2.6926982402801514 3010
1744808221161 2.9029130935668945 3020
1744808231248 3.212467670440674 3030
1744808241383 2.722846746444702 3040
1744808251491 2.7763290405273438 3050
1744808261674 3.0571978092193604 3060
1744808271727 2.6227424144744873 3070
1744808282006 3.9316956996917725 3080
1744808317059 3.5019640922546387 3090
1744808327264 3.553570508956909 3100
1744808337364 2.3103816509246826 3110
1744808347538 2.640502452850342 3120
1744808357610 2.3827710151672363 3130
1744808367776 2.1307952404022217 3140
1744808377929 2.9403679370880127 3150
1744808388174 3.7476933002471924 3160
1744808398685 3.496791124343872 3170
1744808408925 2.357424259185791 3180
1744808419362 2.8917791843414307 3190
1744808429399 3.377789258956909 3200
1744808439697 2.7403595447540283 3210
1744808449967 3.0037763118743896 3220
1744808460374 2.8513214588165283 3230
1744808470604 2.223590850830078 3240
1744808480818 2.9994711875915527 3250
1744808490984 3.2561819553375244 3260
1744808501150 1.8173422813415527 3270
1744808511113 2.9922704696655273 3280
1744808545617 2.957655668258667 3290
1744808555817 2.8275365829467773 3300
1744808565860 2.6398708820343018 3310
1744808576244 2.5449297428131104 3320
1744808586285 2.2003815174102783 3330
1744808596551 2.587886095046997 3340
1744808606663 2.9355318546295166 3350
1744808616700 3.4914326667785645 3360
1744808626842 2.6952614784240723 3370
1744808636938 2.4781434535980225 3380
1744808647172 2.995976686477661 3390
1744808657392 2.7860827445983887 3400
1744808667504 2.3948042392730713 3410
1744808677646 2.841235399246216 3420
1744808687704 2.4726953506469727 3430
1744808697827 2.774465560913086 3440
1744808707969 3.596858263015747 3450
1744808718179 2.59747576713562 3460
1744808728720 2.5937321186065674 3470
1744808763082 2.4629123210906982 3480
1744808773335 1.732861876487732 3490
1744808783521 3.3523833751678467 3500
1744808793669 3.21834397315979 3510
1744808803889 2.6807401180267334 3520
1744808814064 3.3850600719451904 3530
1744808824589 3.1940367221832275 3540
1744808834816 2.550576686859131 3550
1744808845458 3.8054397106170654 3560
1744808855744 3.264117479324341 3570
1744808865787 3.146451711654663 3580
1744808875929 2.350295066833496 3590
1744808886306 2.952183723449707 3600
1744808896570 2.667956590652466 3610
1744808906719 2.875613212585449 3620
1744808916965 2.25732684135437 3630
1744808927141 2.3867621421813965 3640
1744808937692 2.8080036640167236 3650
1744808948233 2.781620740890503 3660
1744808982826 3.6836612224578857 3670
1744808993066 1.9072304964065552 3680
1744809003309 2.754945993423462 3690
1744809013813 3.3725357055664062 3700
1744809023923 2.7919089794158936 3710
1744809034090 3.227390766143799 3720
1744809044406 2.6474826335906982 3730
1744809054712 2.5333046913146973 3740
1744809064972 2.6597633361816406 3750
1744809075136 2.6487877368927 3760
1744809085406 3.12650203704834 3770
1744809095545 2.565988063812256 3780
1744809105662 3.1791586875915527 3790
1744809115834 2.88352370262146 3800
1744809125899 3.311574935913086 3810
1744809136046 2.9978020191192627 3820
1744809146074 4.298311233520508 3830
1744809156567 2.8027632236480713 3840
1744809166826 3.700599193572998 3850
1744809176210 4.281607151031494 3860
1744809211588 1.7949985265731812 3870
1744809221730 3.2467446327209473 3880
1744809231786 2.550884962081909 3890
1744809242085 1.9861881732940674 3900
1744809252591 2.6085829734802246 3910
1744809262647 2.8630831241607666 3920
1744809272923 2.60556697845459 3930
1744809283234 2.380484104156494 3940
1744809293481 2.8758175373077393 3950
1744809303542 1.4579293727874756 3960
1744809313832 2.834662675857544 3970
1744809323975 3.8720295429229736 3980
1744809334030 2.113034725189209 3990
1744809344298 2.0787956714630127 4000
1744809354416 3.0267603397369385 4010
1744809364831 2.827613353729248 4020
1744809375003 2.324049234390259 4030
1744809385224 3.253047466278076 4040
1744809395505 2.7786600589752197 4050
1744809430061 1.8729960918426514 4060
1744809440121 2.135556936264038 4070
1744809450298 2.8413949012756348 4080
1744809460446 2.4403045177459717 4090
1744809470720 2.5246691703796387 4100
1744809480874 2.3754067420959473 4110
1744809491269 2.989926338195801 4120
1744809501490 2.235628366470337 4130
1744809511807 2.958909273147583 4140
1744809522097 2.9973416328430176 4150
1744809532348 2.487264633178711 4160
1744809542590 2.472625970840454 4170
1744809553044 3.2107372283935547 4180
1744809563398 2.603496789932251 4190
1744809573675 3.1458792686462402 4200
1744809583801 2.5771079063415527 4210
1744809594125 2.200657844543457 4220
1744809604379 2.999117136001587 4230
1744809614424 2.1701455116271973 4240
1744809648821 3.420834541320801 4250
1744809659064 2.9678595066070557 4260
1744809669431 3.1120824813842773 4270
1744809679577 2.6977314949035645 4280
1744809689796 1.825434684753418 4290
1744809700072 2.1301374435424805 4300
1744809710222 2.8090779781341553 4310
1744809720413 3.022768974304199 4320
1744809730572 2.9495766162872314 4330
1744809740661 1.9021936655044556 4340
1744809750853 3.6982874870300293 4350
1744809761115 3.108635663986206 4360
1744809771240 2.302389621734619 4370
1744809781433 2.382214069366455 4380
1744809791541 1.164439082145691 4390
1744809801880 2.3054139614105225 4400
1744809811956 3.0680012702941895 4410
1744809822299 2.837904930114746 4420
1744809832452 2.9037106037139893 4430
1744809867121 2.582434892654419 4440
1744809877252 2.2482082843780518 4450
1744809887422 2.7541160583496094 4460
1744809897511 2.0549912452697754 4470
1744809907833 2.133981466293335 4480
1744809918028 2.54746150970459 4490
1744809928260 2.818110942840576 4500
1744809938963 1.9900046586990356 4510
1744809949232 3.3972723484039307 4520
1744809959401 2.5630764961242676 4530
1744809969488 4.5012593269348145 4540
1744809979644 2.213663101196289 4550
1744809989894 2.617568016052246 4560
1744810000035 3.0226287841796875 4570
1744810010269 2.639110565185547 4580
1744810020372 2.9764862060546875 4590
1744810030767 1.9794833660125732 4600
1744810040853 3.3499433994293213 4610
1744810051032 2.9803574085235596 4620
1744810061217 2.5614943504333496 4630
1744810095392 3.693359136581421 4640
1744810105460 2.2164876461029053 4650
1744810115602 3.0117528438568115 4660
1744810125616 2.074477195739746 4670
1744810135784 2.4537837505340576 4680
1744810145940 2.539578437805176 4690
1744810156118 2.1570990085601807 4700
1744810166301 1.7242085933685303 4710
1744810176472 1.7713313102722168 4720
1744810186702 2.5850372314453125 4730
1744810196981 3.262209415435791 4740
1744810207042 2.4413561820983887 4750
1744810217512 3.611724615097046 4760
1744810227785 2.6160292625427246 4770
1744810237946 2.130444049835205 4780
1744810248041 2.573665142059326 4790
1744810258631 1.793745756149292 4800
1744810268824 2.8887321949005127 4810
1744810278886 2.4790847301483154 4820
1744810313122 2.4302384853363037 4830
1744810323260 3.42242431640625 4840
1744810333317 2.121485710144043 4850
1744810343457 2.1532959938049316 4860
1744810353659 3.1354081630706787 4870
1744810363797 2.133603572845459 4880
1744810374092 2.1913509368896484 4890
1744810384217 2.7572245597839355 4900
1744810394394 2.8317039012908936 4910
1744810404428 2.3116648197174072 4920
1744810414584 3.084900379180908 4930
1744810424771 1.4471720457077026 4940
1744810434833 1.764029860496521 4950
1744810445224 2.506470203399658 4960
1744810455279 0.8686093091964722 4970
1744810465679 2.5528690814971924 4980
1744810475748 3.083439588546753 4990
1744810485993 2.648416519165039 5000
1744810496154 3.042998790740967 5010
1744810530517 2.151047706604004 5020
1744810540625 3.311488389968872 5030
1744810550762 3.1070568561553955 5040
1744810560822 2.6084823608398438 5050
1744810570957 2.7003562450408936 5060
1744810581291 2.042067766189575 5070
1744810591505 3.3059542179107666 5080
1744810601862 3.1684422492980957 5090
1744810611964 2.514974594116211 5100
1744810622238 1.4002177715301514 5110
1744810632276 2.551206111907959 5120
1744810642543 2.527909994125366 5130
1744810652677 2.469264268875122 5140
1744810662726 2.820340156555176 5150
1744810672892 2.920269727706909 5160
1744810682940 2.1626434326171875 5170
1744810693093 2.7423524856567383 5180
1744810703300 1.336423635482788 5190
1744810713427 2.292994499206543 5200
1744810723730 3.1484575271606445 5210
1744810758396 2.7606637477874756 5220
1744810768463 3.154468059539795 5230
1744810778575 2.3897690773010254 5240
1744810788630 1.8316799402236938 5250
1744810798766 2.0543222427368164 5260
1744810809104 4.8381242752075195 5270
1744810819173 2.2602670192718506 5280
1744810829346 1.8228493928909302 5290
1744810839401 2.4057159423828125 5300
1744810849611 2.14461088180542 5310
1744810859914 2.553370475769043 5320
1744810870183 3.1319289207458496 5330
1744810880316 2.9146926403045654 5340
1744810890377 2.721372365951538 5350
1744810900670 2.3350534439086914 5360
1744810910685 1.8669042587280273 5370
1744810920853 2.3361291885375977 5380
1744810930943 3.447844982147217 5390
1744810941350 2.3945200443267822 5400
1744810975701 3.359055995941162 5410
1744810985924 2.2724483013153076 5420
1744810996176 1.997619867324829 5430
1744811006366 2.72703218460083 5440
1744811016731 2.623101234436035 5450
1744811027009 2.373842239379883 5460
1744811037575 2.0670785903930664 5470
1744811047750 2.419348955154419 5480
1744811058155 2.5282771587371826 5490
1744811068264 2.663987874984741 5500
1744811078509 2.5837366580963135 5510
1744811088702 2.418907403945923 5520
1744811098759 2.2061607837677 5530
1744811108992 3.824472188949585 5540
1744811119196 3.07074236869812 5550
1744811129398 2.452120542526245 5560
1744811139802 2.070366144180298 5570
1744811149933 3.482881546020508 5580
1744811160092 2.8635058403015137 5590
1744811194914 2.5612125396728516 5600
1744811205163 2.0816118717193604 5610
1744811215538 2.7050957679748535 5620
1744811225584 2.242851495742798 5630
1744811235802 2.8933212757110596 5640
1744811246465 2.5444624423980713 5650
1744811257120 2.807705879211426 5660
1744811267554 1.8246285915374756 5670
1744811277801 2.7811837196350098 5680
1744811288138 2.2172834873199463 5690
1744811298264 3.173621654510498 5700
1744811308817 3.1821985244750977 5710
1744811319228 3.5118181705474854 5720
1744811329491 2.6395533084869385 5730
1744811339622 1.9316487312316895 5740
1744811349642 2.9312989711761475 5750
1744811359774 1.9340852499008179 5760
1744811369895 2.7033424377441406 5770
1744811380347 2.2639195919036865 5780
1744811389951 2.629531145095825 5790
