1744804748567 1.5544041450777204e-06 10
1744804759288 3.281519861830743e-06 20
1744804769512 5.008635578583766e-06 30
1744804780662 6.735751295336788e-06 40
1744804791106 8.462867012089811e-06 50
1744804801935 1.0189982728842833e-05 60
1744804812760 1.1917098445595855e-05 70
1744804823013 1.3644214162348878e-05 80
1744804834131 1.53713298791019e-05 90
1744804844812 1.7098445595854924e-05 100
1744804855763 1.8825561312607946e-05 110
1744804866362 2.055267702936097e-05 120
1744804876657 2.227979274611399e-05 130
1744804887074 2.4006908462867013e-05 140
1744804897575 2.5734024179620035e-05 150
1744804908029 2.7461139896373057e-05 160
1744804918203 2.918825561312608e-05 170
1744804928643 3.091537132987911e-05 180
1744804939137 3.264248704663213e-05 190
1744804975288 3.436960276338515e-05 200
1744804985670 3.609671848013817e-05 210
1744804996064 3.78238341968912e-05 220
1744805006688 3.9550949913644216e-05 230
1744805017113 4.127806563039724e-05 240
1744805027819 4.300518134715026e-05 250
1744805038196 4.4732297063903286e-05 260
1744805048583 4.6459412780656305e-05 270
1744805058809 4.818652849740933e-05 280
1744805069780 4.991364421416235e-05 290
1744805080269 5.1640759930915375e-05 300
1744805090832 5.3367875647668394e-05 310
1744805101639 5.509499136442142e-05 320
1744805112102 5.682210708117444e-05 330
1744805122617 5.8549222797927464e-05 340
1744805132742 6.027633851468048e-05 350
1744805143232 6.200345423143351e-05 360
1744805153545 6.373056994818653e-05 370
1744805163868 6.545768566493955e-05 380
1744805198685 6.718480138169257e-05 390
1744805209068 6.89119170984456e-05 400
1744805219368 7.063903281519862e-05 410
1744805229649 7.236614853195165e-05 420
1744805239747 7.409326424870466e-05 430
1744805250187 7.582037996545769e-05 440
1744805260617 7.754749568221071e-05 450
1744805271008 7.927461139896374e-05 460
1744805281239 8.100172711571675e-05 470
1744805291384 8.272884283246978e-05 480
1744805301818 8.44559585492228e-05 490
1744805311957 8.618307426597583e-05 500
1744805322356 8.791018998272885e-05 510
1744805332666 8.963730569948186e-05 520
1744805342835 9.136442141623489e-05 530
1744805353266 9.309153713298792e-05 540
1744805363461 9.481865284974094e-05 550
1744805373754 9.654576856649395e-05 560
1744805384399 9.827288428324698e-05 570
1744805419184 0.0001 580
1744805429908 9.999909135070845e-05 590
1744805440390 9.999636543585953e-05 600
1744805450501 9.999182235452925e-05 610
1744805460980 9.998546227184034e-05 620
1744805471320 9.997728541895616e-05 630
1744805481909 9.996729209307241e-05 640
1744805492690 9.99554826574062e-05 650
1744805502915 9.994185754118294e-05 660
1744805513463 9.992641723962075e-05 670
1744805523612 9.990916231391236e-05 680
1744805533915 9.989009339120482e-05 690
1744805544235 9.986921116457668e-05 700
1744805554723 9.984651639301272e-05 710
1744805565197 9.982200990137647e-05 720
1744805575491 9.97956925803802e-05 730
1744805585908 9.97675653865525e-05 740
1744805596152 9.973762934220357e-05 750
1744805606363 9.970588553538801e-05 760
1744805617023 9.967233511986533e-05 770
1744805651857 9.9636979315058e-05 780
1744805662150 9.959981940600708e-05 790
1744805672866 9.956085674332559e-05 800
1744805683247 9.952009274314935e-05 810
1744805694082 9.947752888708554e-05 820
1744805704316 9.94331667221589e-05 830
1744805714564 9.93870078607554e-05 840
1744805724895 9.933905398056372e-05 850
1744805735122 9.92893068245142e-05 860
1744805745567 9.92377682007156e-05 870
1744805755667 9.918443998238926e-05 880
1744805766027 9.91293241078011e-05 890
1744805776292 9.907242258019113e-05 900
1744805786446 9.901373746770066e-05 910
1744805796952 9.895327090329714e-05 920
1744805807115 9.889102508469658e-05 930
1744805817488 9.882700227428378e-05 940
1744805827879 9.876120479902995e-05 950
1744805837965 9.86936350504083e-05 960
1744805873384 9.862429548430695e-05 970
1744805883597 9.855318862093985e-05 980
1744805893696 9.848031704475501e-05 990
1744805903891 9.840568340434069e-05 1000
1744805914716 9.832929041232907e-05 1010
1744805925067 9.825114084529766e-05 1020
1744805935298 9.817123754366843e-05 1030
1744805945462 9.80895834116045e-05 1040
1744805955655 9.800618141690463e-05 1050
1744805965755 9.792103459089539e-05 1060
1744805976135 9.783414602832086e-05 1070
1744805986759 9.774551888723031e-05 1080
1744805997193 9.76551563888633e-05 1090
1744806007728 9.756306181753261e-05 1100
1744806017838 9.746923852050494e-05 1110
1744806028189 9.737368990787916e-05 1120
1744806038923 9.727641945246246e-05 1130
1744806049487 9.717743068964407e-05 1140
1744806059756 9.70767272172667e-05 1150
1744806094932 9.697431269549597e-05 1160
1744806105476 9.687019084668715e-05 1170
1744806115744 9.676436545525002e-05 1180
1744806125830 9.665684036751123e-05 1190
1744806136123 9.654761949157462e-05 1200
1744806146672 9.643670679717901e-05 1210
1744806156888 9.632410631555407e-05 1220
1744806167499 9.620982213927369e-05 1230
1744806178232 9.609385842210734e-05 1240
1744806188923 9.597621937886898e-05 1250
1744806199409 9.585690928526392e-05 1260
1744806209698 9.573593247773347e-05 1270
1744806219971 9.561329335329725e-05 1280
1744806230091 9.548899636939338e-05 1290
1744806240389 9.536304604371653e-05 1300
1744806250601 9.523544695405365e-05 1310
1744806261152 9.510620373811767e-05 1320
1744806271288 9.49753210933788e-05 1330
1744806281606 9.484280377689401e-05 1340
1744806291849 9.470865660513389e-05 1350
1744806327134 9.457288445380772e-05 1360
1744806337496 9.443549225768629e-05 1370
1744806347696 9.429648501042247e-05 1380
1744806357773 9.415586776436973e-05 1390
1744806368059 9.40136456303985e-05 1400
1744806378861 9.386982377771045e-05 1410
1744806388978 9.372440743365054e-05 1420
1744806399219 9.35774018835171e-05 1430
1744806409291 9.342881247036967e-05 1440
1744806419518 9.327864459483489e-05 1450
1744806429615 9.312690371491009e-05 1460
1744806439882 9.297359534576497e-05 1470
1744806450271 9.28187250595412e-05 1480
1744806460664 9.26622984851498e-05 1490
1744806471022 9.250432130806663e-05 1500
1744806481498 9.234479927012565e-05 1510
1744806491722 9.218373816931038e-05 1520
1744806501962 9.202114385954298e-05 1530
1744806512230 9.185702225047166e-05 1540
1744806547023 9.169137930725576e-05 1550
1744806557318 9.152422105034899e-05 1560
1744806567519 9.135555355528063e-05 1570
1744806577695 9.118538295243468e-05 1580
1744806588015 9.101371542682704e-05 1590
1744806598659 9.084055721788073e-05 1600
1744806609298 9.066591461919912e-05 1610
1744806619366 9.048979397833713e-05 1620
1744806629862 9.03122016965706e-05 1630
1744806640230 9.013314422866357e-05 1640
1744806650724 8.995262808263368e-05 1650
1744806660845 8.977065981951566e-05 1660
1744806670948 8.958724605312287e-05 1670
1744806681300 8.940239344980686e-05 1680
1744806691368 8.921610872821506e-05 1690
1744806701908 8.902839865904675e-05 1700
1744806712272 8.883927006480676e-05 1710
1744806722564 8.864872981955761e-05 1720
1744806733044 8.845678484866964e-05 1730
1744806767666 8.826344212856936e-05 1740
1744806778063 8.806870868648575e-05 1750
1744806788565 8.787259160019504e-05 1760
1744806798671 8.767509799776323e-05 1770
1744806808851 8.747623505728722e-05 1780
1744806819111 8.727601000663382e-05 1790
1744806829471 8.707443012317704e-05 1800
1744806839700 8.687150273353361e-05 1810
1744806849750 8.666723521329668e-05 1820
1744806860143 8.646163498676775e-05 1830
1744806870422 8.625470952668684e-05 1840
1744806880599 8.604646635396086e-05 1850
1744806890830 8.583691303739024e-05 1860
1744806901098 8.56260571933939e-05 1870
1744806911366 8.541390648573237e-05 1880
1744806921454 8.520046862522928e-05 1890
1744806931751 8.498575136949103e-05 1900
1744806941977 8.476976252262492e-05 1910
1744806952025 8.455250993495547e-05 1920
1744806961618 8.433400150273906e-05 1930
1744806996673 8.411424516787698e-05 1940
1744807006754 8.389324891762675e-05 1950
1744807016972 8.367102078431182e-05 1960
1744807027060 8.344756884502962e-05 1970
1744807037328 8.322290122135804e-05 1980
1744807047644 8.299702607906009e-05 1990
1744807057725 8.276995162778736e-05 2000
1744807067989 8.254168612078137e-05 2010
1744807078735 8.23122378545738e-05 2020
1744807089007 8.208161516868485e-05 2030
1744807099177 8.184982644532007e-05 2040
1744807109622 8.161688010906588e-05 2050
1744807119835 8.138278462658318e-05 2060
1744807129884 8.114754850629977e-05 2070
1744807140189 8.0911180298101e-05 2080
1744807150210 8.067368859301908e-05 2090
1744807160668 8.043508202292079e-05 2100
1744807170850 8.019536926019373e-05 2110
1744807181089 7.995455901743124e-05 2120
1744807215885 7.971266004711553e-05 2130
1744807226145 7.946968114129973e-05 2140
1744807236200 7.922563113128829e-05 2150
1744807246434 7.898051888731592e-05 2160
1744807256732 7.873435331822534e-05 2170
1744807266984 7.848714337114331e-05 2180
1744807277161 7.823889803115559e-05 2190
1744807287422 7.798962632098024e-05 2200
1744807297558 7.773933730063981e-05 2210
1744807307775 7.748804006713189e-05 2220
1744807318229 7.723574375409866e-05 2230
1744807328252 7.698245753149475e-05 2240
1744807338496 7.672819060525401e-05 2250
1744807348754 7.647295221695497e-05 2260
1744807358955 7.62167516434848e-05 2270
1744807369102 7.595959819670235e-05 2280
1744807379178 7.570150122309947e-05 2290
1744807389459 7.544247010346148e-05 2300
1744807399727 7.518251425252607e-05 2310
1744807434148 7.492164311864125e-05 2320
1744807444308 7.46598661834219e-05 2330
1744807454554 7.4397192961405e-05 2340
1744807464696 7.413363299970413e-05 2350
1744807474958 7.38691958776621e-05 2360
1744807485043 7.360389120650315e-05 2370
1744807495234 7.333772862898327e-05 2380
1744807505389 7.307071781903997e-05 2390
1744807515488 7.28028684814406e-05 2400
1744807525687 7.25341903514296e-05 2410
1744807535796 7.226469319437463e-05 2420
1744807546017 7.199438680541177e-05 2430
1744807556071 7.172328100908935e-05 2440
1744807566267 7.145138565901096e-05 2450
1744807576548 7.117871063747729e-05 2460
1744807586881 7.090526585512696e-05 2470
1744807597153 7.063106125057626e-05 2480
1744807607233 7.035610679005797e-05 2490
1744807617679 7.008041246705916e-05 2500
1744807652125 6.980398830195785e-05 2510
1744807662223 6.95268443416589e-05 2520
1744807672246 6.924899065922887e-05 2530
1744807682439 6.897043735352981e-05 2540
1744807692507 6.869119454885229e-05 2550
1744807702631 6.841127239454737e-05 2560
1744807712794 6.813068106465771e-05 2570
1744807722833 6.784943075754786e-05 2580
1744807732983 6.756753169553352e-05 2590
1744807743002 6.728499412451e-05 2600
1744807753245 6.700182831357984e-05 2610
1744807763293 6.671804455467959e-05 2620
1744807773900 6.643365316220571e-05 2630
1744807784176 6.614866447263968e-05 2640
1744807794484 6.586308884417236e-05 2650
1744807804978 6.557693665632742e-05 2660
1744807815346 6.529021830958419e-05 2670
1744807825542 6.500294422499958e-05 2680
1744807835650 6.471512484382932e-05 2690
1744807845803 6.442677062714848e-05 2700
1744807880624 6.413789205547122e-05 2710
1744807890948 6.384849962836997e-05 2720
1744807901173 6.355860386409367e-05 2730
1744807911410 6.326821529918553e-05 2740
1744807921720 6.297734448810013e-05 2750
1744807931963 6.26860020028197e-05 2760
1744807942129 6.239419843247e-05 2770
1744807952243 6.210194438293526e-05 2780
1744807962433 6.180925047647294e-05 2790
1744807972496 6.151612735132744e-05 2800
1744807982872 6.122258566134359e-05 2810
1744807993158 6.0928636075579296e-05 2820
1744808003203 6.06342892779179e-05 2830
1744808013467 6.0339555966679764e-05 2840
1744808023646 6.004444685423345e-05 2850
1744808034078 5.974897266660643e-05 2860
1744808044158 5.9453144143095105e-05 2870
1744808054491 5.915697203587467e-05 2880
1744808064776 5.886046710960809e-05 2890
1744808099088 5.856364014105502e-05 2900
1744808109162 5.826650191868008e-05 2910
1744808119306 5.796906324226064e-05 2920
1744808129374 5.767133492249443e-05 2930
1744808139706 5.7373327780606525e-05 2940
1744808149815 5.707505264795603e-05 2950
1744808160006 5.6776520365642496e-05 2960
1744808170248 5.6477741784111784e-05 2970
1744808180310 5.617872776276175e-05 2980
1744808190588 5.587948916954754e-05 2990
1744808200628 5.5580036880586584e-05 3000
1744808210773 5.52803817797633e-05 3010
1744808221161 5.4980534758333466e-05 3020
1744808231248 5.4680506714528455e-05 3030
1744808241383 5.438030855315904e-05 3040
1744808251491 5.407995118521907e-05 3050
1744808261674 5.3779445527488947e-05 3060
1744808271727 5.347880250213877e-05 3070
1744808282006 5.317803303633144e-05 3080
1744808317059 5.287714806182543e-05 3090
1744808327264 5.257615851457749e-05 3100
1744808337364 5.227507533434519e-05 3110
1744808347538 5.197390946428925e-05 3120
1744808357610 5.1672671850575874e-05 3130
1744808367776 5.13713734419788e-05 3140
1744808377929 5.107002518948147e-05 3150
1744808388174 5.076863804587893e-05 3160
1744808398685 5.0467222965379744e-05 3170
1744808408925 5.01657909032079e-05 3180
1744808419362 4.98643528152046e-05 3190
1744808429399 4.956291965743002e-05 3200
1744808439697 4.92615023857652e-05 3210
1744808449967 4.896011195551374e-05 3220
1744808460374 4.865875932100367e-05 3230
1744808470604 4.835745543518929e-05 3240
1744808480818 4.8056211249253146e-05 3250
1744808490984 4.775503771220785e-05 3260
1744808501150 4.745394577049824e-05 3270
1744808511113 4.715294636760352e-05 3280
1744808545617 4.6852050443639417e-05 3290
1744808555817 4.65512689349607e-05 3300
1744808565860 4.6250612773763554e-05 3310
1744808576244 4.5950092887688276e-05 3320
1744808586285 4.5649720199422136e-05 3330
1744808596551 4.534950562630233e-05 3340
1744808606663 4.504946007991927e-05 3350
1744808616700 4.4749594465719856e-05 3360
1744808626842 4.444991968261121e-05 3370
1744808636938 4.4150446622564496e-05 3380
1744808647172 4.3851186170219056e-05 3390
1744808657392 4.355214920248685e-05 3400
1744808667504 4.325334658815702e-05 3410
1744808677646 4.29547891875009e-05 3420
1744808687704 4.265648785187734e-05 3430
1744808697827 4.235845342333818e-05 3440
1744808707969 4.206069673423438e-05 3450
1744808718179 4.176322860682209e-05 3460
1744808728720 4.146605985286945e-05 3470
1744808763082 4.116920127326356e-05 3480
1744808773335 4.087266365761794e-05 3490
1744808783521 4.0576457783880376e-05 3500
1744808793669 4.0280594417941166e-05 3510
1744808803889 3.99850843132418e-05 3520
1744808814064 3.96899382103842e-05 3530
1744808824589 3.939516683674022e-05 3540
1744808834816 3.9100780906061896e-05 3550
1744808845458 3.880679111809188e-05 3560
1744808855744 3.851320815817472e-05 3570
1744808865787 3.822004269686832e-05 3580
1744808875929 3.792730538955624e-05 3590
1744808886306 3.763500687606035e-05 3600
1744808896570 3.7343157780254165e-05 3610
1744808906719 3.705176870967662e-05 3620
1744808916965 3.676085025514664e-05 3630
1744808927141 3.6470412990378097e-05 3640
1744808937692 3.618046747159562e-05 3650
1744808948233 3.589102423715082e-05 3660
1744808982826 3.5602093807139264e-05 3670
1744808993066 3.531368668301819e-05 3680
1744809003309 3.5025813347224746e-05 3690
1744809013813 3.473848426279507e-05 3700
1744809023923 3.445170987298389e-05 3710
1744809034090 3.416550060088507e-05 3720
1744809044406 3.3879866849052695e-05 3730
1744809054712 3.359481899912299e-05 3740
1744809064972 3.331036741143708e-05 3750
1744809075136 3.302652242466429e-05 3760
1744809085406 3.274329435542646e-05 3770
1744809095545 3.246069349792297e-05 3780
1744809105662 3.217873012355657e-05 3790
1744809115834 3.1897414480560086e-05 3800
1744809125899 3.161675679362391e-05 3810
1744809136046 3.133676726352438e-05 3820
1744809146074 3.105745606675301e-05 3830
1744809156567 3.077883335514665e-05 3840
1744809166826 3.0500909255518462e-05 3850
1744809176210 3.0223693869289925e-05 3860
1744809211588 2.99471972721236e-05 3870
1744809221730 2.9671429513556968e-05 3880
1744809231786 2.9396400616637165e-05 3890
1744809242085 2.9122120577556688e-05 3900
1744809252591 2.8848599365290074e-05 3910
1744809262647 2.8575846921231554e-05 3920
1744809272923 2.8303873158833715e-05 3930
1744809283234 2.8032687963247224e-05 3940
1744809293481 2.7762301190961497e-05 3950
1744809303542 2.7492722669446536e-05 3960
1744809313832 2.722396219679563e-05 3970
1744809323975 2.6956029541369287e-05 3980
1744809334030 2.6688934441440227e-05 3990
1744809344298 2.642268660483935e-05 4000
1744809354416 2.6157295708603024e-05 4010
1744809364831 2.5892771398621228e-05 4020
1744809375003 2.562912328928703e-05 4030
1744809385224 2.5366360963147146e-05 4040
1744809395505 2.510449397055361e-05 4050
1744809430061 2.4843531829316757e-05 4060
1744809440121 2.4583484024359155e-05 4070
1744809450298 2.432436000737096e-05 4080
1744809460446 2.4066169196466326e-05 4090
1744809470720 2.3808920975841186e-05 4100
1744809480874 2.355262469543207e-05 4110
1744809491269 2.3297289670576304e-05 4120
1744809501490 2.3042925181673457e-05 4130
1744809511807 2.278954047384808e-05 4140
1744809522097 2.2537144756613554e-05 4150
1744809532348 2.2285747203537465e-05 4160
1744809542590 2.2035356951908137e-05 4170
1744809553044 2.1785983102402595e-05 4180
1744809563398 2.1537634718755694e-05 4190
1744809573675 2.129032082743073e-05 4200
1744809583801 2.1044050417291416e-05 4210
1744809594125 2.0798832439275097e-05 4220
1744809604379 2.0554675806067432e-05 4230
1744809614424 2.0311589391778512e-05 4240
1744809648821 2.0069582031620234e-05 4250
1744809659064 1.982866252158529e-05 4260
1744809669431 1.9588839618127353e-05 4270
1744809679577 1.9350122037842867e-05 4280
1744809689796 1.9112518457154242e-05 4290
1744809700072 1.8876037511994477e-05 4300
1744809710222 1.8640687797493328e-05 4310
1744809720413 1.8406477867664845e-05 4320
1744809730572 1.817341623509649e-05 4330
1744809740661 1.7941511370639762e-05 4340
1744809750853 1.771077170310227e-05 4350
1744809761115 1.748120561894147e-05 4360
1744809771240 1.725282146195974e-05 4370
1744809781433 1.7025627533001166e-05 4380
1744809791541 1.6799632089649854e-05 4390
1744809801880 1.6574843345929774e-05 4400
1744809811956 1.6351269472006263e-05 4410
1744809822299 1.6128918593888992e-05 4420
1744809832452 1.5907798793136676e-05 4430
1744809867121 1.5687918106563326e-05 4440
1744809877252 1.5469284525946136e-05 4450
1744809887422 1.5251905997735056e-05 4460
1744809897511 1.5035790422763895e-05 4470
1744809907833 1.4820945655963225e-05 4480
1744809918028 1.4607379506074841e-05 4490
1744809928260 1.4395099735367973e-05 4500
1744809938963 1.4184114059357167e-05 4510
1744809949232 1.3974430146521823e-05 4520
1744809959401 1.3766055618027485e-05 4530
1744809969488 1.3558998047448868e-05 4540
1744809979644 1.3353264960494543e-05 4550
1744809989894 1.3148863834733494e-05 4560
1744810000035 1.2945802099323229e-05 4570
1744810010269 1.2744087134739825e-05 4580
1744810020372 1.2543726272509675e-05 4590
1744810030767 1.2344726794942979e-05 4600
1744810040853 1.2147095934869146e-05 4610
1744810051032 1.1950840875373792e-05 4620
1744810061217 1.1755968749537754e-05 4630
1744810095392 1.15624866401778e-05 4640
1744810105460 1.1370401579589169e-05 4650
1744810115602 1.1179720549290062e-05 4660
1744810125616 1.0990450479767794e-05 4670
1744810135784 1.0802598250226941e-05 4680
1744810145940 1.0616170688339322e-05 4690
1744810156118 1.04311745699958e-05 4700
1744810166301 1.0247616619060074e-05 4710
1744810176472 1.0065503507124218e-05 4720
1744810186702 9.884841853266235e-06 4730
1744810196981 9.705638223809488e-06 4740
1744810207042 9.527899132083985e-06 4750
1744810217512 9.351631038189751e-06 4760
1744810227785 9.176840348761917e-06 4770
1744810237946 9.003533416737936e-06 4780
1744810248041 8.831716541126633e-06 4790
1744810258631 8.661395966779318e-06 4800
1744810268824 8.492577884162727e-06 4810
1744810278886 8.325268429134147e-06 4820
1744810313122 8.159473682718278e-06 4830
1744810323260 7.99519967088626e-06 4840
1744810333317 7.832452364336674e-06 4850
1744810343457 7.67123767827853e-06 4860
1744810353659 7.511561472216233e-06 4870
1744810363797 7.353429549736634e-06 4880
1744810374092 7.196847658298101e-06 4890
1744810384217 7.041821489021639e-06 4900
1744810394394 6.888356676484004e-06 4910
1744810404428 6.736458798512918e-06 4920
1744810414584 6.586133375984333e-06 4930
1744810424771 6.437385872621826e-06 4940
1744810434833 6.290221694797921e-06 4950
1744810445224 6.14464619133766e-06 4960
1744810455279 6.0006646533241565e-06 4970
1744810465679 5.858282313906333e-06 4980
1744810475748 5.717504348108649e-06 4990
1744810485993 5.578335872643059e-06 5000
1744810496154 5.440781945723017e-06 5010
1744810530517 5.304847566879678e-06 5020
1744810540625 5.170537676780118e-06 5030
1744810550762 5.037857157047782e-06 5040
1744810560822 4.906810830085095e-06 5050
1744810570957 4.777403458898122e-06 5060
1744810581291 4.64963974692354e-06 5070
1744810591505 4.523524337857582e-06 5080
1744810601862 4.399061815487343e-06 5090
1744810611964 4.276256703524123e-06 5100
1744810622238 4.155113465439042e-06 5110
1744810632276 4.0356365043008104e-06 5120
1744810642543 3.917830162615666e-06 5130
1744810652677 3.8016987221695664e-06 5140
1744810662726 3.687246403872552e-06 5150
1744810672892 3.5744773676053334e-06 5160
1744810682940 3.4633957120681293e-06 5170
1744810693093 3.354005474631622e-06 5180
1744810703300 3.246310631190297e-06 5190
1744810713427 3.1403150960178706e-06 5200
1744810723730 3.036022721625059e-06 5210
1744810758396 2.933437298619557e-06 5220
1744810768463 2.832562555568241e-06 5230
1744810778575 2.7334021588616586e-06 5240
1744810788630 2.635959712580777e-06 5250
1744810798766 2.540238758365987e-06 5260
1744810809104 2.446242775288382e-06 5270
1744810819173 2.3539751797233057e-06 5280
1744810829346 2.2634393252261633e-06 5290
1744810839401 2.174638502410553e-06 5300
1744810849611 2.0875759388286675e-06 5310
1744810859914 2.0022547988539863e-06 5320
1744810870183 1.9186781835662306e-06 5330
1744810880316 1.8368491306387014e-06 5340
1744810890377 1.7567706142278317e-06 5350
1744810900670 1.6784455448651037e-06 5360
1744810910685 1.6018767693512849e-06 5370
1744810920853 1.52706707065291e-06 5380
1744810930943 1.4540191678011684e-06 5390
1744810941350 1.382735715793071e-06 5400
1744810975701 1.3132193054949394e-06 5410
1744810985924 1.2454724635482585e-06 5420
1744810996176 1.1794976522778167e-06 5430
1744811006366 1.1152972696022445e-06 5440
1744811016731 1.0528736489468283e-06 5450
1744811027009 9.922290591587114e-07 5460
1744811037575 9.333657044244437e-07 5470
1744811047750 8.762857241898404e-07 5480
1744811058155 8.209911930822489e-07 5490
1744811068264 7.674841208351269e-07 5500
1744811078509 7.157664522150109e-07 5510
1744811088702 6.65840066950818e-07 5520
1744811098759 6.177067796655333e-07 5530
1744811108992 5.713683398102465e-07 5540
1744811119196 5.268264316005856e-07 5550
1744811129398 4.840826739554771e-07 5560
1744811139802 4.431386204383325e-07 5570
1744811149933 4.0399575920055944e-07 5580
1744811160092 3.666555129274829e-07 5590
1744811194914 3.311192387866313e-07 5600
1744811205163 2.973882283784202e-07 5610
1744811215538 2.6546370768920635e-07 5620
1744811225584 2.3534683704670157e-07 5630
1744811235802 2.070387110778338e-07 5640
1744811246465 1.805403586689569e-07 5650
1744811257120 1.5585274292842511e-07 5660
1744811267554 1.3297676115163194e-07 5670
1744811277801 1.1191324478835863e-07 5680
1744811288138 9.266295941256497e-08 5690
1744811298264 7.522660469458931e-08 5700
1744811308817 5.960481437568555e-08 5710
1744811319228 4.579815624499162e-08 5720
1744811329491 3.3807132118923726e-08 5730
1744811339622 2.3632177822902057e-08 5740
1744811349642 1.527366317552459e-08 5750
1744811359774 8.731891975127804e-09 5760
1744811369895 4.007101988745543e-09 5770
1744811380347 1.0994649434603599e-09 5780
1744811389951 9.086520164069968e-12 5790
