1744804748567 3.7688 10
1744804759288 3.742 20
1744804769512 3.6757 30
1744804780662 3.5374 40
1744804791106 3.3827 50
1744804801935 3.2847 60
1744804812760 3.1705 70
1744804823013 3.0127 80
1744804834131 2.9231 90
1744804844812 2.7447 100
1744804855763 2.7854 110
1744804866362 2.535 120
1744804876657 2.505 130
1744804887074 2.4443 140
1744804897575 2.3698 150
1744804908029 2.2926 160
1744804918203 2.324 170
1744804928643 2.1743 180
1744804939137 2.135 190
1744804975288 2.0863 200
1744804985670 1.9707 210
1744804996064 1.9433 220
1744805006688 1.8889 230
1744805017113 1.9906 240
1744805027819 1.8397 250
1744805038196 1.8937 260
1744805048583 1.8702 270
1744805058809 1.7123 280
1744805069780 1.9393 290
1744805080269 1.8227 300
1744805090832 1.7547 310
1744805101639 1.7524 320
1744805112102 1.8048 330
1744805122617 1.7404 340
1744805132742 1.8339 350
1744805143232 1.6999 360
1744805153545 1.721 370
1744805163868 1.8426 380
1744805198685 1.7069 390
1744805209068 1.6663 400
1744805219368 1.6681 410
1744805229649 1.7115 420
1744805239747 1.6399 430
1744805250187 1.6854 440
1744805260617 1.6446 450
1744805271008 1.7087 460
1744805281239 1.7049 470
1744805291384 1.7172 480
1744805301818 1.6179 490
1744805311957 1.6414 500
1744805322356 1.6601 510
1744805332666 1.6675 520
1744805342835 1.689 530
1744805353266 1.6779 540
1744805363461 1.6074 550
1744805373754 1.6824 560
1744805384399 1.6485 570
1744805419184 1.5798 580
1744805429908 1.4735 590
1744805440390 1.5782 600
1744805450501 1.5684 610
1744805460980 1.6086 620
1744805471320 1.5764 630
1744805481909 1.6719 640
1744805492690 1.5691 650
1744805502915 1.5906 660
1744805513463 1.5854 670
1744805523612 1.6118 680
1744805533915 1.5615 690
1744805544235 1.5822 700
1744805554723 1.5975 710
1744805565197 1.5616 720
1744805575491 1.5993 730
1744805585908 1.538 740
1744805596152 1.5416 750
1744805606363 1.5442 760
1744805617023 1.5675 770
1744805651857 1.4429 780
1744805662150 1.452 790
1744805672866 1.453 800
1744805683247 1.5188 810
1744805694082 1.4707 820
1744805704316 1.5361 830
1744805714564 1.5382 840
1744805724895 1.4862 850
1744805735122 1.4551 860
1744805745567 1.498 870
1744805755667 1.4543 880
1744805766027 1.4596 890
1744805776292 1.5324 900
1744805786446 1.4722 910
1744805796952 1.4415 920
1744805807115 1.5014 930
1744805817488 1.5623 940
1744805827879 1.4824 950
1744805837965 1.4429 960
1744805873384 1.4064 970
1744805883597 1.4562 980
1744805893696 1.3022 990
1744805903891 1.4134 1000
1744805914716 1.3944 1010
1744805925067 1.3849 1020
1744805935298 1.3544 1030
1744805945462 1.4175 1040
1744805955655 1.4534 1050
1744805965755 1.331 1060
1744805976135 1.4521 1070
1744805986759 1.4521 1080
1744805997193 1.3555 1090
1744806007728 1.3775 1100
1744806017838 1.3954 1110
1744806028189 1.5097 1120
1744806038923 1.4633 1130
1744806049487 1.4668 1140
1744806059756 1.4147 1150
1744806094932 1.3621 1160
1744806105476 1.3766 1170
1744806115744 1.3416 1180
1744806125830 1.3187 1190
1744806136123 1.3627 1200
1744806146672 1.3201 1210
1744806156888 1.2998 1220
1744806167499 1.3723 1230
1744806178232 1.3285 1240
1744806188923 1.3098 1250
1744806199409 1.3577 1260
1744806209698 1.3431 1270
1744806219971 1.3226 1280
1744806230091 1.4245 1290
1744806240389 1.3681 1300
1744806250601 1.4154 1310
1744806261152 1.3148 1320
1744806271288 1.3715 1330
1744806281606 1.3422 1340
1744806291849 1.3384 1350
1744806327134 1.3613 1360
1744806337496 1.2635 1370
1744806347696 1.243 1380
1744806357773 1.2755 1390
1744806368059 1.3168 1400
1744806378861 1.2655 1410
1744806388978 1.2907 1420
1744806399219 1.3092 1430
1744806409291 1.3672 1440
1744806419518 1.3343 1450
1744806429615 1.3254 1460
1744806439882 1.3692 1470
1744806450271 1.2529 1480
1744806460664 1.2885 1490
1744806471022 1.3009 1500
1744806481498 1.3444 1510
1744806491722 1.2611 1520
1744806501962 1.278 1530
1744806512230 1.3922 1540
1744806547023 1.1946 1550
1744806557318 1.2429 1560
1744806567519 1.2954 1570
1744806577695 1.2791 1580
1744806588015 1.2537 1590
1744806598659 1.2451 1600
1744806609298 1.2737 1610
1744806619366 1.2801 1620
1744806629862 1.2725 1630
1744806640230 1.3313 1640
1744806650724 1.27 1650
1744806660845 1.3172 1660
1744806670948 1.2765 1670
1744806681300 1.2098 1680
1744806691368 1.2293 1690
1744806701908 1.2805 1700
1744806712272 1.2385 1710
1744806722564 1.2216 1720
1744806733044 1.2274 1730
1744806767666 1.2758 1740
1744806778063 1.2539 1750
1744806788565 1.2129 1760
1744806798671 1.1067 1770
1744806808851 1.1703 1780
1744806819111 1.2301 1790
1744806829471 1.2072 1800
1744806839700 1.239 1810
1744806849750 1.2587 1820
1744806860143 1.2389 1830
1744806870422 1.2172 1840
1744806880599 1.201 1850
1744806890830 1.2377 1860
1744806901098 1.1865 1870
1744806911366 1.2189 1880
1744806921454 1.1789 1890
1744806931751 1.1898 1900
1744806941977 1.2166 1910
1744806952025 1.1582 1920
1744806961618 1.283 1930
1744806996673 1.165 1940
1744807006754 1.1627 1950
1744807016972 1.1368 1960
1744807027060 1.169 1970
1744807037328 1.1626 1980
1744807047644 1.2297 1990
1744807057725 1.1726 2000
1744807067989 1.1741 2010
1744807078735 1.2054 2020
1744807089007 1.1911 2030
1744807099177 1.1509 2040
1744807109622 1.1785 2050
1744807119835 1.1749 2060
1744807129884 1.1588 2070
1744807140189 1.1604 2080
1744807150210 1.2031 2090
1744807160668 1.1273 2100
1744807170850 1.1866 2110
1744807181089 1.1804 2120
1744807215885 1.1907 2130
1744807226145 1.1153 2140
1744807236200 1.1137 2150
1744807246434 1.2086 2160
1744807256732 1.1788 2170
1744807266984 1.1042 2180
1744807277161 1.1459 2190
1744807287422 1.1244 2200
1744807297558 1.1173 2210
1744807307775 1.1522 2220
1744807318229 1.2266 2230
1744807328252 1.1363 2240
1744807338496 1.1423 2250
1744807348754 1.1358 2260
1744807358955 1.1249 2270
1744807369102 1.1646 2280
1744807379178 1.1427 2290
1744807389459 1.1175 2300
1744807399727 1.1103 2310
1744807434148 1.1152 2320
1744807444308 1.0953 2330
1744807454554 1.1402 2340
1744807464696 1.0845 2350
1744807474958 1.1449 2360
1744807485043 1.1033 2370
1744807495234 1.1109 2380
1744807505389 1.0667 2390
1744807515488 1.1248 2400
1744807525687 1.107 2410
1744807535796 1.07 2420
1744807546017 1.1938 2430
1744807556071 1.0593 2440
1744807566267 1.0746 2450
1744807576548 1.0828 2460
1744807586881 1.1263 2470
1744807597153 1.1556 2480
1744807607233 1.112 2490
1744807617679 1.1349 2500
1744807652125 1.0867 2510
1744807662223 1.1145 2520
1744807672246 1.0863 2530
1744807682439 1.0567 2540
1744807692507 1.0268 2550
1744807702631 1.0547 2560
1744807712794 1.1121 2570
1744807722833 1.0717 2580
1744807732983 1.0459 2590
1744807743002 1.0802 2600
1744807753245 1.1063 2610
1744807763293 1.0564 2620
1744807773900 1.1122 2630
1744807784176 1.0604 2640
1744807794484 1.1256 2650
1744807804978 1.1463 2660
1744807815346 1.1159 2670
1744807825542 1.079 2680
1744807835650 1.0749 2690
1744807845803 1.1001 2700
1744807880624 1.0333 2710
1744807890948 1.1048 2720
1744807901173 1.0479 2730
1744807911410 1.0516 2740
1744807921720 1.0584 2750
1744807931963 1.0066 2760
1744807942129 1.046 2770
1744807952243 1.073 2780
1744807962433 1.0907 2790
1744807972496 1.1018 2800
1744807982872 1.0769 2810
1744807993158 1.0591 2820
1744808003203 1.0573 2830
1744808013467 1.0458 2840
1744808023646 1.1057 2850
1744808034078 1.0702 2860
1744808044158 1.0805 2870
1744808054491 0.9838 2880
1744808064776 1.0341 2890
1744808099088 1.0282 2900
1744808109162 1.0783 2910
1744808119306 1.0765 2920
1744808129374 1.0289 2930
1744808139706 1.0046 2940
1744808149815 1.0862 2950
1744808160006 1.0367 2960
1744808170248 1.0049 2970
1744808180310 1.042 2980
1744808190588 1.0656 2990
1744808200628 1.0034 3000
1744808210773 1.0034 3010
1744808221161 1.049 3020
1744808231248 1.0271 3030
1744808241383 1.0373 3040
1744808251491 1.0342 3050
1744808261674 1.015 3060
1744808271727 1.0364 3070
1744808282006 1.0577 3080
1744808317059 1.0102 3090
1744808327264 1.048 3100
1744808337364 1.0136 3110
1744808347538 1.0534 3120
1744808357610 1.0482 3130
1744808367776 1.0019 3140
1744808377929 1.0088 3150
1744808388174 1.021 3160
1744808398685 1.0201 3170
1744808408925 0.9815 3180
1744808419362 0.9686 3190
1744808429399 1.0011 3200
1744808439697 1.0144 3210
1744808449967 0.9982 3220
1744808460374 1.0129 3230
1744808470604 1.0224 3240
1744808480818 1.0105 3250
1744808490984 1.0162 3260
1744808501150 1.0073 3270
1744808511113 1.0649 3280
1744808545617 0.984 3290
1744808555817 0.9662 3300
1744808565860 0.964 3310
1744808576244 0.999 3320
1744808586285 0.9674 3330
1744808596551 0.9984 3340
1744808606663 1.0514 3350
1744808616700 1.0412 3360
1744808626842 1.0135 3370
1744808636938 0.9912 3380
1744808647172 1.0499 3390
1744808657392 0.9957 3400
1744808667504 1.0458 3410
1744808677646 0.9972 3420
1744808687704 0.9771 3430
1744808697827 0.9974 3440
1744808707969 0.9683 3450
1744808718179 1.0214 3460
1744808728720 0.998 3470
1744808763082 0.9573 3480
1744808773335 0.9568 3490
1744808783521 0.9565 3500
1744808793669 0.9924 3510
1744808803889 0.9844 3520
1744808814064 1.034 3530
1744808824589 0.9867 3540
1744808834816 1.0165 3550
1744808845458 0.9755 3560
1744808855744 0.9652 3570
1744808865787 0.9828 3580
1744808875929 0.9797 3590
1744808886306 1.0392 3600
1744808896570 0.9622 3610
1744808906719 0.9207 3620
1744808916965 0.9761 3630
1744808927141 0.974 3640
1744808937692 0.9763 3650
1744808948233 0.9764 3660
1744808982826 0.997 3670
1744808993066 0.9699 3680
1744809003309 1.0072 3690
1744809013813 0.987 3700
1744809023923 0.9776 3710
1744809034090 0.9532 3720
1744809044406 0.929 3730
1744809054712 0.9153 3740
1744809064972 0.9439 3750
1744809075136 0.9955 3760
1744809085406 0.9493 3770
1744809095545 0.9486 3780
1744809105662 0.9622 3790
1744809115834 0.9366 3800
1744809125899 0.939 3810
1744809136046 1.0067 3820
1744809146074 0.9674 3830
1744809156567 0.982 3840
1744809166826 0.9856 3850
1744809176210 0.9742 3860
1744809211588 0.9172 3870
1744809221730 0.9873 3880
1744809231786 0.9589 3890
1744809242085 0.9584 3900
1744809252591 0.9752 3910
1744809262647 0.9345 3920
1744809272923 0.8851 3930
1744809283234 0.9394 3940
1744809293481 0.961 3950
1744809303542 0.9465 3960
1744809313832 0.9896 3970
1744809323975 0.9359 3980
1744809334030 0.9738 3990
1744809344298 0.9467 4000
1744809354416 0.9171 4010
1744809364831 0.9622 4020
1744809375003 0.946 4030
1744809385224 0.9288 4040
1744809395505 0.9673 4050
1744809430061 0.9499 4060
1744809440121 0.8992 4070
1744809450298 0.9517 4080
1744809460446 0.917 4090
1744809470720 0.95 4100
1744809480874 0.9277 4110
1744809491269 0.9237 4120
1744809501490 0.9342 4130
1744809511807 0.8972 4140
1744809522097 0.8882 4150
1744809532348 0.9657 4160
1744809542590 0.8905 4170
1744809553044 0.9303 4180
1744809563398 0.9103 4190
1744809573675 0.8854 4200
1744809583801 0.9524 4210
1744809594125 0.9764 4220
1744809604379 0.9506 4230
1744809614424 0.9504 4240
1744809648821 0.9391 4250
1744809659064 0.9468 4260
1744809669431 0.9803 4270
1744809679577 0.892 4280
1744809689796 0.8913 4290
1744809700072 0.9465 4300
1744809710222 0.9558 4310
1744809720413 0.9651 4320
1744809730572 0.9091 4330
1744809740661 0.9216 4340
1744809750853 0.907 4350
1744809761115 0.9059 4360
1744809771240 0.911 4370
1744809781433 0.9315 4380
1744809791541 0.8745 4390
1744809801880 0.9167 4400
1744809811956 0.9102 4410
1744809822299 0.9124 4420
1744809832452 0.9031 4430
1744809867121 0.9503 4440
1744809877252 0.9157 4450
1744809887422 0.9102 4460
1744809897511 0.907 4470
1744809907833 0.955 4480
1744809918028 0.8898 4490
1744809928260 0.9254 4500
1744809938963 0.9012 4510
1744809949232 0.9081 4520
1744809959401 0.9061 4530
1744809969488 0.8859 4540
1744809979644 0.9542 4550
1744809989894 0.8518 4560
1744810000035 0.8836 4570
1744810010269 0.9508 4580
1744810020372 0.9125 4590
1744810030767 0.8898 4600
1744810040853 0.9735 4610
1744810051032 0.8763 4620
1744810061217 0.9023 4630
1744810095392 0.8859 4640
1744810105460 0.8598 4650
1744810115602 0.8752 4660
1744810125616 0.8793 4670
1744810135784 0.9259 4680
1744810145940 0.8929 4690
1744810156118 0.9045 4700
1744810166301 0.9112 4710
1744810176472 0.8789 4720
1744810186702 0.899 4730
1744810196981 0.9068 4740
1744810207042 0.8999 4750
1744810217512 0.9405 4760
1744810227785 0.9317 4770
1744810237946 0.8821 4780
1744810248041 0.866 4790
1744810258631 0.892 4800
1744810268824 0.9267 4810
1744810278886 0.9119 4820
1744810313122 0.8986 4830
1744810323260 0.9135 4840
1744810333317 0.897 4850
1744810343457 0.9309 4860
1744810353659 0.9197 4870
1744810363797 0.8761 4880
1744810374092 0.8674 4890
1744810384217 0.8949 4900
1744810394394 0.9283 4910
1744810404428 0.8583 4920
1744810414584 0.878 4930
1744810424771 0.8881 4940
1744810434833 0.8805 4950
1744810445224 0.8791 4960
1744810455279 0.9041 4970
1744810465679 0.933 4980
1744810475748 0.9386 4990
1744810485993 0.8958 5000
1744810496154 0.9034 5010
1744810530517 0.8889 5020
1744810540625 0.8829 5030
1744810550762 0.8998 5040
1744810560822 0.8838 5050
1744810570957 0.9073 5060
1744810581291 0.8771 5070
1744810591505 0.89 5080
1744810601862 0.8458 5090
1744810611964 0.893 5100
1744810622238 0.8625 5110
1744810632276 0.8561 5120
1744810642543 0.9065 5130
1744810652677 0.8659 5140
1744810662726 0.8761 5150
1744810672892 0.9429 5160
1744810682940 0.8811 5170
1744810693093 0.8768 5180
1744810703300 0.8906 5190
1744810713427 0.9198 5200
1744810723730 0.9169 5210
1744810758396 0.9135 5220
1744810768463 0.9167 5230
1744810778575 0.8927 5240
1744810788630 0.8766 5250
1744810798766 0.8918 5260
1744810809104 0.905 5270
1744810819173 0.8461 5280
1744810829346 0.8814 5290
1744810839401 0.8995 5300
1744810849611 0.8743 5310
1744810859914 0.8669 5320
1744810870183 0.8614 5330
1744810880316 0.8814 5340
1744810890377 0.8865 5350
1744810900670 0.9168 5360
1744810910685 0.8933 5370
1744810920853 0.9309 5380
1744810930943 0.9419 5390
1744810941350 0.8807 5400
1744810975701 0.8963 5410
1744810985924 0.9106 5420
1744810996176 0.9018 5430
1744811006366 0.901 5440
1744811016731 0.8984 5450
1744811027009 0.8599 5460
1744811037575 0.8738 5470
1744811047750 0.8947 5480
1744811058155 0.9009 5490
1744811068264 0.9143 5500
1744811078509 0.9321 5510
1744811088702 0.8869 5520
1744811098759 0.8722 5530
1744811108992 0.8966 5540
1744811119196 0.8919 5550
1744811129398 0.8766 5560
1744811139802 0.8899 5570
1744811149933 0.8944 5580
1744811160092 0.8945 5590
1744811194914 0.8517 5600
1744811205163 0.8804 5610
1744811215538 0.877 5620
1744811225584 0.8581 5630
1744811235802 0.9002 5640
1744811246465 0.8939 5650
1744811257120 0.8883 5660
1744811267554 0.901 5670
1744811277801 0.8877 5680
1744811288138 0.8548 5690
1744811298264 0.8882 5700
1744811308817 0.8904 5710
1744811319228 0.8599 5720
1744811329491 0.879 5730
1744811339622 0.8953 5740
1744811349642 0.9127 5750
1744811359774 0.9228 5760
1744811369895 0.8635 5770
1744811380347 0.894 5780
1744811389951 0.8786 5790
