1744571452918 0.5263157894736842 10
1744571471240 1.0 19
1744571474875 1.0526315789473684 20
1744571488311 1.5789473684210527 30
1744571503845 2.0 38
1744571508712 2.1052631578947367 40
1744571521852 2.6315789473684212 50
1744571535810 3.0 57
1744571542006 3.1578947368421053 60
1744571555319 3.6842105263157894 70
1744571567868 4.0 76
1744571575414 4.2105263157894735 80
1744571589254 4.7368421052631575 90
1744571600779 5.0 95
1744571609815 5.2631578947368425 100
1744571623317 5.7894736842105265 110
1744571633220 6.0 114
1744571643381 6.315789473684211 120
1744571656899 6.842105263157895 130
1744571665522 7.0 133
1744571677208 7.368421052631579 140
1744571690432 7.894736842105263 150
1744571697926 8.0 152
1744571710732 8.421052631578947 160
1744571723508 8.947368421052632 170
1744571730227 9.0 171
1744571744621 9.473684210526315 180
1744571756557 10.0 190
1744571762898 10.0 190
1744571764597 10.0 190
1744571765099 10.0 0
1744571771338 10.0 190
