1744571452918 0.784383237361908 10
1744571474875 0.7830002903938293 20
1744571488311 0.8066433072090149 30
1744571508712 0.7870584726333618 40
1744571521852 0.8785240650177002 50
1744571542006 0.8451941013336182 60
1744571555319 0.8807924389839172 70
1744571575414 0.8811303973197937 80
1744571589254 0.8497663736343384 90
1744571609815 0.9921454787254333 100
1744571623317 0.8808421492576599 110
1744571643381 0.8509886860847473 120
1744571656899 0.9422182440757751 130
1744571677208 0.8762088418006897 140
1744571690432 0.9584885239601135 150
1744571710732 0.9853541254997253 160
1744571723508 0.9362399578094482 170
1744571744621 0.9960616230964661 180
1744571756557 1.187829852104187 190
