1744586968299 0.2631578947368421 10
1744586977409 0.5263157894736842 20
1744586985930 0.7894736842105263 30
1744587001940 1.0 38
1744587005830 1.0526315789473684 40
1744587014772 1.3157894736842106 50
1744587023864 1.5789473684210527 60
1744587032236 1.8421052631578947 70
1744587043605 2.0 76
1744587048766 2.1052631578947367 80
1744587057233 2.3684210526315788 90
1744587065562 2.6315789473684212 100
1744587073684 2.8947368421052633 110
1744587083204 3.0 114
1744587084875 3.0 114
1744587085485 3.0 0
1744587092287 3.0 114
