1744591861912 0.2631578947368421 10
1744591870475 0.5263157894736842 20
1744591878997 0.7894736842105263 30
1744591894684 1.0 38
1744591898366 1.0526315789473684 40
1744591906863 1.3157894736842106 50
1744591915405 1.5789473684210527 60
1744591923627 1.8421052631578947 70
1744591934871 2.0 76
1744591940246 2.1052631578947367 80
1744591948772 2.3684210526315788 90
1744591956977 2.6315789473684212 100
1744591965393 2.8947368421052633 110
1744591974960 3.0 114
1744591981876 3.1578947368421053 120
1744591990284 3.4210526315789473 130
1744591998537 3.6842105263157894 140
1744592006980 3.9473684210526314 150
1744592014758 4.0 152
1744592023407 4.2105263157894735 160
1744592031746 4.473684210526316 170
1744592040041 4.7368421052631575 180
1744592047539 5.0 190
1744592054311 5.0 190
1744592064697 5.2631578947368425 200
1744592073299 5.526315789473684 210
1744592081482 5.7894736842105265 220
1744592094169 6.0 228
1744592097815 6.052631578947368 230
1744592106188 6.315789473684211 240
1744592114323 6.578947368421053 250
1744592122673 6.842105263157895 260
1744592133934 7.0 266
1744592139302 7.105263157894737 270
1744592147597 7.368421052631579 280
1744592155866 7.631578947368421 290
1744592164318 7.894736842105263 300
1744592173812 8.0 304
1744592180844 8.157894736842104 310
1744592189213 8.421052631578947 320
1744592197326 8.68421052631579 330
1744592205658 8.947368421052632 340
1744592213421 9.0 342
1744592222739 9.210526315789474 350
1744592230854 9.473684210526315 360
1744592239105 9.736842105263158 370
1744592246556 10.0 380
1744592253931 10.0 380
1744592255645 10.0 380
1744592256181 10.0 0
1744592263198 10.0 380
