1744591861912 1.025396466255188 10
1744591870475 1.0746511220932007 20
1744591878997 1.0948559045791626 30
1744591898366 1.2350711822509766 40
1744591906863 1.1874674558639526 50
1744591915405 1.2921597957611084 60
1744591923627 1.3051478862762451 70
1744591940246 1.215361475944519 80
1744591948772 1.248281717300415 90
1744591956977 1.4682377576828003 100
1744591965393 1.4085673093795776 110
1744591981876 1.482265591621399 120
1744591990284 1.3177281618118286 130
1744591998537 1.3594318628311157 140
1744592006980 1.635582447052002 150
1744592023407 1.8258440494537354 160
1744592031746 1.5949655771255493 170
1744592040041 2.001366138458252 180
1744592047539 3.616619348526001 190
1744592064697 1.5452840328216553 200
1744592073299 1.5681688785552979 210
1744592081482 1.8600419759750366 220
1744592097815 1.5677164793014526 230
1744592106188 1.570169448852539 240
1744592114323 1.8740005493164062 250
1744592122673 1.7112841606140137 260
1744592139302 1.6979410648345947 270
1744592147597 1.7270768880844116 280
1744592155866 1.618869662284851 290
1744592164318 1.6877520084381104 300
1744592180844 1.6626102924346924 310
1744592189213 2.350654363632202 320
1744592197326 1.7383651733398438 330
1744592205658 1.7821377515792847 340
1744592222739 2.215337038040161 350
1744592230854 2.0310261249542236 360
1744592239105 2.0738472938537598 370
1744592246556 4.220117092132568 380
