1744591861912 2.928947368421053e-05 10
1744591870475 2.8499999999999998e-05 20
1744591878997 2.7710526315789474e-05 30
1744591898366 2.6921052631578947e-05 40
1744591906863 2.6131578947368424e-05 50
1744591915405 2.5342105263157893e-05 60
1744591923627 2.455263157894737e-05 70
1744591940246 2.3763157894736842e-05 80
1744591948772 2.297368421052632e-05 90
1744591956977 2.2184210526315788e-05 100
1744591965393 2.1394736842105264e-05 110
1744591981876 2.0605263157894737e-05 120
1744591990284 1.9815789473684213e-05 130
1744591998537 1.9026315789473683e-05 140
1744592006980 1.823684210526316e-05 150
1744592023407 1.7447368421052632e-05 160
1744592031746 1.6657894736842105e-05 170
1744592040041 1.5868421052631578e-05 180
1744592047539 1.5078947368421054e-05 190
1744592064697 1.4289473684210527e-05 200
1744592073299 1.3500000000000001e-05 210
1744592081482 1.2710526315789474e-05 220
1744592097815 1.1921052631578949e-05 230
1744592106188 1.1131578947368421e-05 240
1744592114323 1.0342105263157896e-05 250
1744592122673 9.552631578947369e-06 260
1744592139302 8.763157894736843e-06 270
1744592147597 7.973684210526316e-06 280
1744592155866 7.184210526315789e-06 290
1744592164318 6.394736842105263e-06 300
1744592180844 5.605263157894737e-06 310
1744592189213 4.81578947368421e-06 320
1744592197326 4.026315789473684e-06 330
1744592205658 3.236842105263158e-06 340
1744592222739 2.447368421052632e-06 350
1744592230854 1.6578947368421053e-06 360
1744592239105 8.684210526315789e-07 370
1744592246556 7.894736842105264e-08 380
