1744591861912 2.6758 10
1744591870475 2.5806 20
1744591878997 2.4992 30
1744591898366 2.3908 40
1744591906863 2.2896 50
1744591915405 2.2077 60
1744591923627 2.1518 70
1744591940246 2.0276 80
1744591948772 1.9921 90
1744591956977 1.9174 100
1744591965393 1.856 110
1744591981876 1.8074 120
1744591990284 1.7494 130
1744591998537 1.6844 140
1744592006980 1.6884 150
1744592023407 1.6057 160
1744592031746 1.5944 170
1744592040041 1.5466 180
1744592047539 1.482 190
1744592064697 1.468 200
1744592073299 1.4583 210
1744592081482 1.4581 220
1744592097815 1.434 230
1744592106188 1.3986 240
1744592114323 1.3983 250
1744592122673 1.3338 260
1744592139302 1.3213 270
1744592147597 1.3063 280
1744592155866 1.3281 290
1744592164318 1.2912 300
1744592180844 1.2651 310
1744592189213 1.2717 320
1744592197326 1.2387 330
1744592205658 1.2833 340
1744592222739 1.2343 350
1744592230854 1.222 360
1744592239105 1.2762 370
1744592246556 1.2208 380
