1745350852295 0.07874015748031496 10
1745350865344 0.15748031496062992 20
1745350878782 0.23622047244094488 30
1745350892071 0.31496062992125984 40
1745350905303 0.3937007874015748 50
1745350918325 0.47244094488188976 60
1745350931155 0.5511811023622047 70
1745350944176 0.6299212598425197 80
1745350957977 0.7086614173228346 90
1745350971460 0.7874015748031497 100
1745350984262 0.8661417322834646 110
1745350996597 0.9448818897637795 120
1745351026665 1.0 127
1745351032831 1.0236220472440944 130
1745351045184 1.1023622047244095 140
1745351059124 1.1811023622047245 150
1745351072650 1.2598425196850394 160
1745351085627 1.3385826771653544 170
1745351098501 1.4173228346456692 180
1745351110890 1.4960629921259843 190
1745351123819 1.574803149606299 200
1745351138049 1.6535433070866141 210
1745351150920 1.7322834645669292 220
1745351163877 1.811023622047244 230
1745351176802 1.889763779527559 240
1745351189222 1.968503937007874 250
1745351216158 2.0 254
1745351226361 2.047244094488189 260
1745351238825 2.1259842519685037 270
1745351252055 2.204724409448819 280
1745351265716 2.283464566929134 290
1745351278691 2.362204724409449 300
1745351291479 2.440944881889764 310
1745351304323 2.5196850393700787 320
1745351317636 2.5984251968503935 330
1745351330567 2.677165354330709 340
1745351344309 2.7559055118110236 350
1745351357088 2.8346456692913384 360
1745351369901 2.9133858267716537 370
1745351382203 2.9921259842519685 380
1745351407129 3.0 381
1745351420931 3.0708661417322833 390
1745351433283 3.1496062992125986 400
1745351447286 3.2283464566929134 410
1745351460014 3.3070866141732282 420
1745351472826 3.3858267716535435 430
1745351485563 3.4645669291338583 440
1745351498491 3.543307086614173 450
1745351510816 3.622047244094488 460
1745351524848 3.7007874015748032 470
1745351539025 3.779527559055118 480
1745351551816 3.8582677165354333 490
1745351564544 3.937007874015748 500
1745351595935 4.0 508
1745351601403 4.015748031496063 510
1745351614336 4.094488188976378 520
1745351627166 4.173228346456693 530
1745351640060 4.251968503937007 540
1745351652972 4.330708661417323 550
1745351665761 4.409448818897638 560
1745351678629 4.488188976377953 570
1745351690973 4.566929133858268 580
1745351703912 4.645669291338582 590
1745351716808 4.724409448818898 600
1745351729693 4.803149606299213 610
1745351742753 4.881889763779528 620
1745351755174 4.960629921259843 630
1745351783138 5.0 635
1745351791979 5.039370078740157 640
1745351804879 5.118110236220472 650
1745351817282 5.196850393700787 660
1745351830214 5.275590551181103 670
1745351843084 5.354330708661418 680
1745351856089 5.433070866141732 690
1745351868972 5.511811023622047 700
1745351881818 5.590551181102362 710
1745351894227 5.669291338582677 720
1745351907192 5.748031496062993 730
1745351919966 5.826771653543307 740
1745351932872 5.905511811023622 750
1745351945968 5.984251968503937 760
1745351969579 6.0 762
1745351982001 6.062992125984252 770
1745351994355 6.141732283464567 780
1745352007247 6.2204724409448815 790
1745352020165 6.299212598425197 800
1745352033138 6.377952755905512 810
1745352046242 6.456692913385827 820
1745352058525 6.535433070866142 830
1745352071624 6.6141732283464565 840
1745352084646 6.692913385826771 850
1745352097619 6.771653543307087 860
1745352110552 6.850393700787402 870
1745352123695 6.929133858267717 880
1745352156362 7.0 889
1745352159693 7.0078740157480315 890
1745352172902 7.086614173228346 900
1745352185775 7.165354330708661 910
1745352198665 7.244094488188976 920
1745352211063 7.322834645669292 930
1745352223976 7.4015748031496065 940
1745352236752 7.480314960629921 950
1745352249558 7.559055118110236 960
1745352262485 7.637795275590551 970
1745352275318 7.716535433070866 980
1745352287635 7.7952755905511815 990
1745352300550 7.874015748031496 1000
1745352313548 7.952755905511811 1010
1745352342541 8.0 1016
1745352349964 8.031496062992126 1020
1745352362324 8.11023622047244 1030
1745352375203 8.188976377952756 1040
1745352388411 8.26771653543307 1050
1745352401578 8.346456692913385 1060
1745352414509 8.4251968503937 1070
1745352427588 8.503937007874015 1080
1745352439982 8.582677165354331 1090
1745352453321 8.661417322834646 1100
1745352466430 8.740157480314961 1110
1745352479588 8.818897637795276 1120
1745352492736 8.89763779527559 1130
1745352505134 8.976377952755906 1140
1745352530840 9.0 1143
1745352542006 9.05511811023622 1150
1745352554369 9.133858267716535 1160
1745352567251 9.21259842519685 1170
1745352580365 9.291338582677165 1180
1745352593219 9.37007874015748 1190
1745352606146 9.448818897637794 1200
1745352619324 9.527559055118111 1210
1745352631848 9.606299212598426 1220
1745352644783 9.68503937007874 1230
1745352657653 9.763779527559056 1240
1745352670640 9.84251968503937 1250
1745352683726 9.921259842519685 1260
1745352695756 10.0 1270
1745352718385 10.0 1270
1745352733543 10.078740157480315 1280
1745352746075 10.15748031496063 1290
1745352759808 10.236220472440944 1300
1745352773024 10.31496062992126 1310
1745352785928 10.393700787401574 1320
1745352798854 10.472440944881889 1330
1745352811237 10.551181102362206 1340
1745352824159 10.62992125984252 1350
1745352837104 10.708661417322835 1360
1745352850113 10.78740157480315 1370
1745352863043 10.866141732283465 1380
1745352875971 10.94488188976378 1390
1745352906233 11.0 1397
1745352912019 11.023622047244094 1400
1745352924796 11.10236220472441 1410
1745352938037 11.181102362204724 1420
1745352951104 11.259842519685039 1430
1745352963509 11.338582677165354 1440
1745352976632 11.417322834645669 1450
1745352989541 11.496062992125985 1460
1745353002590 11.5748031496063 1470
1745353015588 11.653543307086615 1480
1745353027953 11.73228346456693 1490
1745353040807 11.811023622047244 1500
1745353053792 11.88976377952756 1510
1745353066708 11.968503937007874 1520
1745353093593 12.0 1524
1745353103109 12.047244094488189 1530
1745353116085 12.125984251968504 1540
1745353129084 12.204724409448819 1550
1745353141862 12.283464566929133 1560
1745353154817 12.362204724409448 1570
1745353167127 12.440944881889763 1580
1745353179949 12.519685039370078 1590
1745353193239 12.598425196850394 1600
1745353206165 12.67716535433071 1610
1745353219062 12.755905511811024 1620
1745353231899 12.834645669291339 1630
1745353244245 12.913385826771654 1640
1745353257067 12.992125984251969 1650
1745353279676 13.0 1651
1745353293395 13.070866141732283 1660
1745353306262 13.149606299212598 1670
1745353318673 13.228346456692913 1680
1745353331597 13.307086614173228 1690
1745353344558 13.385826771653543 1700
1745353357439 13.464566929133857 1710
1745353370303 13.543307086614174 1720
1745353383192 13.622047244094489 1730
1745353395685 13.700787401574804 1740
1745353408502 13.779527559055119 1750
1745353421388 13.858267716535433 1760
1745353434288 13.937007874015748 1770
1745353466138 14.0 1778
1745353470724 14.015748031496063 1780
1745353483593 14.094488188976378 1790
1745353496658 14.173228346456693 1800
1745353509081 14.251968503937007 1810
1745353522073 14.330708661417322 1820
1745353535217 14.409448818897637 1830
1745353548510 14.488188976377952 1840
1745353561615 14.566929133858268 1850
1745353574082 14.645669291338583 1860
1745353587028 14.724409448818898 1870
1745353600141 14.803149606299213 1880
1745353612985 14.881889763779528 1890
1745353625834 14.960629921259843 1900
1745353653356 15.0 1905
1745353662290 15.039370078740157 1910
1745353675433 15.118110236220472 1920
1745353688341 15.196850393700787 1930
1745353701275 15.275590551181102 1940
1745353714288 15.354330708661417 1950
1745353727344 15.433070866141732 1960
1745353740463 15.511811023622048 1970
1745353752860 15.590551181102363 1980
1745353765856 15.669291338582678 1990
1745353778861 15.748031496062993 2000
1745353791743 15.826771653543307 2010
1745353804696 15.905511811023622 2020
1745353817123 15.984251968503937 2030
1745353841263 16.0 2032
1745353854259 16.062992125984252 2040
1745353867080 16.141732283464567 2050
1745353879940 16.22047244094488 2060
1745353892227 16.299212598425196 2070
1745353905078 16.37795275590551 2080
1745353918055 16.456692913385826 2090
1745353930873 16.53543307086614 2100
1745353943764 16.614173228346456 2110
1745353956606 16.69291338582677 2120
1745353969025 16.771653543307085 2130
1745353982148 16.8503937007874 2140
1745353995037 16.929133858267715 2150
1745354028177 17.0 2159
1745354031503 17.007874015748033 2160
1745354043923 17.086614173228348 2170
1745354056829 17.165354330708663 2180
1745354069611 17.244094488188978 2190
1745354082652 17.322834645669293 2200
1745354095497 17.401574803149607 2210
1745354108382 17.480314960629922 2220
1745354120722 17.559055118110237 2230
1745354133604 17.637795275590552 2240
1745354146506 17.716535433070867 2250
1745354159472 17.79527559055118 2260
1745354172266 17.874015748031496 2270
1745354185067 17.95275590551181 2280
1745354213604 18.0 2286
1745354220648 18.031496062992126 2290
1745354233425 18.11023622047244 2300
1745354246425 18.188976377952756 2310
1745354259298 18.26771653543307 2320
1745354272329 18.346456692913385 2330
1745354285549 18.4251968503937 2340
1745354297994 18.503937007874015 2350
1745354310827 18.58267716535433 2360
1745354323685 18.661417322834644 2370
1745354336632 18.74015748031496 2380
1745354349500 18.818897637795274 2390
1745354362512 18.89763779527559 2400
1745354374848 18.976377952755904 2410
1745354400200 19.0 2413
1745354410881 19.055118110236222 2420
1745354423748 19.133858267716537 2430
1745354436546 19.212598425196852 2440
1745354449264 19.291338582677167 2450
1745354462420 19.37007874015748 2460
1745354474827 19.448818897637796 2470
1745354487755 19.52755905511811 2480
1745354500646 19.606299212598426 2490
1745354513601 19.68503937007874 2500
1745354526631 19.763779527559056 2510
1745354539970 19.84251968503937 2520
1745354552391 19.921259842519685 2530
1745354564768 20.0 2540
1745354586161 20.0 2540
1745354601842 20.078740157480315 2550
1745354614816 20.15748031496063 2560
1745354627711 20.236220472440944 2570
1745354640727 20.31496062992126 2580
1745354653497 20.393700787401574 2590
1745354665781 20.47244094488189 2600
1745354678583 20.551181102362204 2610
1745354691482 20.62992125984252 2620
1745354704321 20.708661417322833 2630
1745354717122 20.787401574803148 2640
1745354729902 20.866141732283463 2650
1745354742205 20.944881889763778 2660
1745354773163 21.0 2667
1745354778972 21.023622047244096 2670
1745354791790 21.10236220472441 2680
1745354804600 21.181102362204726 2690
1745354816876 21.25984251968504 2700
1745354829752 21.338582677165356 2710
1745354842648 21.41732283464567 2720
1745354855470 21.496062992125985 2730
1745354868333 21.5748031496063 2740
1745354881400 21.653543307086615 2750
1745354893895 21.73228346456693 2760
1745354906756 21.811023622047244 2770
1745354919580 21.88976377952756 2780
1745354932393 21.968503937007874 2790
1745354958670 22.0 2794
1745354968581 22.04724409448819 2800
1745354981361 22.125984251968504 2810
1745354994150 22.20472440944882 2820
1745355006539 22.283464566929133 2830
1745355019587 22.362204724409448 2840
1745355032761 22.440944881889763 2850
1745355045565 22.519685039370078 2860
1745355058549 22.598425196850393 2870
1745355071403 22.677165354330707 2880
1745355083779 22.755905511811022 2890
1745355097048 22.834645669291337 2900
1745355109892 22.913385826771652 2910
1745355122703 22.99212598425197 2920
1745355145308 23.0 2921
1745355159104 23.070866141732285 2930
1745355172011 23.1496062992126 2940
1745355184320 23.228346456692915 2950
1745355197300 23.30708661417323 2960
1745355210340 23.385826771653544 2970
1745355223388 23.46456692913386 2980
1745355236240 23.543307086614174 2990
1745355249053 23.62204724409449 3000
1745355261356 23.700787401574804 3010
1745355274208 23.77952755905512 3020
1745355287253 23.858267716535433 3030
1745355300387 23.937007874015748 3040
1745355332437 24.0 3048
1745355336958 24.015748031496063 3050
1745355349875 24.094488188976378 3060
1745355362779 24.173228346456693 3070
1745355375826 24.251968503937007 3080
1745355388753 24.330708661417322 3090
1745355401660 24.409448818897637 3100
1745355414085 24.488188976377952 3110
1745355426961 24.566929133858267 3120
1745355440134 24.64566929133858 3130
1745355453236 24.724409448818896 3140
1745355466076 24.80314960629921 3150
1745355479035 24.881889763779526 3160
1745355491410 24.96062992125984 3170
1745355519270 25.0 3175
1745355527584 25.03937007874016 3180
1745355540438 25.118110236220474 3190
1745355553563 25.19685039370079 3200
1745355566582 25.275590551181104 3210
1745355578993 25.35433070866142 3220
1745355591993 25.433070866141733 3230
1745355604881 25.511811023622048 3240
1745355617814 25.590551181102363 3250
1745355630638 25.669291338582678 3260
1745355642989 25.748031496062993 3270
1745355655983 25.826771653543307 3280
1745355668980 25.905511811023622 3290
1745355681900 25.984251968503937 3300
1745355705449 26.0 3302
1745355717969 26.062992125984252 3310
1745355730246 26.141732283464567 3320
1745355743106 26.22047244094488 3330
1745355755907 26.299212598425196 3340
1745355768707 26.37795275590551 3350
1745355781673 26.456692913385826 3360
1745355794492 26.53543307086614 3370
1745355806893 26.614173228346456 3380
1745355819924 26.69291338582677 3390
1745355833077 26.771653543307085 3400
1745355846299 26.8503937007874 3410
1745355859274 26.929133858267715 3420
1745355891986 27.0 3429
1745355895305 27.007874015748033 3430
1745355908340 27.086614173228348 3440
1745355921544 27.165354330708663 3450
1745355934990 27.244094488188978 3460
1745355947381 27.322834645669293 3470
1745355960275 27.401574803149607 3480
1745355973092 27.480314960629922 3490
1745355985932 27.559055118110237 3500
1745355998734 27.637795275590552 3510
1745356011635 27.716535433070867 3520
1745356024023 27.79527559055118 3530
1745356036889 27.874015748031496 3540
1745356049699 27.95275590551181 3550
1745356078659 28.0 3556
1745356086104 28.031496062992126 3560
1745356098550 28.11023622047244 3570
1745356111433 28.188976377952756 3580
1745356124256 28.26771653543307 3590
1745356137108 28.346456692913385 3600
1745356150108 28.4251968503937 3610
1745356163223 28.503937007874015 3620
1745356175549 28.58267716535433 3630
1745356188416 28.661417322834644 3640
1745356201302 28.74015748031496 3650
1745356214364 28.818897637795274 3660
1745356227201 28.89763779527559 3670
1745356239664 28.976377952755904 3680
1745356265287 29.0 3683
1745356276913 29.055118110236222 3690
1745356289704 29.133858267716537 3700
1745356302624 29.212598425196852 3710
1745356315523 29.291338582677167 3720
1745356327944 29.37007874015748 3730
1745356340769 29.448818897637796 3740
1745356353670 29.52755905511811 3750
1745356366773 29.606299212598426 3760
1745356379976 29.68503937007874 3770
1745356392816 29.763779527559056 3780
1745356405129 29.84251968503937 3790
1745356418017 29.921259842519685 3800
1745356430594 30.0 3810
1745356452636 30.0 3810
1745356454414 30.0 3810
1745356454973 30.0 0
1745356477688 30.0 3810
