1745350852295 11.404756546020508 10
1745350865344 15.745781898498535 20
1745350878782 16.122041702270508 30
1745350892071 13.602692604064941 40
1745350905303 13.717641830444336 50
1745350918325 13.439278602600098 60
1745350931155 12.000287055969238 70
1745350944176 11.420733451843262 80
1745350957977 10.884903907775879 90
1745350971460 10.09994125366211 100
1745350984262 9.279144287109375 110
1745350996597 12.216263771057129 120
1745351032831 10.245552062988281 130
1745351045184 12.356671333312988 140
1745351059124 9.67699909210205 150
1745351072650 9.23740291595459 160
1745351085627 8.711702346801758 170
1745351098501 13.333354949951172 180
1745351110890 10.143294334411621 190
1745351123819 11.538459777832031 200
1745351138049 9.935603141784668 210
1745351150920 7.5874714851379395 220
1745351163877 8.884622573852539 230
1745351176802 6.608888626098633 240
1745351189222 10.026396751403809 250
1745351226361 7.932118892669678 260
1745351238825 11.656941413879395 270
1745351252055 8.626497268676758 280
1745351265716 5.1301703453063965 290
1745351278691 9.702277183532715 300
1745351291479 9.420148849487305 310
1745351304323 10.883420944213867 320
1745351317636 7.847283840179443 330
1745351330567 10.070531845092773 340
1745351344309 9.871908187866211 350
1745351357088 8.368973731994629 360
1745351369901 5.6180739402771 370
1745351382203 8.478014945983887 380
1745351420931 6.163138389587402 390
1745351433283 6.163361072540283 400
1745351447286 6.022416114807129 410
1745351460014 9.227834701538086 420
1745351472826 5.674735069274902 430
1745351485563 5.661937713623047 440
1745351498491 6.958863735198975 450
1745351510816 6.86484432220459 460
1745351524848 8.784294128417969 470
1745351539025 7.018617153167725 480
1745351551816 7.303449630737305 490
1745351564544 8.801494598388672 500
1745351601403 6.29690408706665 510
1745351614336 8.126849174499512 520
1745351627166 4.608390808105469 530
1745351640060 7.707864761352539 540
1745351652972 7.174110412597656 550
1745351665761 6.596080780029297 560
1745351678629 7.095948696136475 570
1745351690973 5.85883903503418 580
1745351703912 5.011314392089844 590
1745351716808 6.302646636962891 600
1745351729693 6.854564189910889 610
1745351742753 6.420610427856445 620
1745351755174 6.491800308227539 630
1745351791979 6.529621124267578 640
1745351804879 6.432012557983398 650
1745351817282 5.858286380767822 660
1745351830214 6.587900161743164 670
1745351843084 11.27629566192627 680
1745351856089 5.287492275238037 690
1745351868972 5.643094062805176 700
1745351881818 7.868138790130615 710
1745351894227 8.498043060302734 720
1745351907192 9.188158988952637 730
1745351919966 4.707050323486328 740
1745351932872 6.774416446685791 750
1745351945968 18.377403259277344 760
1745351982001 5.138815402984619 770
1745351994355 6.055385589599609 780
1745352007247 3.991445779800415 790
1745352020165 7.8422064781188965 800
1745352033138 6.781612396240234 810
1745352046242 5.569021224975586 820
1745352058525 5.081106185913086 830
1745352071624 4.541542053222656 840
1745352084646 6.858676910400391 850
1745352097619 7.185431003570557 860
1745352110552 5.548299312591553 870
1745352123695 8.465950012207031 880
1745352159693 5.919537544250488 890
1745352172902 4.822673320770264 900
1745352185775 5.219667434692383 910
1745352198665 4.833169937133789 920
1745352211063 5.955380916595459 930
1745352223976 5.824917316436768 940
1745352236752 6.273026466369629 950
1745352249558 6.019045829772949 960
1745352262485 7.169319152832031 970
1745352275318 4.039561748504639 980
1745352287635 5.3178324699401855 990
1745352300550 4.245417594909668 1000
1745352313548 6.046237945556641 1010
1745352349964 6.324369430541992 1020
1745352362324 7.455752372741699 1030
1745352375203 6.5908637046813965 1040
1745352388411 4.3064961433410645 1050
1745352401578 7.319221496582031 1060
1745352414509 4.331122398376465 1070
1745352427588 4.892359733581543 1080
1745352439982 4.713940143585205 1090
1745352453321 9.184934616088867 1100
1745352466430 5.188660621643066 1110
1745352479588 5.128742694854736 1120
1745352492736 5.2572431564331055 1130
1745352505134 4.930413246154785 1140
1745352542006 3.6450843811035156 1150
1745352554369 5.610656261444092 1160
1745352567251 4.436517238616943 1170
1745352580365 3.504941940307617 1180
1745352593219 5.859400272369385 1190
1745352606146 4.911333084106445 1200
1745352619324 4.267444610595703 1210
1745352631848 6.209348201751709 1220
1745352644783 4.741568565368652 1230
1745352657653 4.218405723571777 1240
1745352670640 5.21233606338501 1250
1745352683726 5.390766143798828 1260
1745352695756 3.5574634075164795 1270
1745352733543 5.182147979736328 1280
1745352746075 5.4661173820495605 1290
1745352759808 3.669948101043701 1300
1745352773024 7.889986991882324 1310
1745352785928 4.831089496612549 1320
1745352798854 5.796884536743164 1330
1745352811237 5.521940231323242 1340
1745352824159 5.532329082489014 1350
1745352837104 4.694072246551514 1360
1745352850113 5.107577323913574 1370
1745352863043 4.939344882965088 1380
1745352875971 5.265627384185791 1390
1745352912019 7.993319511413574 1400
1745352924796 4.181797027587891 1410
1745352938037 4.797510147094727 1420
1745352951104 5.522425174713135 1430
1745352963509 5.820408344268799 1440
1745352976632 4.6334099769592285 1450
1745352989541 4.538551330566406 1460
1745353002590 4.118875980377197 1470
1745353015588 4.026684761047363 1480
1745353027953 4.521305561065674 1490
1745353040807 3.647669553756714 1500
1745353053792 3.5122079849243164 1510
1745353066708 5.919919490814209 1520
1745353103109 6.00465726852417 1530
1745353116085 4.771384239196777 1540
1745353129084 4.591505527496338 1550
1745353141862 4.707645416259766 1560
1745353154817 3.9578235149383545 1570
1745353167127 5.096172332763672 1580
1745353179949 4.155627727508545 1590
1745353193239 7.503754138946533 1600
1745353206165 4.211953163146973 1610
1745353219062 3.5705535411834717 1620
1745353231899 5.994243621826172 1630
1745353244245 4.958171844482422 1640
1745353257067 4.059216499328613 1650
1745353293395 2.9468510150909424 1660
1745353306262 4.177371978759766 1670
1745353318673 4.014124870300293 1680
1745353331597 5.1912713050842285 1690
1745353344558 5.675210475921631 1700
1745353357439 4.823878288269043 1710
1745353370303 4.589320182800293 1720
1745353383192 5.4054694175720215 1730
1745353395685 3.233076810836792 1740
1745353408502 4.097352027893066 1750
1745353421388 3.0448923110961914 1760
1745353434288 4.44561767578125 1770
1745353470724 4.825570583343506 1780
1745353483593 5.533174514770508 1790
1745353496658 4.382326602935791 1800
1745353509081 4.136438369750977 1810
1745353522073 3.842294692993164 1820
1745353535217 5.34896183013916 1830
1745353548510 6.661527156829834 1840
1745353561615 4.858366012573242 1850
1745353574082 5.007654190063477 1860
1745353587028 4.630306720733643 1870
1745353600141 3.7773277759552 1880
1745353612985 5.662928581237793 1890
1745353625834 4.360434055328369 1900
1745353662290 3.5692267417907715 1910
1745353675433 5.328400135040283 1920
1745353688341 4.250507354736328 1930
1745353701275 4.491555213928223 1940
1745353714288 3.2506046295166016 1950
1745353727344 4.226306438446045 1960
1745353740463 4.038325786590576 1970
1745353752860 4.020310878753662 1980
1745353765856 5.9542765617370605 1990
1745353778861 3.2511985301971436 2000
1745353791743 4.0737738609313965 2010
1745353804696 7.953176498413086 2020
1745353817123 3.7859740257263184 2030
1745353854259 3.8018321990966797 2040
1745353867080 4.695403575897217 2050
1745353879940 4.320446968078613 2060
1745353892227 3.3602044582366943 2070
1745353905078 3.5305464267730713 2080
1745353918055 4.512945652008057 2090
1745353930873 6.640664577484131 2100
1745353943764 4.005858421325684 2110
1745353956606 3.2753660678863525 2120
1745353969025 5.04003381729126 2130
1745353982148 6.124200820922852 2140
1745353995037 6.410739421844482 2150
1745354031503 3.0947678089141846 2160
1745354043923 4.059192180633545 2170
1745354056829 3.052975654602051 2180
1745354069611 2.2241227626800537 2190
1745354082652 2.935577392578125 2200
1745354095497 5.1173624992370605 2210
1745354108382 2.925323963165283 2220
1745354120722 3.442627191543579 2230
1745354133604 3.9922075271606445 2240
1745354146506 5.108475208282471 2250
1745354159472 4.899376392364502 2260
1745354172266 4.256349086761475 2270
1745354185067 2.7053792476654053 2280
1745354220648 2.9351999759674072 2290
1745354233425 2.8560595512390137 2300
1745354246425 2.877372980117798 2310
1745354259298 3.9524478912353516 2320
1745354272329 3.8331308364868164 2330
1745354285549 3.0654120445251465 2340
1745354297994 3.4784436225891113 2350
1745354310827 3.039032459259033 2360
1745354323685 3.8650832176208496 2370
1745354336632 3.6031572818756104 2380
1745354349500 4.630985736846924 2390
1745354362512 4.1343159675598145 2400
1745354374848 3.664785146713257 2410
1745354410881 3.035240888595581 2420
1745354423748 4.571836471557617 2430
1745354436546 4.840063095092773 2440
1745354449264 3.1702373027801514 2450
1745354462420 3.8677637577056885 2460
1745354474827 2.5073752403259277 2470
1745354487755 3.9248931407928467 2480
1745354500646 3.180478811264038 2490
1745354513601 5.305534362792969 2500
1745354526631 3.2558183670043945 2510
1745354539970 3.1382298469543457 2520
1745354552391 4.917907238006592 2530
1745354564768 5.421327590942383 2540
1745354601842 3.760450601577759 2550
1745354614816 4.460037708282471 2560
1745354627711 3.672536611557007 2570
1745354640727 5.0993571281433105 2580
1745354653497 3.7358973026275635 2590
1745354665781 3.6603074073791504 2600
1745354678583 5.114990234375 2610
1745354691482 4.829687118530273 2620
1745354704321 2.645904541015625 2630
1745354717122 3.3497259616851807 2640
1745354729902 3.2608718872070312 2650
1745354742205 4.779012203216553 2660
1745354778972 4.369490623474121 2670
1745354791790 3.14516544342041 2680
1745354804600 3.2159743309020996 2690
1745354816876 3.305844306945801 2700
1745354829752 3.7503981590270996 2710
1745354842648 4.112553596496582 2720
1745354855470 4.249324798583984 2730
1745354868333 4.852694034576416 2740
1745354881400 2.840360164642334 2750
1745354893895 2.6407852172851562 2760
1745354906756 4.633177280426025 2770
1745354919580 3.1640076637268066 2780
1745354932393 4.949923515319824 2790
1745354968581 3.477674961090088 2800
1745354981361 3.0564451217651367 2810
1745354994150 4.046730041503906 2820
1745355006539 2.683635950088501 2830
1745355019587 3.3169126510620117 2840
1745355032761 3.0051138401031494 2850
1745355045565 5.6584649085998535 2860
1745355058549 2.3750672340393066 2870
1745355071403 3.875645875930786 2880
1745355083779 3.4505856037139893 2890
1745355097048 3.4005072116851807 2900
1745355109892 2.6594691276550293 2910
1745355122703 6.584401607513428 2920
1745355159104 4.059338092803955 2930
1745355172011 3.6748929023742676 2940
1745355184320 4.050844192504883 2950
1745355197300 3.6616151332855225 2960
1745355210340 3.0226168632507324 2970
1745355223388 3.0412662029266357 2980
1745355236240 4.069133281707764 2990
1745355249053 3.494234323501587 3000
1745355261356 2.3140666484832764 3010
1745355274208 3.5905518531799316 3020
1745355287253 4.274929046630859 3030
1745355300387 4.220683574676514 3040
1745355336958 4.707513332366943 3050
1745355349875 2.904742479324341 3060
1745355362779 3.4068524837493896 3070
1745355375826 3.636658191680908 3080
1745355388753 3.1451990604400635 3090
1745355401660 3.168276786804199 3100
1745355414085 2.8341779708862305 3110
1745355426961 2.3541078567504883 3120
1745355440134 3.6213629245758057 3130
1745355453236 2.250807762145996 3140
1745355466076 3.942718267440796 3150
1745355479035 3.2105846405029297 3160
1745355491410 2.4310638904571533 3170
1745355527584 3.099820852279663 3180
1745355540438 2.686155080795288 3190
1745355553563 4.010604381561279 3200
1745355566582 3.799602746963501 3210
1745355578993 3.0763745307922363 3220
1745355591993 3.4158806800842285 3230
1745355604881 4.056249618530273 3240
1745355617814 4.192190647125244 3250
1745355630638 2.7090492248535156 3260
1745355642989 3.5388336181640625 3270
1745355655983 2.6934993267059326 3280
1745355668980 4.525259971618652 3290
1745355681900 3.340717077255249 3300
1745355717969 2.4668684005737305 3310
1745355730246 2.9914135932922363 3320
1745355743106 3.0657284259796143 3330
1745355755907 2.9886996746063232 3340
1745355768707 3.2557148933410645 3350
1745355781673 4.03069543838501 3360
1745355794492 1.64920973777771 3370
1745355806893 3.2040820121765137 3380
1745355819924 5.843584060668945 3390
1745355833077 3.6638219356536865 3400
1745355846299 3.286576509475708 3410
1745355859274 2.2812135219573975 3420
1745355895305 2.1384124755859375 3430
1745355908340 4.282567977905273 3440
1745355921544 2.299711227416992 3450
1745355934990 2.4411652088165283 3460
1745355947381 2.9287006855010986 3470
1745355960275 3.103821277618408 3480
1745355973092 2.9159419536590576 3490
1745355985932 3.078427314758301 3500
1745355998734 3.3363277912139893 3510
1745356011635 2.8641445636749268 3520
1745356024023 4.718549728393555 3530
1745356036889 2.793964147567749 3540
1745356049699 2.4221584796905518 3550
1745356086104 4.002125263214111 3560
1745356098550 3.8179943561553955 3570
1745356111433 4.166101455688477 3580
1745356124256 3.2975215911865234 3590
1745356137108 3.3032093048095703 3600
1745356150108 4.290277481079102 3610
1745356163223 2.4419567584991455 3620
1745356175549 3.1924774646759033 3630
1745356188416 2.5920889377593994 3640
1745356201302 1.8650641441345215 3650
1745356214364 2.9888391494750977 3660
1745356227201 3.4204344749450684 3670
1745356239664 4.165838241577148 3680
1745356276913 1.4969706535339355 3690
1745356289704 4.017998218536377 3700
1745356302624 1.2410979270935059 3710
1745356315523 3.5175697803497314 3720
1745356327944 1.920864224433899 3730
1745356340769 2.1003434658050537 3740
1745356353670 3.2151832580566406 3750
1745356366773 2.102006196975708 3760
1745356379976 2.965911865234375 3770
1745356392816 2.59525990486145 3780
1745356405129 3.2708585262298584 3790
1745356418017 2.676936149597168 3800
1745356430594 4.053250789642334 3810
