1745350852295 2.3622047244094487e-06 10
1745350865344 4.9868766404199475e-06 20
1745350878782 7.611548556430446e-06 30
1745350892071 1.0236220472440946e-05 40
1745350905303 1.2860892388451445e-05 50
1745350918325 1.5485564304461945e-05 60
1745350931155 1.8110236220472444e-05 70
1745350944176 2.0734908136482943e-05 80
1745350957977 2.335958005249344e-05 90
1745350971460 2.5984251968503937e-05 100
1745350984262 2.860892388451444e-05 110
1745350996597 3.1233595800524935e-05 120
1745351032831 3.385826771653544e-05 130
1745351045184 3.648293963254593e-05 140
1745351059124 3.9107611548556434e-05 150
1745351072650 4.173228346456693e-05 160
1745351085627 4.435695538057743e-05 170
1745351098501 4.698162729658793e-05 180
1745351110890 4.960629921259843e-05 190
1745351123819 5.223097112860893e-05 200
1745351138049 5.485564304461942e-05 210
1745351150920 5.748031496062992e-05 220
1745351163877 6.0104986876640425e-05 230
1745351176802 6.272965879265093e-05 240
1745351189222 6.535433070866141e-05 250
1745351226361 6.797900262467192e-05 260
1745351238825 7.060367454068241e-05 270
1745351252055 7.322834645669292e-05 280
1745351265716 7.58530183727034e-05 290
1745351278691 7.847769028871391e-05 300
1745351291479 8.110236220472441e-05 310
1745351304323 8.372703412073492e-05 320
1745351317636 8.63517060367454e-05 330
1745351330567 8.897637795275591e-05 340
1745351344309 9.16010498687664e-05 350
1745351357088 9.422572178477691e-05 360
1745351369901 9.68503937007874e-05 370
1745351382203 9.94750656167979e-05 380
1745351420931 9.999865697896888e-05 390
1745351433283 9.999320107968219e-05 400
1745351447286 9.998354882093378e-05 410
1745351460014 9.996970101292072e-05 420
1745351472826 9.99516588180087e-05 430
1745351485563 9.992942375063434e-05 440
1745351498491 9.990299767717817e-05 450
1745351510816 9.987238281580786e-05 460
1745351524848 9.98375817362921e-05 470
1745351539025 9.979859735978487e-05 480
1745351551816 9.975543295858035e-05 490
1745351564544 9.970809215583799e-05 500
1745351601403 9.965657892527868e-05 510
1745351614336 9.960089759085105e-05 520
1745351627166 9.954105282636852e-05 530
1745351640060 9.947704965511701e-05 540
1745351652972 9.940889344943329e-05 550
1745351665761 9.93365899302541e-05 560
1745351678629 9.926014516663581e-05 570
1745351690973 9.91795655752451e-05 580
1745351703912 9.909485791982029e-05 590
1745351716808 9.900602931060367e-05 600
1745351729693 9.89130872037446e-05 610
1745351742753 9.881603940067368e-05 620
1745351755174 9.871489404744796e-05 630
1745351791979 9.860965963406707e-05 640
1745351804879 9.850034499376069e-05 650
1745351817282 9.8386959302247e-05 660
1745351830214 9.826951207696258e-05 670
1745351843084 9.814801317626343e-05 680
1745351856089 9.802247279859756e-05 690
1745351868972 9.78929014816489e-05 700
1745351881818 9.775931010145279e-05 710
1745351894227 9.762170987148305e-05 720
1745351907192 9.74801123417108e-05 730
1745351919966 9.733452939763487e-05 740
1745351932872 9.718497325928424e-05 750
1745351945968 9.70314564801922e-05 760
1745351982001 9.687399194634277e-05 770
1745351994355 9.671259287508894e-05 780
1745352007247 9.654727281404327e-05 790
1745352020165 9.637804563994079e-05 800
1745352033138 9.620492555747406e-05 810
1745352046242 9.602792709810097e-05 820
1745352058525 9.584706511882497e-05 830
1745352071624 9.566235480094793e-05 840
1745352084646 9.54738116487959e-05 850
1745352097619 9.528145148841771e-05 860
1745352110552 9.508529046625648e-05 870
1745352123695 9.488534504779441e-05 880
1745352159693 9.468163201617062e-05 890
1745352172902 9.44741684707724e-05 900
1745352185775 9.426297182579993e-05 910
1745352198665 9.404805980880457e-05 920
1745352211063 9.382945045920084e-05 930
1745352223976 9.360716212675214e-05 940
1745352236752 9.338121347003054e-05 950
1745352249558 9.315162345485072e-05 960
1745352262485 9.291841135267778e-05 970
1745352275318 9.268159673900983e-05 980
1745352287635 9.24411994917347e-05 990
1745352300550 9.219723978946153e-05 1000
1745352313548 9.194973810982692e-05 1010
1745352349964 9.169871522777612e-05 1020
1745352362324 9.144419221381919e-05 1030
1745352375203 9.118619043226238e-05 1040
1745352388411 9.092473153941483e-05 1050
1745352401578 9.065983748177074e-05 1060
1745352414509 9.039153049416728e-05 1070
1745352427588 9.011983309791819e-05 1080
1745352439982 8.984476809892338e-05 1090
1745352453321 8.95663585857546e-05 1100
1745352466430 8.928462792771747e-05 1110
1745352479588 8.899959977288987e-05 1120
1745352492736 8.871129804613696e-05 1130
1745352505134 8.841974694710296e-05 1140
1745352542006 8.81249709481798e-05 1150
1745352554369 8.78269947924531e-05 1160
1745352567251 8.75258434916251e-05 1170
1745352580365 8.722154232391528e-05 1180
1745352593219 8.691411683193862e-05 1190
1745352606146 8.660359282056144e-05 1200
1745352619324 8.628999635473546e-05 1210
1745352631848 8.597335375730997e-05 1220
1745352644783 8.565369160682226e-05 1230
1745352657653 8.533103673526672e-05 1240
1745352670640 8.500541622584253e-05 1250
1745352683726 8.467685741068036e-05 1260
1745352695756 8.43453878685482e-05 1270
1745352733543 8.401103542253638e-05 1280
1745352746075 8.367382813772217e-05 1290
1745352759808 8.333379431881397e-05 1300
1745352773024 8.299096250777557e-05 1310
1745352785928 8.264536148143023e-05 1320
1745352798854 8.229702024904535e-05 1330
1745352811237 8.194596804989738e-05 1340
1745352824159 8.159223435081751e-05 1350
1745352837104 8.123584884371829e-05 1360
1745352850113 8.087684144310136e-05 1370
1745352863043 8.051524228354641e-05 1380
1745352875971 8.015108171718177e-05 1390
1745352912019 7.978439031113668e-05 1400
1745352924796 7.941519884497548e-05 1410
1745352938037 7.904353830811417e-05 1420
1745352951104 7.8669439897219e-05 1430
1745352963509 7.829293501358797e-05 1440
1745352976632 7.791405526051509e-05 1450
1745352989541 7.753283244063758e-05 1460
1745353002590 7.714929855326638e-05 1470
1745353015588 7.676348579170021e-05 1480
1745353027953 7.637542654052335e-05 1490
1745353040807 7.598515337288722e-05 1500
1745353053792 7.559269904777639e-05 1510
1745353066708 7.519809650725861e-05 1520
1745353103109 7.480137887371994e-05 1530
1745353116085 7.440257944708435e-05 1540
1745353129084 7.40017317020186e-05 1550
1745353141862 7.359886928512248e-05 1560
1745353154817 7.319402601210448e-05 1570
1745353167127 7.278723586494339e-05 1580
1745353179949 7.237853298903591e-05 1590
1745353193239 7.196795169033054e-05 1600
1745353206165 7.155552643244793e-05 1610
1745353219062 7.114129183378808e-05 1620
1745353231899 7.072528266462457e-05 1630
1745353244245 7.03075338441859e-05 1640
1745353257067 6.988808043772452e-05 1650
1745353293395 6.94669576535734e-05 1660
1745353306262 6.904420084019076e-05 1670
1745353318673 6.8619845483193e-05 1680
1745353331597 6.819392720237593e-05 1690
1745353344558 6.77664817487251e-05 1700
1745353357439 6.733754500141478e-05 1710
1745353370303 6.690715296479632e-05 1720
1745353383192 6.647534176537608e-05 1730
1745353395685 6.604214764878293e-05 1740
1745353408502 6.560760697672584e-05 1750
1745353421388 6.517175622394183e-05 1760
1745353434288 6.473463197513422e-05 1770
1745353470724 6.429627092190185e-05 1780
1745353483593 6.385670985965915e-05 1790
1745353496658 6.341598568454766e-05 1800
1745353509081 6.297413539033894e-05 1810
1745353522073 6.25311960653295e-05 1820
1745353535217 6.208720488922751e-05 1830
1745353548510 6.164219913003207e-05 1840
1745353561615 6.119621614090498e-05 1850
1745353574082 6.074929335703532e-05 1860
1745353587028 6.030146829249725e-05 1870
1745353600141 5.9852778537101116e-05 1880
1745353612985 5.940326175323819e-05 1890
1745353625834 5.895295567271939e-05 1900
1745353662290 5.850189809360804e-05 1910
1745353675433 5.805012687704726e-05 1920
1745353688341 5.759767994408187e-05 1930
1745353701275 5.7144595272475376e-05 1940
1745353714288 5.6690910893522185e-05 1950
1745353727344 5.623666488885532e-05 1960
1745353740463 5.578189538724986e-05 1970
1745353752860 5.532664056142247e-05 1980
1745353765856 5.487093862482729e-05 1990
1745353778861 5.441482782844831e-05 2000
1745353791743 5.395834645758859e-05 2010
1745353804696 5.350153282865674e-05 2020
1745353817123 5.304442528595064e-05 2030
1745353854259 5.258706219843889e-05 2040
1745353867080 5.2129481956540136e-05 2050
1745353879940 5.167172296890068e-05 2060
1745353892227 5.12138236591705e-05 2070
1745353905078 5.075582246277799e-05 2080
1745353918055 5.029775782370377e-05 2090
1745353930873 4.9839668191253794e-05 2100
1745353943764 4.938159201683186e-05 2110
1745353956606 4.892356775071216e-05 2120
1745353969025 4.8465633838811784e-05 2130
1745353982148 4.8007828719463566e-05 2140
1745353995037 4.755019082018971e-05 2150
1745354031503 4.709275855447621e-05 2160
1745354043923 4.663557031854844e-05 2170
1745354056829 4.617866448814826e-05 2180
1745354069611 4.5722079415312834e-05 2190
1745354082652 4.526585342515533e-05 2200
1745354095497 4.4810024812648063e-05 2210
1745354108382 4.435463183940799e-05 2220
1745354120722 4.3899712730485146e-05 2230
1745354133604 4.344530567115406e-05 2240
1745354146506 4.299144880370849e-05 2250
1745354159472 4.2538180224259885e-05 2260
1745354172266 4.208553797953967e-05 2270
1745354185067 4.163356006370549e-05 2280
1745354220648 4.118228441515226e-05 2290
1745354233425 4.073174891332751e-05 2300
1745354246425 4.0281991375551905e-05 2310
1745354259298 3.983304955384488e-05 2320
1745354272329 3.93849611317558e-05 2330
1745354285549 3.8937763721200874e-05 2340
1745354297994 3.8491494859306074e-05 2350
1745354310827 3.804619200525621e-05 2360
1745354323685 3.760189253715082e-05 2370
1745354336632 3.715863374886661e-05 2380
1745354349500 3.671645284692704e-05 2390
1745354362512 3.6275386947379365e-05 2400
1745354374848 3.583547307267904e-05 2410
1745354410881 3.539674814858216e-05 2420
1745354423748 3.4959249001045994e-05 2430
1745354436546 3.452301235313786e-05 2440
1745354449264 3.408807482195255e-05 2450
1745354462420 3.365447291553889e-05 2460
1745354474827 3.322224302983517e-05 2470
1745354487755 3.279142144561421e-05 2480
1745354500646 3.236204432543799e-05 2490
1745354513601 3.193414771062211e-05 2500
1745354526631 3.1507767518210725e-05 2510
1745354539970 3.1082939537961555e-05 2520
1745354552391 3.065969942934179e-05 2530
1745354564768 3.023808271853492e-05 2540
1745354601842 2.9818124795458714e-05 2550
1745354614816 2.939986091079453e-05 2560
1745354627711 2.8983326173028603e-05 2570
1745354640727 2.8568555545504932e-05 2580
1745354653497 2.8155583843490573e-05 2590
1745354665781 2.7744445731253367e-05 2600
1745354678583 2.733517571915204e-05 2610
1745354691482 2.6927808160739743e-05 2620
1745354704321 2.6522377249880248e-05 2630
1745354717122 2.611891701787783e-05 2640
1745354729902 2.5717461330620818e-05 2650
1745354742205 2.5318043885738753e-05 2660
1745354778972 2.4920698209774013e-05 2670
1745354791790 2.452545765536755e-05 2680
1745354804600 2.4132355398459443e-05 2690
1745354816876 2.3741424435503923e-05 2700
1745354829752 2.3352697580699967e-05 2710
1745354842648 2.2966207463236738e-05 2720
1745354855470 2.258198652455477e-05 2730
1745354868333 2.220006701562298e-05 2740
1745354881400 2.1820480994231374e-05 2750
1745354893895 2.1443260322300372e-05 2760
1745354906756 2.106843666320622e-05 2770
1745354919580 2.0696041479123236e-05 2780
1745354932393 2.0326106028382995e-05 2790
1745354968581 1.9958661362850452e-05 2800
1745354981361 1.9593738325317527e-05 2810
1745354994150 1.9231367546914232e-05 2820
1745355006539 1.887157944453749e-05 2830
1745355019587 1.8514404218298003e-05 2840
1745355032761 1.815987184898535e-05 2850
1745355045565 1.7808012095551336e-05 2860
1745355058549 1.745885449261212e-05 2870
1745355071403 1.71124283479692e-05 2880
1745355083779 1.6768762740149157e-05 2890
1745355097048 1.6427886515963087e-05 2900
1745355109892 1.6089828288085053e-05 2910
1745355122703 1.5754616432650444e-05 2920
1745355159104 1.542227908687418e-05 2930
1745355172011 1.5092844146688757e-05 2940
1745355184320 1.4766339264402901e-05 2950
1745355197300 1.4442791846380316e-05 2960
1745355210340 1.4122229050739294e-05 2970
1745355223388 1.3804677785073084e-05 2980
1745355236240 1.3490164704191366e-05 2990
1745355249053 1.3178716207882775e-05 3000
1745355261356 1.2870358438699004e-05 3010
1745355274208 1.2565117279760497e-05 3020
1745355287253 1.2263018352583667e-05 3030
1745355300387 1.1964087014930503e-05 3040
1745355336958 1.1668348358679887e-05 3050
1745355349875 1.1375827207721479e-05 3060
1745355362779 1.108654811587211e-05 3070
1745355375826 1.080053536481458e-05 3080
1745355388753 1.0517812962059726e-05 3090
1745355401660 1.0238404638931077e-05 3100
1745355414085 9.962333848572958e-06 3110
1745355426961 9.689623763981847e-06 3120
1745355440134 9.42029727606133e-06 3130
1745355453236 9.154376991700541e-06 3140
1745355466076 8.891885231876673e-06 3150
1745355479035 8.6328440297814e-06 3160
1745355491410 8.377275128971319e-06 3170
1745355527584 8.125199981542986e-06 3180
1745355540438 7.876639746332131e-06 3190
1745355553563 7.631615287137684e-06 3200
1745355566582 7.390147170970457e-06 3210
1745355578993 7.152255666326807e-06 3220
1745355591993 6.917960741487334e-06 3230
1745355604881 6.6872820628407216e-06 3240
1745355617814 6.4602389932330254e-06 3250
1745355630638 6.236850590342319e-06 3260
1745355642989 6.017135605079122e-06 3270
1745355655983 5.801112480012344e-06 3280
1745355668980 5.588799347821349e-06 3290
1745355681900 5.380214029773856e-06 3300
1745355717969 5.17537403423008e-06 3310
1745355730246 4.97429655517313e-06 3320
1745355743106 4.776998470765664e-06 3330
1745355755907 4.583496341933302e-06 3340
1745355768707 4.393806410974433e-06 3350
1745355781673 4.2079446001968555e-06 3360
1745355794492 4.025926510581357e-06 3370
1745355806893 3.847767420472104e-06 3380
1745355819924 3.673482284294244e-06 3390
1745355833077 3.5030857312986333e-06 3400
1745355846299 3.336592064333921e-06 3410
1745355859274 3.1740152586459127e-06 3420
1745355895305 3.0153689607045845e-06 3430
1745355908340 2.8606664870585555e-06 3440
1745355921544 2.70992082321736e-06 3450
1745355934990 2.563144622561453e-06 3460
1745355947381 2.420350205280053e-06 3470
1745355960275 2.281549557337098e-06 3480
1745355973092 2.1467543294650725e-06 3490
1745355985932 2.015975836187106e-06 3500
1745355998734 1.8892250548672386e-06 3510
1745356011635 1.7665126247889851e-06 3520
1745356024023 1.6478488462623177e-06 3530
1745356036889 1.5332436797590334e-06 3540
1745356049699 1.4227067450767128e-06 3550
1745356086104 1.3162473205312442e-06 3560
1745356098550 1.2138743421780063e-06 3570
1745356111433 1.1155964030617916e-06 3580
1745356124256 1.0214217524955272e-06 3590
1745356137108 9.31358295367829e-07 3600
1745356150108 8.454135914794659e-07 3610
1745356163223 7.635948549088334e-07 3620
1745356175549 6.859089534063779e-07 3630
1745356188416 6.123624078181511e-07 3640
1745356201302 5.429613915384546e-07 3650
1745356214364 4.777117299916478e-07 3660
1745356227201 4.16618900143162e-07 3670
1745356239664 3.596880300398009e-07 3680
1745356276913 3.0692389837926885e-07 3690
1745356289704 2.583309341090745e-07 3700
1745356302624 2.1391321605475635e-07 3710
1745356315523 1.736744725775119e-07 3720
1745356327944 1.3761808126126486e-07 3730
1745356340769 1.0574706862913619e-07 3740
1745356353670 7.806410988940305e-08 3750
1745356366773 5.457152871094495e-08 3760
1745356379976 3.5271297028216524e-08 3770
1745356392816 2.0165034875696542e-08 3780
1745356405129 9.254010251935618e-09 3790
1745356418017 2.5391390130968806e-09 3800
1745356430594 2.0984796089695835e-11 3810
