1745350852295 2.8083 10
1745350865344 2.6406 20
1745350878782 2.4624 30
1745350892071 2.3244 40
1745350905303 2.1209 50
1745350918325 1.9966 60
1745350931155 1.8339 70
1745350944176 1.7849 80
1745350957977 1.6046 90
1745350971460 1.5116 100
1745350984262 1.4396 110
1745350996597 1.4951 120
1745351032831 1.3837 130
1745351045184 1.3727 140
1745351059124 1.2725 150
1745351072650 1.2685 160
1745351085627 1.2283 170
1745351098501 1.2777 180
1745351110890 1.2307 190
1745351123819 1.2599 200
1745351138049 1.1883 210
1745351150920 1.2354 220
1745351163877 1.2091 230
1745351176802 1.2461 240
1745351189222 1.2159 250
1745351226361 1.2192 260
1745351238825 1.1283 270
1745351252055 1.1655 280
1745351265716 1.2182 290
1745351278691 1.1656 300
1745351291479 1.1807 310
1745351304323 1.2208 320
1745351317636 1.209 330
1745351330567 1.1966 340
1745351344309 1.2156 350
1745351357088 1.1614 360
1745351369901 1.1367 370
1745351382203 1.1968 380
1745351420931 1.1218 390
1745351433283 1.1505 400
1745351447286 1.1874 410
1745351460014 1.1682 420
1745351472826 1.1576 430
1745351485563 1.1785 440
1745351498491 1.152 450
1745351510816 1.1865 460
1745351524848 1.1561 470
1745351539025 1.183 480
1745351551816 1.1343 490
1745351564544 1.1133 500
1745351601403 1.2034 510
1745351614336 1.1319 520
1745351627166 1.1512 530
1745351640060 1.1059 540
1745351652972 1.1084 550
1745351665761 1.1349 560
1745351678629 1.1234 570
1745351690973 1.1055 580
1745351703912 1.0844 590
1745351716808 1.0906 600
1745351729693 1.1593 610
1745351742753 1.189 620
1745351755174 1.1227 630
1745351791979 1.0589 640
1745351804879 1.0743 650
1745351817282 1.0214 660
1745351830214 1.0275 670
1745351843084 1.0885 680
1745351856089 1.0917 690
1745351868972 1.036 700
1745351881818 1.1381 710
1745351894227 1.0885 720
1745351907192 1.1142 730
1745351919966 1.0867 740
1745351932872 1.069 750
1745351945968 1.1249 760
1745351982001 1.0795 770
1745351994355 1.0337 780
1745352007247 1.0139 790
1745352020165 1.0478 800
1745352033138 1.0724 810
1745352046242 1.0816 820
1745352058525 1.084 830
1745352071624 1.0176 840
1745352084646 1.0654 850
1745352097619 1.0329 860
1745352110552 1.0539 870
1745352123695 1.039 880
1745352159693 1.022 890
1745352172902 1.0116 900
1745352185775 1.0142 910
1745352198665 1.0094 920
1745352211063 1.0142 930
1745352223976 1.0701 940
1745352236752 0.9957 950
1745352249558 0.9848 960
1745352262485 1.0482 970
1745352275318 1.0438 980
1745352287635 1.0085 990
1745352300550 1.007 1000
1745352313548 1.0584 1010
1745352349964 1.039 1020
1745352362324 1.0193 1030
1745352375203 1.0029 1040
1745352388411 1.0391 1050
1745352401578 0.9988 1060
1745352414509 0.9914 1070
1745352427588 0.9925 1080
1745352439982 0.9729 1090
1745352453321 1.004 1100
1745352466430 1.0412 1110
1745352479588 0.9992 1120
1745352492736 1.0036 1130
1745352505134 0.9985 1140
1745352542006 0.9773 1150
1745352554369 1.01 1160
1745352567251 1.0059 1170
1745352580365 0.9826 1180
1745352593219 0.9669 1190
1745352606146 1.0006 1200
1745352619324 0.9761 1210
1745352631848 0.9773 1220
1745352644783 0.9237 1230
1745352657653 0.9772 1240
1745352670640 0.9518 1250
1745352683726 0.9774 1260
1745352695756 0.9795 1270
1745352733543 0.9496 1280
1745352746075 0.9529 1290
1745352759808 0.9292 1300
1745352773024 0.974 1310
1745352785928 0.9018 1320
1745352798854 0.9274 1330
1745352811237 0.9118 1340
1745352824159 0.9347 1350
1745352837104 0.9379 1360
1745352850113 0.939 1370
1745352863043 1.0169 1380
1745352875971 0.924 1390
1745352912019 0.9147 1400
1745352924796 0.9523 1410
1745352938037 0.8599 1420
1745352951104 0.9302 1430
1745352963509 0.9989 1440
1745352976632 0.9256 1450
1745352989541 0.9387 1460
1745353002590 0.964 1470
1745353015588 0.9256 1480
1745353027953 0.9239 1490
1745353040807 0.9237 1500
1745353053792 0.9984 1510
1745353066708 0.8784 1520
1745353103109 0.9074 1530
1745353116085 0.9704 1540
1745353129084 0.8641 1550
1745353141862 0.9313 1560
1745353154817 0.8835 1570
1745353167127 0.9764 1580
1745353179949 0.9207 1590
1745353193239 0.9125 1600
1745353206165 0.8856 1610
1745353219062 0.9028 1620
1745353231899 0.9202 1630
1745353244245 0.965 1640
1745353257067 0.8992 1650
1745353293395 0.8977 1660
1745353306262 0.8755 1670
1745353318673 0.8455 1680
1745353331597 0.8719 1690
1745353344558 0.9275 1700
1745353357439 0.8757 1710
1745353370303 0.8973 1720
1745353383192 0.9045 1730
1745353395685 0.9074 1740
1745353408502 0.9314 1750
1745353421388 0.911 1760
1745353434288 0.8872 1770
1745353470724 0.8695 1780
1745353483593 0.8588 1790
1745353496658 0.8861 1800
1745353509081 0.8934 1810
1745353522073 0.8984 1820
1745353535217 0.8392 1830
1745353548510 0.8748 1840
1745353561615 0.8566 1850
1745353574082 0.9157 1860
1745353587028 0.9015 1870
1745353600141 0.9057 1880
1745353612985 0.8503 1890
1745353625834 0.8426 1900
1745353662290 0.8858 1910
1745353675433 0.8754 1920
1745353688341 0.869 1930
1745353701275 0.8669 1940
1745353714288 0.8225 1950
1745353727344 0.8685 1960
1745353740463 0.8536 1970
1745353752860 0.8337 1980
1745353765856 0.8561 1990
1745353778861 0.8856 2000
1745353791743 0.8694 2010
1745353804696 0.904 2020
1745353817123 0.8405 2030
1745353854259 0.8335 2040
1745353867080 0.8477 2050
1745353879940 0.8117 2060
1745353892227 0.8788 2070
1745353905078 0.8204 2080
1745353918055 0.8605 2090
1745353930873 0.8519 2100
1745353943764 0.8801 2110
1745353956606 0.8473 2120
1745353969025 0.8494 2130
1745353982148 0.8529 2140
1745353995037 0.8377 2150
1745354031503 0.8425 2160
1745354043923 0.8075 2170
1745354056829 0.817 2180
1745354069611 0.8022 2190
1745354082652 0.841 2200
1745354095497 0.8295 2210
1745354108382 0.8438 2220
1745354120722 0.8623 2230
1745354133604 0.8726 2240
1745354146506 0.8014 2250
1745354159472 0.858 2260
1745354172266 0.8674 2270
1745354185067 0.815 2280
1745354220648 0.8241 2290
1745354233425 0.7997 2300
1745354246425 0.7945 2310
1745354259298 0.8331 2320
1745354272329 0.7783 2330
1745354285549 0.8336 2340
1745354297994 0.7833 2350
1745354310827 0.8115 2360
1745354323685 0.8001 2370
1745354336632 0.7847 2380
1745354349500 0.8039 2390
1745354362512 0.7911 2400
1745354374848 0.8431 2410
1745354410881 0.8225 2420
1745354423748 0.7701 2430
1745354436546 0.7779 2440
1745354449264 0.7845 2450
1745354462420 0.8052 2460
1745354474827 0.7977 2470
1745354487755 0.7955 2480
1745354500646 0.8329 2490
1745354513601 0.738 2500
1745354526631 0.7822 2510
1745354539970 0.8288 2520
1745354552391 0.7661 2530
1745354564768 0.8272 2540
1745354601842 0.7853 2550
1745354614816 0.7829 2560
1745354627711 0.8075 2570
1745354640727 0.8064 2580
1745354653497 0.7867 2590
1745354665781 0.8 2600
1745354678583 0.7926 2610
1745354691482 0.7671 2620
1745354704321 0.7835 2630
1745354717122 0.7899 2640
1745354729902 0.7818 2650
1745354742205 0.7748 2660
1745354778972 0.7791 2670
1745354791790 0.7494 2680
1745354804600 0.7628 2690
1745354816876 0.7645 2700
1745354829752 0.7753 2710
1745354842648 0.7716 2720
1745354855470 0.7387 2730
1745354868333 0.759 2740
1745354881400 0.7623 2750
1745354893895 0.7469 2760
1745354906756 0.777 2770
1745354919580 0.741 2780
1745354932393 0.7995 2790
1745354968581 0.7857 2800
1745354981361 0.7543 2810
1745354994150 0.7653 2820
1745355006539 0.7634 2830
1745355019587 0.7689 2840
1745355032761 0.7611 2850
1745355045565 0.7458 2860
1745355058549 0.7247 2870
1745355071403 0.7746 2880
1745355083779 0.7572 2890
1745355097048 0.7807 2900
1745355109892 0.7666 2910
1745355122703 0.7698 2920
1745355159104 0.774 2930
1745355172011 0.752 2940
1745355184320 0.775 2950
1745355197300 0.7507 2960
1745355210340 0.7607 2970
1745355223388 0.7509 2980
1745355236240 0.7727 2990
1745355249053 0.7043 3000
1745355261356 0.7289 3010
1745355274208 0.759 3020
1745355287253 0.7884 3030
1745355300387 0.7752 3040
1745355336958 0.7513 3050
1745355349875 0.7426 3060
1745355362779 0.7439 3070
1745355375826 0.7542 3080
1745355388753 0.8059 3090
1745355401660 0.7476 3100
1745355414085 0.7054 3110
1745355426961 0.7731 3120
1745355440134 0.7871 3130
1745355453236 0.7243 3140
1745355466076 0.755 3150
1745355479035 0.7284 3160
1745355491410 0.7422 3170
1745355527584 0.7643 3180
1745355540438 0.7258 3190
1745355553563 0.7273 3200
1745355566582 0.7498 3210
1745355578993 0.7344 3220
1745355591993 0.7635 3230
1745355604881 0.7211 3240
1745355617814 0.7208 3250
1745355630638 0.7035 3260
1745355642989 0.7748 3270
1745355655983 0.723 3280
1745355668980 0.7787 3290
1745355681900 0.7057 3300
1745355717969 0.7612 3310
1745355730246 0.7394 3320
1745355743106 0.7035 3330
1745355755907 0.7353 3340
1745355768707 0.7618 3350
1745355781673 0.7523 3360
1745355794492 0.7566 3370
1745355806893 0.7109 3380
1745355819924 0.7249 3390
1745355833077 0.7841 3400
1745355846299 0.7501 3410
1745355859274 0.7746 3420
1745355895305 0.7048 3430
1745355908340 0.7635 3440
1745355921544 0.7165 3450
1745355934990 0.7672 3460
1745355947381 0.7174 3470
1745355960275 0.7119 3480
1745355973092 0.7261 3490
1745355985932 0.722 3500
1745355998734 0.7377 3510
1745356011635 0.7345 3520
1745356024023 0.7413 3530
1745356036889 0.7274 3540
1745356049699 0.6806 3550
1745356086104 0.735 3560
1745356098550 0.7252 3570
1745356111433 0.732 3580
1745356124256 0.7239 3590
1745356137108 0.7256 3600
1745356150108 0.7267 3610
1745356163223 0.7185 3620
1745356175549 0.7163 3630
1745356188416 0.7618 3640
1745356201302 0.7012 3650
1745356214364 0.7336 3660
1745356227201 0.7578 3670
1745356239664 0.7515 3680
1745356276913 0.7117 3690
1745356289704 0.7577 3700
1745356302624 0.7299 3710
1745356315523 0.7055 3720
1745356327944 0.7243 3730
1745356340769 0.6951 3740
1745356353670 0.7378 3750
1745356366773 0.7372 3760
1745356379976 0.7491 3770
1745356392816 0.6983 3780
1745356405129 0.707 3790
1745356418017 0.7375 3800
1745356430594 0.7166 3810
