1744791195709 0.05181347150259067 10
1744791208720 0.10362694300518134 20
1744791222053 0.15544041450777202 30
1744791235425 0.20725388601036268 40
1744791248349 0.25906735751295334 50
1744791261544 0.31088082901554404 60
1744791275334 0.3626943005181347 70
1744791288810 0.41450777202072536 80
1744791301931 0.46632124352331605 90
1744791314875 0.5181347150259067 100
1744791328468 0.5699481865284974 110
1744791341889 0.6217616580310881 120
1744791355686 0.6735751295336787 130
1744791369144 0.7253886010362695 140
1744791382420 0.7772020725388601 150
1744791395759 0.8290155440414507 160
1744791408839 0.8808290155440415 170
1744791422316 0.9326424870466321 180
1744791435363 0.9844559585492227 190
1744791462514 1.0 193
1744791471547 1.0362694300518134 200
1744791482036 1.0880829015544042 210
1744791492326 1.1398963730569949 220
1744791502481 1.1917098445595855 230
1744791512784 1.2435233160621761 240
1744791522962 1.2953367875647668 250
1744791533092 1.3471502590673574 260
1744791543511 1.3989637305699483 270
1744791553559 1.450777202072539 280
1744791564039 1.5025906735751295 290
1744791574258 1.5544041450777202 300
1744791584593 1.6062176165803108 310
1744791595122 1.6580310880829017 320
1744791605229 1.709844559585492 330
1744791615643 1.761658031088083 340
1744791625979 1.8134715025906736 350
1744791636395 1.8652849740932642 360
1744791646684 1.917098445595855 370
1744791656727 1.9689119170984455 380
1744791685232 2.0 386
1744791691109 2.0207253886010363 390
1744791701262 2.0725388601036268 400
1744791711789 2.1243523316062176 410
1744791722001 2.1761658031088085 420
1744791732280 2.227979274611399 430
1744791742831 2.2797927461139897 440
1744791753036 2.33160621761658 450
1744791763183 2.383419689119171 460
1744791773540 2.4352331606217614 470
1744791783726 2.4870466321243523 480
1744791794462 2.538860103626943 490
1744791804739 2.5906735751295336 500
1744791814867 2.6424870466321244 510
1744791825069 2.694300518134715 520
1744791835171 2.7461139896373057 530
1744791845634 2.7979274611398965 540
1744791855809 2.849740932642487 550
1744791865988 2.901554404145078 560
1744791876497 2.9533678756476682 570
1744791907692 3.0 579
1744791910701 3.005181347150259 580
1744791920801 3.05699481865285 590
1744791931077 3.1088082901554404 600
1744791941094 3.160621761658031 610
1744791951149 3.2124352331606216 620
1744791961176 3.2642487046632125 630
1744791971383 3.3160621761658033 640
1744791981754 3.3678756476683938 650
1744791991983 3.4196891191709846 660
1744792002245 3.471502590673575 670
1744792012438 3.523316062176166 680
1744792022602 3.5751295336787567 690
1744792033012 3.626943005181347 700
1744792043169 3.6787564766839376 710
1744792053309 3.7305699481865284 720
1744792063361 3.7823834196891193 730
1744792073493 3.8341968911917097 740
1744792083528 3.8860103626943006 750
1744792093641 3.937823834196891 760
1744792103834 3.989637305699482 770
1744792128097 4.0 772
1744792138385 4.041450777202073 780
1744792148536 4.0932642487046635 790
1744792158841 4.1450777202072535 800
1744792168941 4.196891191709844 810
1744792179211 4.248704663212435 820
1744792189461 4.300518134715026 830
1744792199507 4.352331606217617 840
1744792209990 4.404145077720207 850
1744792220034 4.455958549222798 860
1744792230309 4.507772020725389 870
1744792240395 4.5595854922279795 880
1744792250542 4.61139896373057 890
1744792260643 4.66321243523316 900
1744792270694 4.715025906735751 910
1744792280982 4.766839378238342 920
1744792291029 4.818652849740933 930
1744792301232 4.870466321243523 940
1744792311604 4.922279792746114 950
1744792321710 4.974093264248705 960
1744792349449 5.0 965
1744792356494 5.025906735751295 970
1744792366750 5.077720207253886 980
1744792376848 5.129533678756476 990
1744792387297 5.181347150259067 1000
1744792397568 5.233160621761658 1010
1744792407745 5.284974093264249 1020
1744792417805 5.33678756476684 1030
1744792427861 5.38860103626943 1040
1744792438029 5.4404145077720205 1050
1744792448194 5.492227979274611 1060
1744792458427 5.544041450777202 1070
1744792468767 5.595854922279793 1080
1744792478938 5.647668393782383 1090
1744792489212 5.699481865284974 1100
1744792499348 5.751295336787565 1110
1744792509659 5.803108808290156 1120
1744792519683 5.8549222797927465 1130
1744792529872 5.9067357512953365 1140
1744792540045 5.958549222797927 1150
1744792570348 6.0 1158
1744792574598 6.010362694300518 1160
1744792585091 6.062176165803109 1170
1744792595626 6.1139896373057 1180
1744792605968 6.16580310880829 1190
1744792616445 6.217616580310881 1200
1744792626653 6.269430051813472 1210
1744792637122 6.321243523316062 1220
1744792647417 6.373056994818652 1230
1744792657588 6.424870466321243 1240
1744792667835 6.476683937823834 1250
1744792677980 6.528497409326425 1260
1744792688279 6.580310880829016 1270
1744792698652 6.632124352331607 1280
1744792709030 6.683937823834197 1290
1744792719181 6.7357512953367875 1300
1744792729320 6.787564766839378 1310
1744792739509 6.839378238341969 1320
1744792749723 6.891191709844559 1330
1744792759877 6.94300518134715 1340
1744792770019 6.994818652849741 1350
1744792793512 7.0 1351
1744792805064 7.046632124352332 1360
1744792815822 7.098445595854923 1370
1744792826061 7.150259067357513 1380
1744792836115 7.2020725388601035 1390
1744792846624 7.253886010362694 1400
1744792856865 7.305699481865285 1410
1744792867031 7.357512953367876 1420
1744792877247 7.409326424870466 1430
1744792887288 7.461139896373057 1440
1744792897480 7.512953367875648 1450
1744792907629 7.564766839378239 1460
1744792917689 7.616580310880829 1470
1744792927918 7.668393782383419 1480
1744792937985 7.72020725388601 1490
1744792948673 7.772020725388601 1500
1744792958744 7.823834196891192 1510
1744792969664 7.875647668393782 1520
1744792979766 7.927461139896373 1530
1744792989920 7.979274611398964 1540
1744793016421 8.0 1544
1744793025111 8.031088082901555 1550
1744793035416 8.082901554404145 1560
1744793045461 8.134715025906736 1570
1744793055653 8.186528497409327 1580
1744793065771 8.238341968911918 1590
1744793076055 8.290155440414507 1600
1744793086462 8.341968911917098 1610
1744793096730 8.393782383419689 1620
1744793106989 8.44559585492228 1630
1744793117021 8.49740932642487 1640
1744793127572 8.549222797927461 1650
1744793138327 8.601036269430052 1660
1744793148441 8.652849740932643 1670
1744793158924 8.704663212435234 1680
1744793169056 8.756476683937823 1690
1744793179197 8.808290155440414 1700
1744793189232 8.860103626943005 1710
1744793199359 8.911917098445596 1720
1744793209484 8.963730569948186 1730
1744793239270 9.0 1737
1744793244301 9.015544041450777 1740
1744793254526 9.067357512953368 1750
1744793264650 9.119170984455959 1760
1744793274694 9.17098445595855 1770
1744793284916 9.22279792746114 1780
1744793295147 9.27461139896373 1790
1744793305491 9.32642487046632 1800
1744793316053 9.378238341968911 1810
1744793326097 9.430051813471502 1820
1744793336263 9.481865284974093 1830
1744793346371 9.533678756476684 1840
1744793356815 9.585492227979275 1850
1744793366871 9.637305699481866 1860
1744793377040 9.689119170984457 1870
1744793387194 9.740932642487046 1880
1744793397489 9.792746113989637 1890
1744793407817 9.844559585492227 1900
1744793418077 9.896373056994818 1910
1744793428274 9.94818652849741 1920
1744793437928 10.0 1930
1744793460917 10.0 1930
1744793473199 10.05181347150259 1940
1744793483402 10.103626943005182 1950
1744793493827 10.155440414507773 1960
1744793504024 10.207253886010363 1970
1744793514166 10.259067357512953 1980
1744793524494 10.310880829015543 1990
1744793534787 10.362694300518134 2000
1744793544945 10.414507772020725 2010
1744793554978 10.466321243523316 2020
1744793565124 10.518134715025907 2030
1744793575384 10.569948186528498 2040
1744793585929 10.621761658031089 2050
1744793596019 10.67357512953368 2060
1744793606564 10.72538860103627 2070
1744793616794 10.77720207253886 2080
1744793626911 10.82901554404145 2090
1744793637121 10.880829015544041 2100
1744793647228 10.932642487046632 2110
1744793657519 10.984455958549223 2120
1744793683017 11.0 2123
1744793692362 11.036269430051814 2130
1744793702967 11.088082901554404 2140
1744793713017 11.139896373056995 2150
1744793723403 11.191709844559586 2160
1744793733828 11.243523316062177 2170
1744793743988 11.295336787564766 2180
1744793754159 11.347150259067357 2190
1744793764448 11.398963730569948 2200
1744793774641 11.450777202072539 2210
1744793784733 11.50259067357513 2220
1744793794875 11.55440414507772 2230
1744793805184 11.606217616580311 2240
1744793815555 11.658031088082902 2250
1744793825723 11.709844559585493 2260
1744793836041 11.761658031088082 2270
1744793846462 11.813471502590673 2280
1744793856511 11.865284974093264 2290
1744793866648 11.917098445595855 2300
1744793876720 11.968911917098445 2310
1744793905054 12.0 2316
1744793911074 12.020725388601036 2320
1744793921297 12.072538860103627 2330
1744793931895 12.124352331606218 2340
1744793942140 12.176165803108809 2350
1744793952390 12.2279792746114 2360
1744793962460 12.279792746113989 2370
1744793972766 12.33160621761658 2380
1744793982940 12.38341968911917 2390
1744793993146 12.435233160621761 2400
1744794003794 12.487046632124352 2410
1744794013935 12.538860103626943 2420
1744794024329 12.590673575129534 2430
1744794034444 12.642487046632125 2440
1744794044863 12.694300518134716 2450
1744794055097 12.746113989637305 2460
1744794065142 12.797927461139896 2470
1744794075420 12.849740932642487 2480
1744794085500 12.901554404145077 2490
1744794095671 12.953367875647668 2500
1744794127180 13.0 2509
1744794130373 13.005181347150259 2510
1744794140762 13.05699481865285 2520
1744794150880 13.10880829015544 2530
1744794161045 13.160621761658032 2540
1744794171407 13.212435233160623 2550
1744794181900 13.264248704663212 2560
1744794192209 13.316062176165802 2570
1744794202457 13.367875647668393 2580
1744794212583 13.419689119170984 2590
1744794222603 13.471502590673575 2600
1744794232742 13.523316062176166 2610
1744794242873 13.575129533678757 2620
1744794253007 13.626943005181348 2630
1744794263077 13.678756476683938 2640
1744794273244 13.73056994818653 2650
1744794283586 13.782383419689118 2660
1744794293685 13.83419689119171 2670
1744794303850 13.8860103626943 2680
1744794313929 13.937823834196891 2690
1744794324064 13.989637305699482 2700
1744794348494 14.0 2702
1744794359475 14.041450777202073 2710
1744794369824 14.093264248704664 2720
1744794379925 14.145077720207254 2730
1744794390275 14.196891191709845 2740
1744794400661 14.248704663212436 2750
1744794411153 14.300518134715025 2760
1744794421491 14.352331606217616 2770
1744794431937 14.404145077720207 2780
1744794442105 14.455958549222798 2790
1744794452345 14.507772020725389 2800
1744794462696 14.55958549222798 2810
1744794472792 14.61139896373057 2820
1744794483040 14.663212435233161 2830
1744794493070 14.715025906735752 2840
1744794503338 14.766839378238341 2850
1744794513567 14.818652849740932 2860
1744794523745 14.870466321243523 2870
1744794534077 14.922279792746114 2880
1744794544190 14.974093264248705 2890
1744794571847 15.0 2895
1744794578913 15.025906735751295 2900
1744794589059 15.077720207253886 2910
1744794599205 15.129533678756477 2920
1744794609328 15.181347150259068 2930
1744794619512 15.233160621761659 2940
1744794629569 15.284974093264248 2950
1744794639708 15.336787564766839 2960
1744794649766 15.38860103626943 2970
1744794659943 15.44041450777202 2980
1744794670393 15.492227979274611 2990
1744794680690 15.544041450777202 3000
1744794691098 15.595854922279793 3010
1744794701467 15.647668393782384 3020
1744794711829 15.699481865284975 3030
1744794722567 15.751295336787564 3040
1744794732598 15.803108808290155 3050
1744794742886 15.854922279792746 3060
1744794752924 15.906735751295336 3070
1744794763075 15.958549222797927 3080
1744794793344 16.0 3088
1744794797453 16.010362694300518 3090
1744794807506 16.06217616580311 3100
1744794817655 16.1139896373057 3110
1744794827942 16.16580310880829 3120
1744794838091 16.21761658031088 3130
1744794848261 16.269430051813472 3140
1744794858300 16.321243523316063 3150
1744794868471 16.373056994818654 3160
1744794878609 16.424870466321245 3170
1744794888712 16.476683937823836 3180
1744794898853 16.528497409326423 3190
1744794909290 16.580310880829014 3200
1744794919680 16.632124352331605 3210
1744794929874 16.683937823834196 3220
1744794940072 16.735751295336787 3230
1744794950260 16.787564766839377 3240
1744794960437 16.83937823834197 3250
1744794970927 16.89119170984456 3260
1744794980993 16.94300518134715 3270
1744794991037 16.99481865284974 3280
1744795014517 17.0 3281
1744795025774 17.04663212435233 3290
1744795036081 17.098445595854923 3300
1744795046229 17.150259067357513 3310
1744795056437 17.202072538860104 3320
1744795066457 17.253886010362695 3330
1744795076597 17.305699481865286 3340
1744795086808 17.357512953367877 3350
1744795096879 17.409326424870468 3360
1744795107032 17.46113989637306 3370
1744795117333 17.512953367875646 3380
1744795127818 17.564766839378237 3390
1744795138198 17.616580310880828 3400
1744795148464 17.66839378238342 3410
1744795158706 17.72020725388601 3420
1744795168814 17.7720207253886 3430
1744795178930 17.82383419689119 3440
1744795188978 17.875647668393782 3450
1744795199102 17.927461139896373 3460
1744795209201 17.979274611398964 3470
1744795235237 18.0 3474
1744795243297 18.031088082901555 3480
1744795253580 18.082901554404145 3490
1744795263906 18.134715025906736 3500
1744795273933 18.186528497409327 3510
1744795284081 18.238341968911918 3520
1744795294294 18.29015544041451 3530
1744795304588 18.3419689119171 3540
1744795315148 18.39378238341969 3550
1744795325261 18.44559585492228 3560
1744795335563 18.497409326424872 3570
1744795345729 18.54922279792746 3580
1744795356083 18.60103626943005 3590
1744795366267 18.65284974093264 3600
1744795376752 18.704663212435232 3610
1744795387075 18.756476683937823 3620
1744795397296 18.808290155440414 3630
1744795407659 18.860103626943005 3640
1744795417749 18.911917098445596 3650
1744795428091 18.963730569948186 3660
1744795457742 19.0 3667
1744795463222 19.015544041450777 3670
1744795473447 19.067357512953368 3680
1744795483840 19.11917098445596 3690
1744795494249 19.17098445595855 3700
1744795504508 19.22279792746114 3710
1744795514765 19.27461139896373 3720
1744795524887 19.326424870466322 3730
1744795535417 19.378238341968913 3740
1744795545813 19.430051813471504 3750
1744795555964 19.481865284974095 3760
1744795566213 19.533678756476682 3770
1744795576301 19.585492227979273 3780
1744795587085 19.637305699481864 3790
1744795597170 19.689119170984455 3800
1744795607761 19.740932642487046 3810
1744795618018 19.792746113989637 3820
1744795628073 19.844559585492227 3830
1744795638225 19.89637305699482 3840
1744795648291 19.94818652849741 3850
1744795657784 20.0 3860
1744795680605 20.0 3860
1744795692875 20.05181347150259 3870
1744795703656 20.10362694300518 3880
1744795713842 20.155440414507773 3890
1744795724032 20.207253886010363 3900
1744795734228 20.259067357512954 3910
1744795744518 20.310880829015545 3920
1744795754719 20.362694300518136 3930
1744795765049 20.414507772020727 3940
1744795775406 20.466321243523318 3950
1744795785530 20.518134715025905 3960
1744795795671 20.569948186528496 3970
1744795805715 20.621761658031087 3980
1744795816178 20.673575129533678 3990
1744795826208 20.72538860103627 4000
1744795836461 20.77720207253886 4010
1744795846744 20.82901554404145 4020
1744795857370 20.88082901554404 4030
1744795868058 20.932642487046632 4040
1744795878416 20.984455958549223 4050
1744795903891 21.0 4053
1744795913147 21.036269430051814 4060
1744795923879 21.088082901554404 4070
1744795934437 21.139896373056995 4080
1744795944521 21.191709844559586 4090
1744795954749 21.243523316062177 4100
1744795964790 21.295336787564768 4110
1744795975035 21.34715025906736 4120
1744795985315 21.39896373056995 4130
1744795995371 21.45077720207254 4140
1744796005656 21.502590673575128 4150
1744796015750 21.55440414507772 4160
1744796025911 21.60621761658031 4170
1744796035970 21.6580310880829 4180
1744796046165 21.70984455958549 4190
1744796056219 21.761658031088082 4200
1744796066530 21.813471502590673 4210
1744796076761 21.865284974093264 4220
1744796086783 21.917098445595855 4230
1744796097185 21.968911917098445 4240
1744796125591 22.0 4246
1744796131910 22.020725388601036 4250
1744796142093 22.072538860103627 4260
1744796152293 22.124352331606218 4270
1744796162409 22.17616580310881 4280
1744796172458 22.2279792746114 4290
1744796182734 22.27979274611399 4300
1744796192925 22.33160621761658 4310
1744796203257 22.383419689119172 4320
1744796213980 22.435233160621763 4330
1744796224397 22.487046632124354 4340
1744796234652 22.53886010362694 4350
1744796244966 22.590673575129532 4360
1744796255184 22.642487046632123 4370
1744796265506 22.694300518134714 4380
1744796276273 22.746113989637305 4390
1744796286702 22.797927461139896 4400
1744796297498 22.849740932642487 4410
1744796307675 22.901554404145077 4420
1744796317847 22.95336787564767 4430
1744796349006 23.0 4439
1744796352043 23.00518134715026 4440
1744796362172 23.05699481865285 4450
1744796372324 23.10880829015544 4460
1744796382662 23.16062176165803 4470
1744796392971 23.212435233160623 4480
1744796403123 23.264248704663213 4490
1744796413501 23.316062176165804 4500
1744796423799 23.367875647668395 4510
1744796433880 23.419689119170986 4520
1744796444086 23.471502590673577 4530
1744796454204 23.523316062176164 4540
1744796464368 23.575129533678755 4550
1744796474585 23.626943005181346 4560
1744796485123 23.678756476683937 4570
1744796495419 23.730569948186528 4580
1744796505561 23.78238341968912 4590
1744796515871 23.83419689119171 4600
1744796525912 23.8860103626943 4610
1744796536153 23.93782383419689 4620
1744796546468 23.989637305699482 4630
1744796570611 24.0 4632
1744796581018 24.041450777202073 4640
1744796591230 24.093264248704664 4650
1744796601510 24.145077720207254 4660
1744796611555 24.196891191709845 4670
1744796621764 24.248704663212436 4680
1744796631823 24.300518134715027 4690
1744796642096 24.352331606217618 4700
1744796652309 24.40414507772021 4710
1744796662432 24.4559585492228 4720
1744796672741 24.50777202072539 4730
1744796682950 24.559585492227978 4740
1744796693084 24.61139896373057 4750
1744796703258 24.66321243523316 4760
1744796713447 24.71502590673575 4770
1744796723654 24.76683937823834 4780
1744796733812 24.818652849740932 4790
1744796744367 24.870466321243523 4800
1744796754718 24.922279792746114 4810
1744796764781 24.974093264248705 4820
1744796792143 25.0 4825
1744796799208 25.025906735751295 4830
1744796809452 25.077720207253886 4840
1744796819625 25.129533678756477 4850
1744796829791 25.181347150259068 4860
1744796839856 25.23316062176166 4870
1744796849942 25.28497409326425 4880
1744796860251 25.33678756476684 4890
1744796870506 25.38860103626943 4900
1744796880689 25.440414507772022 4910
1744796890764 25.49222797927461 4920
1744796900922 25.5440414507772 4930
1744796911024 25.59585492227979 4940
1744796921224 25.647668393782382 4950
1744796931320 25.699481865284973 4960
1744796941865 25.751295336787564 4970
1744796952117 25.803108808290155 4980
1744796962147 25.854922279792746 4990
1744796972298 25.906735751295336 5000
1744796982378 25.958549222797927 5010
1744797012503 26.0 5018
1744797016552 26.010362694300518 5020
1744797027272 26.06217616580311 5030
1744797037634 26.1139896373057 5040
1744797047715 26.16580310880829 5050
1744797057857 26.21761658031088 5060
1744797067945 26.269430051813472 5070
1744797078244 26.321243523316063 5080
1744797088296 26.373056994818654 5090
1744797098610 26.424870466321245 5100
1744797108743 26.476683937823836 5110
1744797118784 26.528497409326423 5120
1744797128929 26.580310880829014 5130
1744797139003 26.632124352331605 5140
1744797149540 26.683937823834196 5150
1744797159905 26.735751295336787 5160
1744797169946 26.787564766839377 5170
1744797180104 26.83937823834197 5180
1744797190155 26.89119170984456 5190
1744797200320 26.94300518134715 5200
1744797210189 26.99481865284974 5210
1744797233726 27.0 5211
1744797244846 27.04663212435233 5220
1744797255006 27.098445595854923 5230
1744797265313 27.150259067357513 5240
1744797275726 27.202072538860104 5250
1744797286322 27.253886010362695 5260
1744797296506 27.305699481865286 5270
1744797306744 27.357512953367877 5280
1744797316859 27.409326424870468 5290
1744797327260 27.46113989637306 5300
1744797338009 27.512953367875646 5310
1744797348563 27.564766839378237 5320
1744797358853 27.616580310880828 5330
1744797369165 27.66839378238342 5340
1744797379507 27.72020725388601 5350
1744797389737 27.7720207253886 5360
1744797400269 27.82383419689119 5370
1744797410414 27.875647668393782 5380
1744797420459 27.927461139896373 5390
1744797430656 27.979274611398964 5400
1744797456805 28.0 5404
1744797464955 28.031088082901555 5410
1744797475218 28.082901554404145 5420
1744797485478 28.134715025906736 5430
1744797495845 28.186528497409327 5440
1744797506127 28.238341968911918 5450
1744797516584 28.29015544041451 5460
1744797526865 28.3419689119171 5470
1744797537038 28.39378238341969 5480
1744797547357 28.44559585492228 5490
1744797557427 28.497409326424872 5500
1744797567597 28.54922279792746 5510
1744797577643 28.60103626943005 5520
1744797587879 28.65284974093264 5530
1744797597920 28.704663212435232 5540
1744797608105 28.756476683937823 5550
1744797618268 28.808290155440414 5560
1744797628315 28.860103626943005 5570
1744797638527 28.911917098445596 5580
1744797648641 28.963730569948186 5590
1744797677985 29.0 5597
1744797683219 29.015544041450777 5600
1744797693480 29.067357512953368 5610
1744797703723 29.11917098445596 5620
1744797713833 29.17098445595855 5630
1744797724092 29.22279792746114 5640
1744797734733 29.27461139896373 5650
1744797745018 29.326424870466322 5660
1744797755885 29.378238341968913 5670
1744797766420 29.430051813471504 5680
1744797776637 29.481865284974095 5690
1744797786742 29.533678756476682 5700
1744797796911 29.585492227979273 5710
1744797807041 29.637305699481864 5720
1744797817350 29.689119170984455 5730
1744797828071 29.740932642487046 5740
1744797838210 29.792746113989637 5750
1744797848384 29.844559585492227 5760
1744797858784 29.89637305699482 5770
1744797869600 29.94818652849741 5780
1744797879387 30.0 5790
1744797902742 30.0 5790
1744797904492 30.0 5790
1744797905039 30.0 0
1744797928277 30.0 5790
