1744791195709 3.3997416496276855 10
1744791208720 3.4577014446258545 20
1744791222053 3.4354403018951416 30
1744791235425 3.4286627769470215 40
1744791248349 3.3259427547454834 50
1744791261544 3.2109451293945312 60
1744791275334 3.398399591445923 70
1744791288810 3.2905116081237793 80
1744791301931 3.259491443634033 90
1744791314875 3.6672229766845703 100
1744791328468 3.318441390991211 110
1744791341889 3.5178029537200928 120
1744791355686 3.7737438678741455 130
1744791369144 4.081898212432861 140
1744791382420 3.795966386795044 150
1744791395759 4.2516703605651855 160
1744791408839 4.36197566986084 170
1744791422316 4.782666206359863 180
1744791435363 4.6812639236450195 190
1744791471547 4.598413944244385 200
1744791482036 4.89127779006958 210
1744791492326 5.110133647918701 220
1744791502481 5.553504943847656 230
1744791512784 4.929121017456055 240
1744791522962 5.1328959465026855 250
1744791533092 4.648412227630615 260
1744791543511 5.261511325836182 270
1744791553559 5.186985015869141 280
1744791564039 4.986654758453369 290
1744791574258 6.027699947357178 300
1744791584593 4.801612854003906 310
1744791595122 5.308058738708496 320
1744791605229 4.949932098388672 330
1744791615643 5.745999813079834 340
1744791625979 5.825666904449463 350
1744791636395 5.680230617523193 360
1744791646684 5.504404067993164 370
1744791656727 5.375487327575684 380
1744791691109 5.666541576385498 390
1744791701262 5.63258695602417 400
1744791711789 5.556236743927002 410
1744791722001 5.707691669464111 420
1744791732280 5.467342376708984 430
1744791742831 5.586503028869629 440
1744791753036 6.2032976150512695 450
1744791763183 5.738161087036133 460
1744791773540 6.209774017333984 470
1744791783726 6.120184421539307 480
1744791794462 5.900062084197998 490
1744791804739 5.910682678222656 500
1744791814867 6.160210132598877 510
1744791825069 5.187390327453613 520
1744791835171 6.122755527496338 530
1744791845634 5.439077377319336 540
1744791855809 5.819372653961182 550
1744791865988 6.247330665588379 560
1744791876497 6.313510417938232 570
1744791910701 6.476031303405762 580
1744791920801 6.025282859802246 590
1744791931077 5.333817005157471 600
1744791941094 5.367846965789795 610
1744791951149 6.012570858001709 620
1744791961176 6.370090484619141 630
1744791971383 5.650546550750732 640
1744791981754 6.074190616607666 650
1744791991983 6.464998722076416 660
1744792002245 6.011813163757324 670
1744792012438 5.874059200286865 680
1744792022602 5.749136924743652 690
1744792033012 5.969566822052002 700
1744792043169 5.736319065093994 710
1744792053309 5.850118160247803 720
1744792063361 6.213076591491699 730
1744792073493 6.211551666259766 740
1744792083528 6.648040294647217 750
1744792093641 6.639689922332764 760
1744792103834 6.029067039489746 770
1744792138385 6.162939548492432 780
1744792148536 5.642402648925781 790
1744792158841 5.5504374504089355 800
1744792168941 5.782651424407959 810
1744792179211 7.467771053314209 820
1744792189461 6.7939653396606445 830
1744792199507 6.079477310180664 840
1744792209990 5.94136381149292 850
1744792220034 6.562040328979492 860
1744792230309 5.805305004119873 870
1744792240395 6.216039657592773 880
1744792250542 6.732367038726807 890
1744792260643 6.937979698181152 900
1744792270694 5.987685680389404 910
1744792280982 5.5959391593933105 920
1744792291029 5.112822532653809 930
1744792301232 7.17019510269165 940
1744792311604 5.993329048156738 950
1744792321710 5.844688415527344 960
1744792356494 7.086320400238037 970
1744792366750 6.005708694458008 980
1744792376848 6.547374248504639 990
1744792387297 5.897733688354492 1000
1744792397568 5.9605255126953125 1010
1744792407745 5.765097141265869 1020
1744792417805 5.641486644744873 1030
1744792427861 5.758965015411377 1040
1744792438029 5.844114303588867 1050
1744792448194 6.431056499481201 1060
1744792458427 6.160240173339844 1070
1744792468767 7.432905197143555 1080
1744792478938 5.765686988830566 1090
1744792489212 6.509011268615723 1100
1744792499348 6.027309417724609 1110
1744792509659 5.907691955566406 1120
1744792519683 6.933311462402344 1130
1744792529872 6.449487209320068 1140
1744792540045 6.1571807861328125 1150
1744792574598 5.730562686920166 1160
1744792585091 6.864321231842041 1170
1744792595626 5.486968040466309 1180
1744792605968 6.16639518737793 1190
1744792616445 6.051316261291504 1200
1744792626653 5.744740009307861 1210
1744792637122 6.403043746948242 1220
1744792647417 5.75682258605957 1230
1744792657588 6.137331008911133 1240
1744792667835 6.276166915893555 1250
1744792677980 6.034902095794678 1260
1744792688279 5.963832378387451 1270
1744792698652 5.796062469482422 1280
1744792709030 6.457962989807129 1290
1744792719181 5.504688262939453 1300
1744792729320 6.840688705444336 1310
1744792739509 6.839786529541016 1320
1744792749723 5.4005022048950195 1330
1744792759877 6.606388092041016 1340
1744792770019 6.2997941970825195 1350
1744792805064 6.278469562530518 1360
1744792815822 4.744543552398682 1370
1744792826061 6.2718071937561035 1380
1744792836115 7.062356948852539 1390
1744792846624 5.50430154800415 1400
1744792856865 6.385785102844238 1410
1744792867031 5.330730438232422 1420
1744792877247 6.803308963775635 1430
1744792887288 5.84832763671875 1440
1744792897480 7.604916572570801 1450
1744792907629 5.176128387451172 1460
1744792917689 5.531368732452393 1470
1744792927918 6.023953437805176 1480
1744792937985 5.794235706329346 1490
1744792948673 7.562205791473389 1500
1744792958744 6.897205829620361 1510
1744792969664 5.488007545471191 1520
1744792979766 6.583096027374268 1530
1744792989920 5.718842029571533 1540
1744793025111 4.958215713500977 1550
1744793035416 5.2547526359558105 1560
1744793045461 4.581174850463867 1570
1744793055653 4.856427192687988 1580
1744793065771 5.450863361358643 1590
1744793076055 6.548585414886475 1600
1744793086462 5.8830180168151855 1610
1744793096730 5.867270469665527 1620
1744793106989 6.19560432434082 1630
1744793117021 6.403158187866211 1640
1744793127572 5.651605606079102 1650
1744793138327 5.553657531738281 1660
1744793148441 5.9382781982421875 1670
1744793158924 6.246500015258789 1680
1744793169056 5.874742031097412 1690
1744793179197 6.390690803527832 1700
1744793189232 5.6769185066223145 1710
1744793199359 6.329802989959717 1720
1744793209484 5.661276817321777 1730
1744793244301 6.652873516082764 1740
1744793254526 5.492483615875244 1750
1744793264650 5.624603748321533 1760
1744793274694 6.276859283447266 1770
1744793284916 7.15915584564209 1780
1744793295147 5.476165294647217 1790
1744793305491 6.1862382888793945 1800
1744793316053 6.4736409187316895 1810
1744793326097 5.912322998046875 1820
1744793336263 5.5957136154174805 1830
1744793346371 5.408957481384277 1840
1744793356815 5.75504732131958 1850
1744793366871 5.597977161407471 1860
1744793377040 5.808864593505859 1870
1744793387194 6.2306084632873535 1880
1744793397489 6.059733867645264 1890
1744793407817 6.116304874420166 1900
1744793418077 5.709209442138672 1910
1744793428274 5.936662673950195 1920
1744793437928 7.506426811218262 1930
1744793473199 6.887055397033691 1940
1744793483402 5.568183898925781 1950
1744793493827 4.845023155212402 1960
1744793504024 6.40936279296875 1970
1744793514166 6.819123268127441 1980
1744793524494 6.2893171310424805 1990
1744793534787 6.214161396026611 2000
1744793544945 6.0035223960876465 2010
1744793554978 6.019941329956055 2020
1744793565124 5.5997114181518555 2030
1744793575384 6.263604164123535 2040
1744793585929 5.238035678863525 2050
1744793596019 5.33181095123291 2060
1744793606564 5.393089771270752 2070
1744793616794 6.492575645446777 2080
1744793626911 6.01951789855957 2090
1744793637121 5.7724289894104 2100
1744793647228 6.102644443511963 2110
1744793657519 5.46543025970459 2120
1744793692362 5.913576602935791 2130
1744793702967 7.273160934448242 2140
1744793713017 6.255704879760742 2150
1744793723403 6.178960800170898 2160
1744793733828 5.563448905944824 2170
1744793743988 6.424602508544922 2180
1744793754159 5.955190658569336 2190
1744793764448 6.333434581756592 2200
1744793774641 6.295121669769287 2210
1744793784733 5.884696006774902 2220
1744793794875 5.9615302085876465 2230
1744793805184 5.948245525360107 2240
1744793815555 6.789367198944092 2250
1744793825723 6.168376922607422 2260
1744793836041 5.655183792114258 2270
1744793846462 5.93974494934082 2280
1744793856511 5.778341770172119 2290
1744793866648 5.635413646697998 2300
1744793876720 6.190872669219971 2310
1744793911074 4.732165813446045 2320
1744793921297 6.879453182220459 2330
1744793931895 6.849756717681885 2340
1744793942140 4.995649814605713 2350
1744793952390 6.168300151824951 2360
1744793962460 5.718416690826416 2370
1744793972766 7.1245503425598145 2380
1744793982940 5.192599773406982 2390
1744793993146 5.8149614334106445 2400
1744794003794 5.864375591278076 2410
1744794013935 5.866055011749268 2420
1744794024329 5.940808296203613 2430
1744794034444 5.819685935974121 2440
1744794044863 6.460803508758545 2450
1744794055097 6.475765705108643 2460
1744794065142 6.070527076721191 2470
1744794075420 6.340561389923096 2480
1744794085500 6.748369216918945 2490
1744794095671 6.3292131423950195 2500
1744794130373 5.887367248535156 2510
1744794140762 6.256363868713379 2520
1744794150880 5.095516681671143 2530
1744794161045 5.728321075439453 2540
1744794171407 6.127178192138672 2550
1744794181900 5.170639514923096 2560
1744794192209 5.917999267578125 2570
1744794202457 7.2975592613220215 2580
1744794212583 3.8662519454956055 2590
1744794222603 7.091046333312988 2600
1744794232742 5.428314208984375 2610
1744794242873 6.876875400543213 2620
1744794253007 5.674177169799805 2630
1744794263077 5.664002895355225 2640
1744794273244 6.229280948638916 2650
1744794283586 6.746068954467773 2660
1744794293685 7.490266799926758 2670
1744794303850 6.452805042266846 2680
1744794313929 6.118297576904297 2690
1744794324064 5.676436424255371 2700
1744794359475 5.695145606994629 2710
1744794369824 5.694799900054932 2720
1744794379925 6.03190279006958 2730
1744794390275 6.018980979919434 2740
1744794400661 5.687839984893799 2750
1744794411153 4.907075881958008 2760
1744794421491 5.639747142791748 2770
1744794431937 5.776253700256348 2780
1744794442105 5.212824821472168 2790
1744794452345 8.720273971557617 2800
1744794462696 6.23353910446167 2810
1744794472792 6.477483749389648 2820
1744794483040 6.151128768920898 2830
1744794493070 5.831669330596924 2840
1744794503338 6.066538333892822 2850
1744794513567 5.493618965148926 2860
1744794523745 5.818454265594482 2870
1744794534077 5.530362606048584 2880
1744794544190 5.968565940856934 2890
1744794578913 5.674706935882568 2900
1744794589059 7.1472344398498535 2910
1744794599205 6.510696887969971 2920
1744794609328 7.025169849395752 2930
1744794619512 4.954848289489746 2940
1744794629569 5.843746185302734 2950
1744794639708 6.227456092834473 2960
1744794649766 6.702516555786133 2970
1744794659943 6.76851749420166 2980
1744794670393 5.992451190948486 2990
1744794680690 6.645880699157715 3000
1744794691098 5.6209917068481445 3010
1744794701467 7.716251373291016 3020
1744794711829 6.0785980224609375 3030
1744794722567 7.071531295776367 3040
1744794732598 5.974967956542969 3050
1744794742886 6.310219764709473 3060
1744794752924 5.64597225189209 3070
1744794763075 6.879421234130859 3080
1744794797453 6.498721599578857 3090
1744794807506 7.491006374359131 3100
1744794817655 5.113543510437012 3110
1744794827942 6.479763031005859 3120
1744794838091 4.9755377769470215 3130
1744794848261 4.740644454956055 3140
1744794858300 6.245943546295166 3150
1744794868471 6.980437755584717 3160
1744794878609 5.335041522979736 3170
1744794888712 5.961256980895996 3180
1744794898853 6.35619592666626 3190
1744794909290 5.82900857925415 3200
1744794919680 5.6606011390686035 3210
1744794929874 5.8620734214782715 3220
1744794940072 5.783629417419434 3230
1744794950260 6.347410202026367 3240
1744794960437 6.506392478942871 3250
1744794970927 5.556296348571777 3260
1744794980993 6.5339579582214355 3270
1744794991037 6.07152795791626 3280
1744795025774 6.5138959884643555 3290
1744795036081 6.048775672912598 3300
1744795046229 5.292594909667969 3310
1744795056437 5.962240219116211 3320
1744795066457 5.7596306800842285 3330
1744795076597 6.933527946472168 3340
1744795086808 5.648310661315918 3350
1744795096879 6.306836128234863 3360
1744795107032 7.118269443511963 3370
1744795117333 5.41471004486084 3380
1744795127818 7.432550430297852 3390
1744795138198 6.451025009155273 3400
1744795148464 6.228641510009766 3410
1744795158706 6.983759880065918 3420
1744795168814 5.764153480529785 3430
1744795178930 5.571325302124023 3440
1744795188978 6.447587966918945 3450
1744795199102 6.367097854614258 3460
1744795209201 7.1522603034973145 3470
1744795243297 5.888976573944092 3480
1744795253580 5.877065658569336 3490
1744795263906 6.8113694190979 3500
1744795273933 6.175732612609863 3510
1744795284081 6.274937152862549 3520
1744795294294 5.871143341064453 3530
1744795304588 6.76686429977417 3540
1744795315148 6.474090576171875 3550
1744795325261 6.567763328552246 3560
1744795335563 7.060103416442871 3570
1744795345729 6.339136123657227 3580
1744795356083 5.473845958709717 3590
1744795366267 6.218360900878906 3600
1744795376752 6.518735408782959 3610
1744795387075 6.120102882385254 3620
1744795397296 5.7693352699279785 3630
1744795407659 6.286418914794922 3640
1744795417749 5.965460300445557 3650
1744795428091 6.217573642730713 3660
1744795463222 5.955159664154053 3670
1744795473447 4.726318836212158 3680
1744795483840 6.406814098358154 3690
1744795494249 6.726436614990234 3700
1744795504508 6.839311599731445 3710
1744795514765 6.4340715408325195 3720
1744795524887 6.245840549468994 3730
1744795535417 4.896581172943115 3740
1744795545813 5.838993072509766 3750
1744795555964 6.171032905578613 3760
1744795566213 6.329309940338135 3770
1744795576301 6.072241306304932 3780
1744795587085 7.285873889923096 3790
1744795597170 6.411752223968506 3800
1744795607761 8.250036239624023 3810
1744795618018 7.202215194702148 3820
1744795628073 7.658707141876221 3830
1744795638225 7.24171781539917 3840
1744795648291 5.563238143920898 3850
1744795657784 9.292989730834961 3860
1744795692875 6.244293212890625 3870
1744795703656 6.492613315582275 3880
1744795713842 5.8035736083984375 3890
1744795724032 5.492895603179932 3900
1744795734228 6.297974586486816 3910
1744795744518 6.252680778503418 3920
1744795754719 6.6770477294921875 3930
1744795765049 6.873784065246582 3940
1744795775406 5.847619533538818 3950
1744795785530 5.990626811981201 3960
1744795795671 6.468435764312744 3970
1744795805715 6.9967217445373535 3980
1744795816178 4.544878959655762 3990
1744795826208 6.389766693115234 4000
1744795836461 6.2090959548950195 4010
1744795846744 6.970391273498535 4020
1744795857370 6.940706729888916 4030
1744795868058 5.5445404052734375 4040
1744795878416 7.3543171882629395 4050
1744795913147 5.9640116691589355 4060
1744795923879 6.350556373596191 4070
1744795934437 6.167818069458008 4080
1744795944521 5.625028610229492 4090
1744795954749 7.305633544921875 4100
1744795964790 6.458775520324707 4110
1744795975035 5.593305587768555 4120
1744795985315 7.181396007537842 4130
1744795995371 8.84964656829834 4140
1744796005656 7.003627777099609 4150
1744796015750 6.001485824584961 4160
1744796025911 5.530027389526367 4170
1744796035970 6.200797080993652 4180
1744796046165 5.599165916442871 4190
1744796056219 7.0654168128967285 4200
1744796066530 5.920779228210449 4210
1744796076761 6.108991622924805 4220
1744796086783 6.830275535583496 4230
1744796097185 6.054095268249512 4240
1744796131910 6.908047676086426 4250
1744796142093 5.961105823516846 4260
1744796152293 6.7982330322265625 4270
1744796162409 6.521334171295166 4280
1744796172458 7.2214531898498535 4290
1744796182734 5.466335773468018 4300
1744796192925 5.6197662353515625 4310
1744796203257 6.707213401794434 4320
1744796213980 7.781172275543213 4330
1744796224397 5.8879523277282715 4340
1744796234652 7.59805154800415 4350
1744796244966 5.211406707763672 4360
1744796255184 6.852875232696533 4370
1744796265506 6.633295059204102 4380
1744796276273 4.653103828430176 4390
1744796286702 6.247748851776123 4400
1744796297498 6.364071846008301 4410
1744796307675 5.6729416847229 4420
1744796317847 6.512478828430176 4430
1744796352043 6.040234565734863 4440
1744796362172 5.95337438583374 4450
1744796372324 6.409663677215576 4460
1744796382662 6.151843070983887 4470
1744796392971 5.737071990966797 4480
1744796403123 6.652490615844727 4490
1744796413501 7.71828556060791 4500
1744796423799 5.512048721313477 4510
1744796433880 6.142848968505859 4520
1744796444086 6.386169910430908 4530
1744796454204 6.475194931030273 4540
1744796464368 6.24273157119751 4550
1744796474585 6.789627552032471 4560
1744796485123 6.566104888916016 4570
1744796495419 6.669973850250244 4580
1744796505561 6.589907646179199 4590
1744796515871 5.47347354888916 4600
1744796525912 8.160057067871094 4610
1744796536153 6.242649555206299 4620
1744796546468 4.920075416564941 4630
1744796581018 6.692716598510742 4640
1744796591230 6.597381114959717 4650
1744796601510 7.125364780426025 4660
1744796611555 6.3365864753723145 4670
1744796621764 5.34275484085083 4680
1744796631823 6.538431167602539 4690
1744796642096 6.931713104248047 4700
1744796652309 5.695599555969238 4710
1744796662432 5.832890033721924 4720
1744796672741 6.304105281829834 4730
1744796682950 8.514691352844238 4740
1744796693084 6.402343273162842 4750
1744796703258 7.223235607147217 4760
1744796713447 5.4361467361450195 4770
1744796723654 5.78363561630249 4780
1744796733812 5.368137836456299 4790
1744796744367 6.950963973999023 4800
1744796754718 6.111099720001221 4810
1744796764781 5.6576008796691895 4820
1744796799208 7.189472675323486 4830
1744796809452 6.466959476470947 4840
1744796819625 5.6907243728637695 4850
1744796829791 6.965527057647705 4860
1744796839856 7.114837169647217 4870
1744796849942 6.058146953582764 4880
1744796860251 7.57180118560791 4890
1744796870506 6.15398645401001 4900
1744796880689 7.346859455108643 4910
1744796890764 5.732274055480957 4920
1744796900922 5.632648944854736 4930
1744796911024 7.033024311065674 4940
1744796921224 7.001444339752197 4950
1744796931320 7.9242048263549805 4960
1744796941865 4.999403953552246 4970
1744796952117 5.419805526733398 4980
1744796962147 6.350667476654053 4990
1744796972298 5.937896251678467 5000
1744796982378 5.547783851623535 5010
1744797016552 6.225357532501221 5020
1744797027272 6.099598407745361 5030
1744797037634 7.60277795791626 5040
1744797047715 5.869717121124268 5050
1744797057857 7.574556350708008 5060
1744797067945 6.617805004119873 5070
1744797078244 5.964695453643799 5080
1744797088296 7.0899200439453125 5090
1744797098610 7.366888523101807 5100
1744797108743 5.576905727386475 5110
1744797118784 6.80031681060791 5120
1744797128929 5.495935440063477 5130
1744797139003 7.005892276763916 5140
1744797149540 6.881443500518799 5150
1744797159905 6.400237083435059 5160
1744797169946 6.307562351226807 5170
1744797180104 5.448465824127197 5180
1744797190155 5.506073474884033 5190
1744797200320 6.23480749130249 5200
1744797210189 6.125006675720215 5210
1744797244846 6.583522319793701 5220
1744797255006 7.841928482055664 5230
1744797265313 6.017673015594482 5240
1744797275726 6.577174663543701 5250
1744797286322 7.299320220947266 5260
1744797296506 7.651190757751465 5270
1744797306744 6.7523112297058105 5280
1744797316859 5.889083385467529 5290
1744797327260 5.555964946746826 5300
1744797338009 6.600472450256348 5310
1744797348563 6.790193557739258 5320
1744797358853 6.6100754737854 5330
1744797369165 6.434238433837891 5340
1744797379507 6.256729602813721 5350
1744797389737 6.6011576652526855 5360
1744797400269 6.410923480987549 5370
1744797410414 5.710269927978516 5380
1744797420459 6.396480083465576 5390
1744797430656 6.352330684661865 5400
1744797464955 6.912906646728516 5410
1744797475218 6.765448093414307 5420
1744797485478 5.6310811042785645 5430
1744797495845 5.838649749755859 5440
1744797506127 6.256747245788574 5450
1744797516584 7.880764961242676 5460
1744797526865 4.871343612670898 5470
1744797537038 6.054279804229736 5480
1744797547357 6.523057460784912 5490
1744797557427 8.012994766235352 5500
1744797567597 6.729057312011719 5510
1744797577643 6.156590938568115 5520
1744797587879 6.662713527679443 5530
1744797597920 7.081988334655762 5540
1744797608105 7.450180530548096 5550
1744797618268 6.596588134765625 5560
1744797628315 5.996718883514404 5570
1744797638527 7.5638837814331055 5580
1744797648641 6.967942714691162 5590
1744797683219 6.324955463409424 5600
1744797693480 6.448263645172119 5610
1744797703723 6.223448276519775 5620
1744797713833 6.371199131011963 5630
1744797724092 6.106637477874756 5640
1744797734733 7.006704330444336 5650
1744797745018 6.381625652313232 5660
1744797755885 7.881916522979736 5670
1744797766420 6.356612205505371 5680
1744797776637 5.454479694366455 5690
1744797786742 5.172261714935303 5700
1744797796911 5.983515739440918 5710
1744797807041 7.2670464515686035 5720
1744797817350 6.383179664611816 5730
1744797828071 6.714345455169678 5740
1744797838210 6.511842250823975 5750
1744797848384 5.769257545471191 5760
1744797858784 7.149669647216797 5770
1744797869600 8.651832580566406 5780
1744797879387 12.49510669708252 5790
