1744791195709 1.5544041450777202e-07 10
1744791208720 3.281519861830743e-07 20
1744791222053 5.008635578583765e-07 30
1744791235425 6.735751295336788e-07 40
1744791248349 8.462867012089811e-07 50
1744791261544 1.0189982728842833e-06 60
1744791275334 1.1917098445595854e-06 70
1744791288810 1.364421416234888e-06 80
1744791301931 1.53713298791019e-06 90
1744791314875 1.7098445595854923e-06 100
1744791328468 1.8825561312607947e-06 110
1744791341889 2.0552677029360967e-06 120
1744791355686 2.227979274611399e-06 130
1744791369144 2.4006908462867014e-06 140
1744791382420 2.5734024179620037e-06 150
1744791395759 2.7461139896373056e-06 160
1744791408839 2.9188255613126083e-06 170
1744791422316 3.0915371329879106e-06 180
1744791435363 3.2642487046632125e-06 190
1744791471547 3.4369602763385152e-06 200
1744791482036 3.609671848013817e-06 210
1744791492326 3.7823834196891194e-06 220
1744791502481 3.955094991364421e-06 230
1744791512784 4.127806563039724e-06 240
1744791522962 4.300518134715026e-06 250
1744791533092 4.473229706390329e-06 260
1744791543511 4.645941278065631e-06 270
1744791553559 4.818652849740933e-06 280
1744791564039 4.991364421416235e-06 290
1744791574258 5.164075993091537e-06 300
1744791584593 5.33678756476684e-06 310
1744791595122 5.5094991364421425e-06 320
1744791605229 5.6822107081174435e-06 330
1744791615643 5.854922279792746e-06 340
1744791625979 6.027633851468049e-06 350
1744791636395 6.200345423143352e-06 360
1744791646684 6.373056994818654e-06 370
1744791656727 6.5457685664939555e-06 380
1744791691109 6.718480138169257e-06 390
1744791701262 6.89119170984456e-06 400
1744791711789 7.063903281519863e-06 410
1744791722001 7.236614853195166e-06 420
1744791732280 7.409326424870467e-06 430
1744791742831 7.582037996545769e-06 440
1744791753036 7.754749568221071e-06 450
1744791763183 7.927461139896375e-06 460
1744791773540 8.100172711571675e-06 470
1744791783726 8.272884283246979e-06 480
1744791794462 8.44559585492228e-06 490
1744791804739 8.618307426597582e-06 500
1744791814867 8.791018998272886e-06 510
1744791825069 8.963730569948186e-06 520
1744791835171 9.13644214162349e-06 530
1744791845634 9.309153713298792e-06 540
1744791855809 9.481865284974095e-06 550
1744791865988 9.654576856649395e-06 560
1744791876497 9.827288428324699e-06 570
1744791910701 1e-05 580
1744791920801 9.999909135070845e-06 590
1744791931077 9.999636543585954e-06 600
1744791941094 9.999182235452926e-06 610
1744791951149 9.998546227184033e-06 620
1744791961176 9.997728541895617e-06 630
1744791971383 9.996729209307242e-06 640
1744791981754 9.995548265740621e-06 650
1744791991983 9.994185754118296e-06 660
1744792002245 9.992641723962076e-06 670
1744792012438 9.990916231391237e-06 680
1744792022602 9.989009339120484e-06 690
1744792033012 9.986921116457669e-06 700
1744792043169 9.984651639301273e-06 710
1744792053309 9.982200990137647e-06 720
1744792063361 9.97956925803802e-06 730
1744792073493 9.97675653865525e-06 740
1744792083528 9.973762934220356e-06 750
1744792093641 9.970588553538802e-06 760
1744792103834 9.967233511986534e-06 770
1744792138385 9.963697931505801e-06 780
1744792148536 9.959981940600709e-06 790
1744792158841 9.95608567433256e-06 800
1744792168941 9.952009274314935e-06 810
1744792179211 9.947752888708556e-06 820
1744792189461 9.94331667221589e-06 830
1744792199507 9.93870078607554e-06 840
1744792209990 9.933905398056371e-06 850
1744792220034 9.928930682451421e-06 860
1744792230309 9.92377682007156e-06 870
1744792240395 9.918443998238925e-06 880
1744792250542 9.912932410780109e-06 890
1744792260643 9.907242258019113e-06 900
1744792270694 9.901373746770066e-06 910
1744792280982 9.895327090329713e-06 920
1744792291029 9.889102508469659e-06 930
1744792301232 9.88270022742838e-06 940
1744792311604 9.876120479902996e-06 950
1744792321710 9.86936350504083e-06 960
1744792356494 9.862429548430696e-06 970
1744792366750 9.855318862093985e-06 980
1744792376848 9.8480317044755e-06 990
1744792387297 9.840568340434069e-06 1000
1744792397568 9.832929041232906e-06 1010
1744792407745 9.825114084529767e-06 1020
1744792417805 9.817123754366842e-06 1030
1744792427861 9.80895834116045e-06 1040
1744792438029 9.800618141690463e-06 1050
1744792448194 9.792103459089539e-06 1060
1744792458427 9.783414602832087e-06 1070
1744792468767 9.774551888723032e-06 1080
1744792478938 9.765515638886331e-06 1090
1744792489212 9.756306181753262e-06 1100
1744792499348 9.746923852050494e-06 1110
1744792509659 9.737368990787917e-06 1120
1744792519683 9.727641945246247e-06 1130
1744792529872 9.717743068964407e-06 1140
1744792540045 9.707672721726671e-06 1150
1744792574598 9.697431269549597e-06 1160
1744792585091 9.687019084668716e-06 1170
1744792595626 9.676436545525001e-06 1180
1744792605968 9.665684036751124e-06 1190
1744792616445 9.654761949157463e-06 1200
1744792626653 9.6436706797179e-06 1210
1744792637122 9.632410631555406e-06 1220
1744792647417 9.62098221392737e-06 1230
1744792657588 9.609385842210735e-06 1240
1744792667835 9.597621937886899e-06 1250
1744792677980 9.585690928526392e-06 1260
1744792688279 9.573593247773348e-06 1270
1744792698652 9.561329335329726e-06 1280
1744792709030 9.548899636939338e-06 1290
1744792719181 9.536304604371653e-06 1300
1744792729320 9.523544695405366e-06 1310
1744792739509 9.510620373811767e-06 1320
1744792749723 9.497532109337882e-06 1330
1744792759877 9.484280377689401e-06 1340
1744792770019 9.470865660513389e-06 1350
1744792805064 9.457288445380773e-06 1360
1744792815822 9.443549225768629e-06 1370
1744792826061 9.429648501042248e-06 1380
1744792836115 9.415586776436973e-06 1390
1744792846624 9.40136456303985e-06 1400
1744792856865 9.386982377771046e-06 1410
1744792867031 9.372440743365054e-06 1420
1744792877247 9.357740188351709e-06 1430
1744792887288 9.342881247036967e-06 1440
1744792897480 9.32786445948349e-06 1450
1744792907629 9.31269037149101e-06 1460
1744792917689 9.297359534576497e-06 1470
1744792927918 9.281872505954121e-06 1480
1744792937985 9.266229848514981e-06 1490
1744792948673 9.250432130806662e-06 1500
1744792958744 9.234479927012565e-06 1510
1744792969664 9.218373816931037e-06 1520
1744792979766 9.202114385954299e-06 1530
1744792989920 9.185702225047167e-06 1540
1744793025111 9.169137930725575e-06 1550
1744793035416 9.1524221050349e-06 1560
1744793045461 9.135555355528063e-06 1570
1744793055653 9.11853829524347e-06 1580
1744793065771 9.101371542682704e-06 1590
1744793076055 9.084055721788072e-06 1600
1744793086462 9.066591461919912e-06 1610
1744793096730 9.048979397833713e-06 1620
1744793106989 9.03122016965706e-06 1630
1744793117021 9.013314422866358e-06 1640
1744793127572 8.995262808263368e-06 1650
1744793138327 8.977065981951567e-06 1660
1744793148441 8.958724605312287e-06 1670
1744793158924 8.940239344980686e-06 1680
1744793169056 8.921610872821508e-06 1690
1744793179197 8.902839865904676e-06 1700
1744793189232 8.883927006480676e-06 1710
1744793199359 8.86487298195576e-06 1720
1744793209484 8.845678484866964e-06 1730
1744793244301 8.826344212856936e-06 1740
1744793254526 8.806870868648576e-06 1750
1744793264650 8.787259160019504e-06 1760
1744793274694 8.767509799776323e-06 1770
1744793284916 8.747623505728723e-06 1780
1744793295147 8.727601000663383e-06 1790
1744793305491 8.707443012317704e-06 1800
1744793316053 8.68715027335336e-06 1810
1744793326097 8.666723521329667e-06 1820
1744793336263 8.646163498676776e-06 1830
1744793346371 8.625470952668685e-06 1840
1744793356815 8.604646635396085e-06 1850
1744793366871 8.583691303739023e-06 1860
1744793377040 8.56260571933939e-06 1870
1744793387194 8.541390648573238e-06 1880
1744793397489 8.520046862522929e-06 1890
1744793407817 8.498575136949104e-06 1900
1744793418077 8.476976252262491e-06 1910
1744793428274 8.455250993495547e-06 1920
1744793437928 8.433400150273907e-06 1930
1744793473199 8.4114245167877e-06 1940
1744793483402 8.389324891762675e-06 1950
1744793493827 8.367102078431182e-06 1960
1744793504024 8.344756884502962e-06 1970
1744793514166 8.322290122135803e-06 1980
1744793524494 8.299702607906009e-06 1990
1744793534787 8.276995162778736e-06 2000
1744793544945 8.254168612078138e-06 2010
1744793554978 8.23122378545738e-06 2020
1744793565124 8.208161516868485e-06 2030
1744793575384 8.184982644532008e-06 2040
1744793585929 8.161688010906588e-06 2050
1744793596019 8.138278462658318e-06 2060
1744793606564 8.114754850629977e-06 2070
1744793616794 8.091118029810102e-06 2080
1744793626911 8.067368859301909e-06 2090
1744793637121 8.043508202292078e-06 2100
1744793647228 8.019536926019373e-06 2110
1744793657519 7.995455901743124e-06 2120
1744793692362 7.971266004711553e-06 2130
1744793702967 7.946968114129974e-06 2140
1744793713017 7.922563113128829e-06 2150
1744793723403 7.898051888731592e-06 2160
1744793733828 7.873435331822534e-06 2170
1744793743988 7.848714337114332e-06 2180
1744793754159 7.823889803115559e-06 2190
1744793764448 7.798962632098024e-06 2200
1744793774641 7.773933730063981e-06 2210
1744793784733 7.74880400671319e-06 2220
1744793794875 7.723574375409866e-06 2230
1744793805184 7.698245753149476e-06 2240
1744793815555 7.672819060525402e-06 2250
1744793825723 7.647295221695497e-06 2260
1744793836041 7.621675164348481e-06 2270
1744793846462 7.595959819670236e-06 2280
1744793856511 7.570150122309947e-06 2290
1744793866648 7.544247010346147e-06 2300
1744793876720 7.518251425252607e-06 2310
1744793911074 7.492164311864125e-06 2320
1744793921297 7.465986618342189e-06 2330
1744793931895 7.4397192961405005e-06 2340
1744793942140 7.4133632999704135e-06 2350
1744793952390 7.386919587766211e-06 2360
1744793962460 7.360389120650316e-06 2370
1744793972766 7.333772862898328e-06 2380
1744793982940 7.3070717819039975e-06 2390
1744793993146 7.28028684814406e-06 2400
1744794003794 7.25341903514296e-06 2410
1744794013935 7.226469319437463e-06 2420
1744794024329 7.199438680541178e-06 2430
1744794034444 7.172328100908935e-06 2440
1744794044863 7.145138565901096e-06 2450
1744794055097 7.11787106374773e-06 2460
1744794065142 7.090526585512696e-06 2470
1744794075420 7.0631061250576265e-06 2480
1744794085500 7.0356106790057974e-06 2490
1744794095671 7.008041246705917e-06 2500
1744794130373 6.980398830195785e-06 2510
1744794140762 6.95268443416589e-06 2520
1744794150880 6.924899065922888e-06 2530
1744794161045 6.897043735352982e-06 2540
1744794171407 6.8691194548852295e-06 2550
1744794181900 6.841127239454737e-06 2560
1744794192209 6.813068106465771e-06 2570
1744794202457 6.7849430757547865e-06 2580
1744794212583 6.7567531695533515e-06 2590
1744794222603 6.728499412450999e-06 2600
1744794232742 6.700182831357984e-06 2610
1744794242873 6.6718044554679586e-06 2620
1744794253007 6.643365316220571e-06 2630
1744794263077 6.6148664472639676e-06 2640
1744794273244 6.586308884417236e-06 2650
1744794283586 6.557693665632743e-06 2660
1744794293685 6.52902183095842e-06 2670
1744794303850 6.500294422499958e-06 2680
1744794313929 6.471512484382932e-06 2690
1744794324064 6.442677062714847e-06 2700
1744794359475 6.413789205547123e-06 2710
1744794369824 6.384849962836997e-06 2720
1744794379925 6.355860386409367e-06 2730
1744794390275 6.3268215299185545e-06 2740
1744794400661 6.297734448810014e-06 2750
1744794411153 6.268600200281972e-06 2760
1744794421491 6.239419843247e-06 2770
1744794431937 6.210194438293526e-06 2780
1744794442105 6.180925047647294e-06 2790
1744794452345 6.151612735132745e-06 2800
1744794462696 6.122258566134359e-06 2810
1744794472792 6.092863607557929e-06 2820
1744794483040 6.06342892779179e-06 2830
1744794493070 6.0339555966679766e-06 2840
1744794503338 6.004444685423345e-06 2850
1744794513567 5.974897266660643e-06 2860
1744794523745 5.9453144143095105e-06 2870
1744794534077 5.915697203587467e-06 2880
1744794544190 5.886046710960808e-06 2890
1744794578913 5.856364014105503e-06 2900
1744794589059 5.826650191868009e-06 2910
1744794599205 5.796906324226064e-06 2920
1744794609328 5.767133492249444e-06 2930
1744794619512 5.737332778060653e-06 2940
1744794629569 5.707505264795603e-06 2950
1744794639708 5.677652036564249e-06 2960
1744794649766 5.647774178411178e-06 2970
1744794659943 5.6178727762761755e-06 2980
1744794670393 5.587948916954754e-06 2990
1744794680690 5.5580036880586585e-06 3000
1744794691098 5.52803817797633e-06 3010
1744794701467 5.498053475833347e-06 3020
1744794711829 5.4680506714528455e-06 3030
1744794722567 5.438030855315904e-06 3040
1744794732598 5.407995118521907e-06 3050
1744794742886 5.377944552748895e-06 3060
1744794752924 5.347880250213877e-06 3070
1744794763075 5.317803303633144e-06 3080
1744794797453 5.287714806182543e-06 3090
1744794807506 5.257615851457749e-06 3100
1744794817655 5.227507533434519e-06 3110
1744794827942 5.197390946428925e-06 3120
1744794838091 5.167267185057588e-06 3130
1744794848261 5.13713734419788e-06 3140
1744794858300 5.107002518948148e-06 3150
1744794868471 5.0768638045878926e-06 3160
1744794878609 5.046722296537975e-06 3170
1744794888712 5.01657909032079e-06 3180
1744794898853 4.98643528152046e-06 3190
1744794909290 4.956291965743003e-06 3200
1744794919680 4.92615023857652e-06 3210
1744794929874 4.896011195551374e-06 3220
1744794940072 4.865875932100367e-06 3230
1744794950260 4.8357455435189295e-06 3240
1744794960437 4.805621124925315e-06 3250
1744794970927 4.775503771220785e-06 3260
1744794980993 4.745394577049825e-06 3270
1744794991037 4.715294636760352e-06 3280
1744795025774 4.685205044363942e-06 3290
1744795036081 4.6551268934960705e-06 3300
1744795046229 4.625061277376355e-06 3310
1744795056437 4.595009288768827e-06 3320
1744795066457 4.564972019942214e-06 3330
1744795076597 4.534950562630233e-06 3340
1744795086808 4.504946007991927e-06 3350
1744795096879 4.474959446571986e-06 3360
1744795107032 4.444991968261121e-06 3370
1744795117333 4.41504466225645e-06 3380
1744795127818 4.385118617021906e-06 3390
1744795138198 4.355214920248686e-06 3400
1744795148464 4.325334658815702e-06 3410
1744795158706 4.29547891875009e-06 3420
1744795168814 4.2656487851877335e-06 3430
1744795178930 4.235845342333818e-06 3440
1744795188978 4.206069673423438e-06 3450
1744795199102 4.176322860682209e-06 3460
1744795209201 4.146605985286945e-06 3470
1744795243297 4.116920127326356e-06 3480
1744795253580 4.087266365761794e-06 3490
1744795263906 4.057645778388038e-06 3500
1744795273933 4.0280594417941164e-06 3510
1744795284081 3.99850843132418e-06 3520
1744795294294 3.96899382103842e-06 3530
1744795304588 3.939516683674022e-06 3540
1744795315148 3.91007809060619e-06 3550
1744795325261 3.8806791118091885e-06 3560
1744795335563 3.851320815817472e-06 3570
1744795345729 3.822004269686832e-06 3580
1744795356083 3.792730538955624e-06 3590
1744795366267 3.7635006876060352e-06 3600
1744795376752 3.7343157780254163e-06 3610
1744795387075 3.7051768709676626e-06 3620
1744795397296 3.676085025514664e-06 3630
1744795407659 3.6470412990378094e-06 3640
1744795417749 3.6180467471595626e-06 3650
1744795428091 3.589102423715082e-06 3660
1744795463222 3.5602093807139263e-06 3670
1744795473447 3.5313686683018195e-06 3680
1744795483840 3.5025813347224746e-06 3690
1744795494249 3.473848426279507e-06 3700
1744795504508 3.445170987298389e-06 3710
1744795514765 3.416550060088507e-06 3720
1744795524887 3.3879866849052694e-06 3730
1744795535417 3.3594818999122992e-06 3740
1744795545813 3.331036741143708e-06 3750
1744795555964 3.302652242466429e-06 3760
1744795566213 3.2743294355426465e-06 3770
1744795576301 3.2460693497922975e-06 3780
1744795587085 3.217873012355657e-06 3790
1744795597170 3.1897414480560085e-06 3800
1744795607761 3.1616756793623913e-06 3810
1744795618018 3.133676726352438e-06 3820
1744795628073 3.105745606675301e-06 3830
1744795638225 3.0778833355146653e-06 3840
1744795648291 3.0500909255518464e-06 3850
1744795657784 3.022369386928993e-06 3860
1744795692875 2.99471972721236e-06 3870
1744795703656 2.967142951355697e-06 3880
1744795713842 2.9396400616637165e-06 3890
1744795724032 2.912212057755669e-06 3900
1744795734228 2.8848599365290077e-06 3910
1744795744518 2.8575846921231555e-06 3920
1744795754719 2.830387315883372e-06 3930
1744795765049 2.8032687963247226e-06 3940
1744795775406 2.77623011909615e-06 3950
1744795785530 2.7492722669446536e-06 3960
1744795795671 2.7223962196795626e-06 3970
1744795805715 2.695602954136929e-06 3980
1744795816178 2.668893444144023e-06 3990
1744795826208 2.6422686604839352e-06 4000
1744795836461 2.6157295708603027e-06 4010
1744795846744 2.589277139862123e-06 4020
1744795857370 2.5629123289287033e-06 4030
1744795868058 2.5366360963147147e-06 4040
1744795878416 2.5104493970553613e-06 4050
1744795913147 2.4843531829316758e-06 4060
1744795923879 2.4583484024359156e-06 4070
1744795934437 2.432436000737096e-06 4080
1744795944521 2.4066169196466326e-06 4090
1744795954749 2.380892097584119e-06 4100
1744795964790 2.3552624695432067e-06 4110
1744795975035 2.3297289670576305e-06 4120
1744795985315 2.304292518167346e-06 4130
1744795995371 2.2789540473848083e-06 4140
1744796005656 2.2537144756613555e-06 4150
1744796015750 2.2285747203537467e-06 4160
1744796025911 2.203535695190814e-06 4170
1744796035970 2.17859831024026e-06 4180
1744796046165 2.1537634718755697e-06 4190
1744796056219 2.129032082743073e-06 4200
1744796066530 2.1044050417291417e-06 4210
1744796076761 2.0798832439275096e-06 4220
1744796086783 2.055467580606743e-06 4230
1744796097185 2.0311589391778515e-06 4240
1744796131910 2.006958203162023e-06 4250
1744796142093 1.982866252158529e-06 4260
1744796152293 1.9588839618127355e-06 4270
1744796162409 1.935012203784287e-06 4280
1744796172458 1.9112518457154243e-06 4290
1744796182734 1.8876037511994478e-06 4300
1744796192925 1.8640687797493328e-06 4310
1744796203257 1.8406477867664847e-06 4320
1744796213980 1.8173416235096492e-06 4330
1744796224397 1.7941511370639764e-06 4340
1744796234652 1.771077170310227e-06 4350
1744796244966 1.7481205618941472e-06 4360
1744796255184 1.725282146195974e-06 4370
1744796265506 1.7025627533001166e-06 4380
1744796276273 1.6799632089649854e-06 4390
1744796286702 1.6574843345929776e-06 4400
1744796297498 1.6351269472006266e-06 4410
1744796307675 1.6128918593888994e-06 4420
1744796317847 1.5907798793136676e-06 4430
1744796352043 1.5687918106563326e-06 4440
1744796362172 1.5469284525946138e-06 4450
1744796372324 1.5251905997735055e-06 4460
1744796382662 1.5035790422763897e-06 4470
1744796392971 1.4820945655963227e-06 4480
1744796403123 1.4607379506074843e-06 4490
1744796413501 1.4395099735367974e-06 4500
1744796423799 1.418411405935717e-06 4510
1744796433880 1.3974430146521823e-06 4520
1744796444086 1.3766055618027486e-06 4530
1744796454204 1.3558998047448869e-06 4540
1744796464368 1.3353264960494544e-06 4550
1744796474585 1.3148863834733495e-06 4560
1744796485123 1.294580209932323e-06 4570
1744796495419 1.2744087134739825e-06 4580
1744796505561 1.2543726272509677e-06 4590
1744796515871 1.234472679494298e-06 4600
1744796525912 1.2147095934869147e-06 4610
1744796536153 1.1950840875373793e-06 4620
1744796546468 1.1755968749537755e-06 4630
1744796581018 1.15624866401778e-06 4640
1744796591230 1.1370401579589169e-06 4650
1744796601510 1.1179720549290062e-06 4660
1744796611555 1.0990450479767796e-06 4670
1744796621764 1.0802598250226942e-06 4680
1744796631823 1.0616170688339323e-06 4690
1744796642096 1.04311745699958e-06 4700
1744796652309 1.0247616619060075e-06 4710
1744796662432 1.006550350712422e-06 4720
1744796672741 9.884841853266236e-07 4730
1744796682950 9.705638223809488e-07 4740
1744796693084 9.527899132083984e-07 4750
1744796703258 9.351631038189751e-07 4760
1744796713447 9.176840348761918e-07 4770
1744796723654 9.003533416737937e-07 4780
1744796733812 8.831716541126634e-07 4790
1744796744367 8.661395966779318e-07 4800
1744796754718 8.492577884162728e-07 4810
1744796764781 8.325268429134147e-07 4820
1744796799208 8.159473682718278e-07 4830
1744796809452 7.995199670886262e-07 4840
1744796819625 7.832452364336674e-07 4850
1744796829791 7.671237678278531e-07 4860
1744796839856 7.511561472216234e-07 4870
1744796849942 7.353429549736635e-07 4880
1744796860251 7.196847658298101e-07 4890
1744796870506 7.041821489021639e-07 4900
1744796880689 6.888356676484004e-07 4910
1744796890764 6.736458798512918e-07 4920
1744796900922 6.586133375984333e-07 4930
1744796911024 6.437385872621826e-07 4940
1744796921224 6.290221694797922e-07 4950
1744796931320 6.144646191337661e-07 4960
1744796941865 6.000664653324156e-07 4970
1744796952117 5.858282313906333e-07 4980
1744796962147 5.717504348108649e-07 4990
1744796972298 5.578335872643059e-07 5000
1744796982378 5.440781945723017e-07 5010
1744797016552 5.304847566879678e-07 5020
1744797027272 5.170537676780119e-07 5030
1744797037634 5.037857157047782e-07 5040
1744797047715 4.906810830085096e-07 5050
1744797057857 4.777403458898123e-07 5060
1744797067945 4.64963974692354e-07 5070
1744797078244 4.523524337857582e-07 5080
1744797088296 4.399061815487343e-07 5090
1744797098610 4.2762567035241233e-07 5100
1744797108743 4.155113465439042e-07 5110
1744797118784 4.0356365043008103e-07 5120
1744797128929 3.9178301626156654e-07 5130
1744797139003 3.8016987221695664e-07 5140
1744797149540 3.687246403872552e-07 5150
1744797159905 3.5744773676053337e-07 5160
1744797169946 3.4633957120681294e-07 5170
1744797180104 3.354005474631622e-07 5180
1744797190155 3.246310631190297e-07 5190
1744797200320 3.140315096017871e-07 5200
1744797210189 3.0360227216250595e-07 5210
1744797244846 2.933437298619557e-07 5220
1744797255006 2.8325625555682414e-07 5230
1744797265313 2.733402158861659e-07 5240
1744797275726 2.6359597125807765e-07 5250
1744797286322 2.540238758365987e-07 5260
1744797296506 2.446242775288382e-07 5270
1744797306744 2.3539751797233056e-07 5280
1744797316859 2.2634393252261633e-07 5290
1744797327260 2.174638502410553e-07 5300
1744797338009 2.0875759388286676e-07 5310
1744797348563 2.0022547988539864e-07 5320
1744797358853 1.9186781835662304e-07 5330
1744797369165 1.8368491306387014e-07 5340
1744797379507 1.7567706142278318e-07 5350
1744797389737 1.6784455448651037e-07 5360
1744797400269 1.601876769351285e-07 5370
1744797410414 1.52706707065291e-07 5380
1744797420459 1.4540191678011685e-07 5390
1744797430656 1.382735715793071e-07 5400
1744797464955 1.3132193054949394e-07 5410
1744797475218 1.2454724635482584e-07 5420
1744797485478 1.1794976522778168e-07 5430
1744797495845 1.1152972696022447e-07 5440
1744797506127 1.0528736489468283e-07 5450
1744797516584 9.922290591587114e-08 5460
1744797526865 9.333657044244438e-08 5470
1744797537038 8.762857241898403e-08 5480
1744797547357 8.20991193082249e-08 5490
1744797557427 7.674841208351269e-08 5500
1744797567597 7.157664522150109e-08 5510
1744797577643 6.65840066950818e-08 5520
1744797587879 6.177067796655334e-08 5530
1744797597920 5.713683398102465e-08 5540
1744797608105 5.268264316005855e-08 5550
1744797618268 4.840826739554771e-08 5560
1744797628315 4.431386204383326e-08 5570
1744797638527 4.039957592005595e-08 5580
1744797648641 3.666555129274829e-08 5590
1744797683219 3.3111923878663134e-08 5600
1744797693480 2.973882283784202e-08 5610
1744797703723 2.6546370768920638e-08 5620
1744797713833 2.3534683704670158e-08 5630
1744797724092 2.070387110778338e-08 5640
1744797734733 1.8054035866895693e-08 5650
1744797745018 1.5585274292842512e-08 5660
1744797755885 1.3297676115163194e-08 5670
1744797766420 1.1191324478835863e-08 5680
1744797776637 9.266295941256498e-09 5690
1744797786742 7.522660469458932e-09 5700
1744797796911 5.9604814375685546e-09 5710
1744797807041 4.579815624499162e-09 5720
1744797817350 3.3807132118923726e-09 5730
1744797828071 2.363217782290206e-09 5740
1744797838210 1.5273663175524588e-09 5750
1744797848384 8.731891975127804e-10 5760
1744797858784 4.007101988745543e-10 5770
1744797869600 1.0994649434603599e-10 5780
1744797879387 9.086520164069967e-13 5790
