1744791195709 3.774 10
1744791208720 3.7811 20
1744791222053 3.781 30
1744791235425 3.7419 40
1744791248349 3.7185 50
1744791261544 3.7004 60
1744791275334 3.7033 70
1744791288810 3.672 80
1744791301931 3.6221 90
1744791314875 3.5979 100
1744791328468 3.5839 110
1744791341889 3.4931 120
1744791355686 3.4635 130
1744791369144 3.421 140
1744791382420 3.359 150
1744791395759 3.3243 160
1744791408839 3.28 170
1744791422316 3.2128 180
1744791435363 3.1849 190
1744791471547 3.1135 200
1744791482036 3.0545 210
1744791492326 2.9712 220
1744791502481 2.9752 230
1744791512784 2.9956 240
1744791522962 2.9061 250
1744791533092 2.886 260
1744791543511 2.8492 270
1744791553559 2.7167 280
1744791564039 2.8292 290
1744791574258 2.7492 300
1744791584593 2.6635 310
1744791595122 2.6903 320
1744791605229 2.66 330
1744791615643 2.6526 340
1744791625979 2.5878 350
1744791636395 2.5239 360
1744791646684 2.5137 370
1744791656727 2.5707 380
1744791691109 2.4675 390
1744791701262 2.3858 400
1744791711789 2.3845 410
1744791722001 2.3513 420
1744791732280 2.3553 430
1744791742831 2.3112 440
1744791753036 2.3105 450
1744791763183 2.3141 460
1744791773540 2.3192 470
1744791783726 2.2464 480
1744791794462 2.1786 490
1744791804739 2.2281 500
1744791814867 2.1935 510
1744791825069 2.1766 520
1744791835171 2.139 530
1744791845634 2.1296 540
1744791855809 2.0502 550
1744791865988 2.1461 560
1744791876497 2.0798 570
1744791910701 2.0023 580
1744791920801 1.9439 590
1744791931077 1.9569 600
1744791941094 1.9677 610
1744791951149 1.9477 620
1744791961176 1.9385 630
1744791971383 1.9901 640
1744791981754 1.896 650
1744791991983 1.9857 660
1744792002245 1.9362 670
1744792012438 1.9256 680
1744792022602 1.9257 690
1744792033012 1.8855 700
1744792043169 1.8939 710
1744792053309 1.9054 720
1744792063361 1.9012 730
1744792073493 1.8433 740
1744792083528 1.8557 750
1744792093641 1.8496 760
1744792103834 1.869 770
1744792138385 1.7601 780
1744792148536 1.816 790
1744792158841 1.7113 800
1744792168941 1.7934 810
1744792179211 1.7932 820
1744792189461 1.7774 830
1744792199507 1.7926 840
1744792209990 1.7613 850
1744792220034 1.7733 860
1744792230309 1.8002 870
1744792240395 1.7398 880
1744792250542 1.7574 890
1744792260643 1.7771 900
1744792270694 1.7591 910
1744792280982 1.6876 920
1744792291029 1.7418 930
1744792301232 1.8115 940
1744792311604 1.6847 950
1744792321710 1.6745 960
1744792356494 1.6355 970
1744792366750 1.7364 980
1744792376848 1.5979 990
1744792387297 1.6851 1000
1744792397568 1.6812 1010
1744792407745 1.5816 1020
1744792417805 1.6191 1030
1744792427861 1.626 1040
1744792438029 1.6804 1050
1744792448194 1.6516 1060
1744792458427 1.6331 1070
1744792468767 1.6996 1080
1744792478938 1.6497 1090
1744792489212 1.6053 1100
1744792499348 1.5972 1110
1744792509659 1.7506 1120
1744792519683 1.6532 1130
1744792529872 1.6828 1140
1744792540045 1.6571 1150
1744792574598 1.5914 1160
1744792585091 1.6224 1170
1744792595626 1.5723 1180
1744792605968 1.562 1190
1744792616445 1.6135 1200
1744792626653 1.5214 1210
1744792637122 1.6087 1220
1744792647417 1.5945 1230
1744792657588 1.6035 1240
1744792667835 1.5582 1250
1744792677980 1.626 1260
1744792688279 1.5622 1270
1744792698652 1.5684 1280
1744792709030 1.5937 1290
1744792719181 1.6307 1300
1744792729320 1.5798 1310
1744792739509 1.5482 1320
1744792749723 1.6223 1330
1744792759877 1.5497 1340
1744792770019 1.5735 1350
1744792805064 1.5561 1360
1744792815822 1.5391 1370
1744792826061 1.4886 1380
1744792836115 1.5617 1390
1744792846624 1.5505 1400
1744792856865 1.4784 1410
1744792867031 1.5561 1420
1744792877247 1.5434 1430
1744792887288 1.594 1440
1744792897480 1.5779 1450
1744792907629 1.5838 1460
1744792917689 1.5758 1470
1744792927918 1.5568 1480
1744792937985 1.5209 1490
1744792948673 1.5139 1500
1744792958744 1.5249 1510
1744792969664 1.5153 1520
1744792979766 1.5468 1530
1744792989920 1.6036 1540
1744793025111 1.4674 1550
1744793035416 1.5154 1560
1744793045461 1.4932 1570
1744793055653 1.5015 1580
1744793065771 1.54 1590
1744793076055 1.5229 1600
1744793086462 1.5345 1610
1744793096730 1.5278 1620
1744793106989 1.5045 1630
1744793117021 1.5805 1640
1744793127572 1.488 1650
1744793138327 1.4914 1660
1744793148441 1.5473 1670
1744793158924 1.4607 1680
1744793169056 1.4704 1690
1744793179197 1.5204 1700
1744793189232 1.4742 1710
1744793199359 1.4432 1720
1744793209484 1.4846 1730
1744793244301 1.4658 1740
1744793254526 1.5255 1750
1744793264650 1.4645 1760
1744793274694 1.3805 1770
1744793284916 1.4369 1780
1744793295147 1.4687 1790
1744793305491 1.4973 1800
1744793316053 1.5008 1810
1744793326097 1.4657 1820
1744793336263 1.4507 1830
1744793346371 1.434 1840
1744793356815 1.4516 1850
1744793366871 1.4887 1860
1744793377040 1.4929 1870
1744793387194 1.4901 1880
1744793397489 1.4433 1890
1744793407817 1.416 1900
1744793418077 1.4715 1910
1744793428274 1.384 1920
1744793437928 1.4956 1930
1744793473199 1.4154 1940
1744793483402 1.4009 1950
1744793493827 1.4331 1960
1744793504024 1.4137 1970
1744793514166 1.4794 1980
1744793524494 1.4691 1990
1744793534787 1.4117 2000
1744793544945 1.4419 2010
1744793554978 1.459 2020
1744793565124 1.4755 2030
1744793575384 1.3957 2040
1744793585929 1.4621 2050
1744793596019 1.4321 2060
1744793606564 1.3864 2070
1744793616794 1.4334 2080
1744793626911 1.4337 2090
1744793637121 1.3515 2100
1744793647228 1.462 2110
1744793657519 1.4055 2120
1744793692362 1.4246 2130
1744793702967 1.3774 2140
1744793713017 1.3787 2150
1744793723403 1.4677 2160
1744793733828 1.4166 2170
1744793743988 1.3592 2180
1744793754159 1.4268 2190
1744793764448 1.3728 2200
1744793774641 1.408 2210
1744793784733 1.4549 2220
1744793794875 1.4647 2230
1744793805184 1.3748 2240
1744793815555 1.4108 2250
1744793825723 1.3777 2260
1744793836041 1.3664 2270
1744793846462 1.4374 2280
1744793856511 1.4239 2290
1744793866648 1.3964 2300
1744793876720 1.3866 2310
1744793911074 1.3983 2320
1744793921297 1.3975 2330
1744793931895 1.4196 2340
1744793942140 1.3301 2350
1744793952390 1.3715 2360
1744793962460 1.3463 2370
1744793972766 1.4094 2380
1744793982940 1.3166 2390
1744793993146 1.4215 2400
1744794003794 1.3144 2410
1744794013935 1.3425 2420
1744794024329 1.3959 2430
1744794034444 1.3611 2440
1744794044863 1.3422 2450
1744794055097 1.3709 2460
1744794065142 1.4187 2470
1744794075420 1.3731 2480
1744794085500 1.417 2490
1744794095671 1.428 2500
1744794130373 1.3704 2510
1744794140762 1.3962 2520
1744794150880 1.4042 2530
1744794161045 1.3998 2540
1744794171407 1.2907 2550
1744794181900 1.3459 2560
1744794192209 1.3865 2570
1744794202457 1.3622 2580
1744794212583 1.3242 2590
1744794222603 1.3714 2600
1744794232742 1.3856 2610
1744794242873 1.3342 2620
1744794253007 1.3896 2630
1744794263077 1.3489 2640
1744794273244 1.3703 2650
1744794283586 1.3716 2660
1744794293685 1.3634 2670
1744794303850 1.3537 2680
1744794313929 1.334 2690
1744794324064 1.3697 2700
1744794359475 1.3441 2710
1744794369824 1.3916 2720
1744794379925 1.3168 2730
1744794390275 1.3035 2740
1744794400661 1.3504 2750
1744794411153 1.317 2760
1744794421491 1.3302 2770
1744794431937 1.3253 2780
1744794442105 1.3174 2790
1744794452345 1.3999 2800
1744794462696 1.332 2810
1744794472792 1.3606 2820
1744794483040 1.3554 2830
1744794493070 1.3688 2840
1744794503338 1.4204 2850
1744794513567 1.3754 2860
1744794523745 1.3397 2870
1744794534077 1.2653 2880
1744794544190 1.317 2890
1744794578913 1.2925 2900
1744794589059 1.3514 2910
1744794599205 1.343 2920
1744794609328 1.341 2930
1744794619512 1.3647 2940
1744794629569 1.401 2950
1744794639708 1.3394 2960
1744794649766 1.3353 2970
1744794659943 1.3393 2980
1744794670393 1.3531 2990
1744794680690 1.3134 3000
1744794691098 1.3241 3010
1744794701467 1.3658 3020
1744794711829 1.3198 3030
1744794722567 1.3051 3040
1744794732598 1.3018 3050
1744794742886 1.3508 3060
1744794752924 1.3286 3070
1744794763075 1.3594 3080
1744794797453 1.2544 3090
1744794807506 1.3408 3100
1744794817655 1.31 3110
1744794827942 1.3684 3120
1744794838091 1.3292 3130
1744794848261 1.2608 3140
1744794858300 1.2865 3150
1744794868471 1.3781 3160
1744794878609 1.3185 3170
1744794888712 1.2877 3180
1744794898853 1.2344 3190
1744794909290 1.2856 3200
1744794919680 1.2813 3210
1744794929874 1.3006 3220
1744794940072 1.2768 3230
1744794950260 1.3279 3240
1744794960437 1.3001 3250
1744794970927 1.3514 3260
1744794980993 1.2625 3270
1744794991037 1.3425 3280
1744795025774 1.3078 3290
1744795036081 1.2433 3300
1744795046229 1.2679 3310
1744795056437 1.3049 3320
1744795066457 1.3149 3330
1744795076597 1.2647 3340
1744795086808 1.3264 3350
1744795096879 1.3478 3360
1744795107032 1.3245 3370
1744795117333 1.336 3380
1744795127818 1.3389 3390
1744795138198 1.2873 3400
1744795148464 1.3219 3410
1744795158706 1.2988 3420
1744795168814 1.2915 3430
1744795178930 1.3124 3440
1744795188978 1.24 3450
1744795199102 1.3609 3460
1744795209201 1.3063 3470
1744795243297 1.2648 3480
1744795253580 1.2668 3490
1744795263906 1.2629 3500
1744795273933 1.2687 3510
1744795284081 1.2732 3520
1744795294294 1.3637 3530
1744795304588 1.2525 3540
1744795315148 1.3563 3550
1744795325261 1.2906 3560
1744795335563 1.2454 3570
1744795345729 1.286 3580
1744795356083 1.2999 3590
1744795366267 1.3388 3600
1744795376752 1.2307 3610
1744795387075 1.2361 3620
1744795397296 1.3114 3630
1744795407659 1.3175 3640
1744795417749 1.2794 3650
1744795428091 1.3242 3660
1744795463222 1.2653 3670
1744795473447 1.2945 3680
1744795483840 1.3346 3690
1744795494249 1.2925 3700
1744795504508 1.2789 3710
1744795514765 1.2929 3720
1744795524887 1.2906 3730
1744795535417 1.202 3740
1744795545813 1.2144 3750
1744795555964 1.2967 3760
1744795566213 1.2641 3770
1744795576301 1.2564 3780
1744795587085 1.2817 3790
1744795597170 1.2808 3800
1744795607761 1.2693 3810
1744795618018 1.2831 3820
1744795628073 1.267 3830
1744795638225 1.2798 3840
1744795648291 1.2809 3850
1744795657784 1.3016 3860
1744795692875 1.1941 3870
1744795703656 1.303 3880
1744795713842 1.3093 3890
1744795724032 1.266 3900
1744795734228 1.2958 3910
1744795744518 1.1883 3920
1744795754719 1.2358 3930
1744795765049 1.2813 3940
1744795775406 1.2527 3950
1744795785530 1.2826 3960
1744795795671 1.2969 3970
1744795805715 1.2368 3980
1744795816178 1.2681 3990
1744795826208 1.2858 4000
1744795836461 1.2522 4010
1744795846744 1.2964 4020
1744795857370 1.2731 4030
1744795868058 1.2092 4040
1744795878416 1.3241 4050
1744795913147 1.2922 4060
1744795923879 1.2222 4070
1744795934437 1.308 4080
1744795944521 1.2384 4090
1744795954749 1.2966 4100
1744795964790 1.2319 4110
1744795975035 1.2586 4120
1744795985315 1.2857 4130
1744795995371 1.2271 4140
1744796005656 1.2393 4150
1744796015750 1.3076 4160
1744796025911 1.2129 4170
1744796035970 1.2606 4180
1744796046165 1.2273 4190
1744796056219 1.1628 4200
1744796066530 1.2744 4210
1744796076761 1.2725 4220
1744796086783 1.2953 4230
1744796097185 1.2556 4240
1744796131910 1.2412 4250
1744796142093 1.2664 4260
1744796152293 1.2933 4270
1744796162409 1.2065 4280
1744796172458 1.2581 4290
1744796182734 1.2765 4300
1744796192925 1.3054 4310
1744796203257 1.3013 4320
1744796213980 1.2356 4330
1744796224397 1.263 4340
1744796234652 1.218 4350
1744796244966 1.205 4360
1744796255184 1.262 4370
1744796265506 1.2694 4380
1744796276273 1.1814 4390
1744796286702 1.2776 4400
1744796297498 1.2422 4410
1744796307675 1.2275 4420
1744796317847 1.2318 4430
1744796352043 1.3004 4440
1744796362172 1.2424 4450
1744796372324 1.2146 4460
1744796382662 1.2343 4470
1744796392971 1.2293 4480
1744796403123 1.2167 4490
1744796413501 1.2747 4500
1744796423799 1.2493 4510
1744796433880 1.2003 4520
1744796444086 1.2565 4530
1744796454204 1.2159 4540
1744796464368 1.3006 4550
1744796474585 1.2356 4560
1744796485123 1.2238 4570
1744796495419 1.2805 4580
1744796505561 1.263 4590
1744796515871 1.1927 4600
1744796525912 1.3241 4610
1744796536153 1.2112 4620
1744796546468 1.2274 4630
1744796581018 1.2162 4640
1744796591230 1.2517 4650
1744796601510 1.178 4660
1744796611555 1.2417 4670
1744796621764 1.2631 4680
1744796631823 1.2342 4690
1744796642096 1.2311 4700
1744796652309 1.2859 4710
1744796662432 1.2078 4720
1744796672741 1.2447 4730
1744796682950 1.2522 4740
1744796693084 1.2588 4750
1744796703258 1.2276 4760
1744796713447 1.3135 4770
1744796723654 1.1874 4780
1744796733812 1.1889 4790
1744796744367 1.2155 4800
1744796754718 1.2807 4810
1744796764781 1.2722 4820
1744796799208 1.188 4830
1744796809452 1.2132 4840
1744796819625 1.2165 4850
1744796829791 1.2706 4860
1744796839856 1.2686 4870
1744796849942 1.2292 4880
1744796860251 1.1908 4890
1744796870506 1.2398 4900
1744796880689 1.2781 4910
1744796890764 1.2167 4920
1744796900922 1.1994 4930
1744796911024 1.2337 4940
1744796921224 1.271 4950
1744796931320 1.2156 4960
1744796941865 1.2558 4970
1744796952117 1.2703 4980
1744796962147 1.2441 4990
1744796972298 1.2275 5000
1744796982378 1.2156 5010
1744797016552 1.2461 5020
1744797027272 1.2036 5030
1744797037634 1.2578 5040
1744797047715 1.2334 5050
1744797057857 1.2204 5060
1744797067945 1.2226 5070
1744797078244 1.2471 5080
1744797088296 1.214 5090
1744797098610 1.2595 5100
1744797108743 1.2008 5110
1744797118784 1.1931 5120
1744797128929 1.2499 5130
1744797139003 1.2224 5140
1744797149540 1.2177 5150
1744797159905 1.2796 5160
1744797169946 1.2163 5170
1744797180104 1.2375 5180
1744797190155 1.2281 5190
1744797200320 1.2963 5200
1744797210189 1.2415 5210
1744797244846 1.2308 5220
1744797255006 1.2649 5230
1744797265313 1.2112 5240
1744797275726 1.2096 5250
1744797286322 1.264 5260
1744797296506 1.304 5270
1744797306744 1.2008 5280
1744797316859 1.2308 5290
1744797327260 1.2729 5300
1744797338009 1.2 5310
1744797348563 1.2083 5320
1744797358853 1.2161 5330
1744797369165 1.2188 5340
1744797379507 1.255 5350
1744797389737 1.268 5360
1744797400269 1.2535 5370
1744797410414 1.2859 5380
1744797420459 1.2485 5390
1744797430656 1.2916 5400
1744797464955 1.2183 5410
1744797475218 1.2774 5420
1744797485478 1.2105 5430
1744797495845 1.2738 5440
1744797506127 1.2581 5450
1744797516584 1.2197 5460
1744797526865 1.1716 5470
1744797537038 1.238 5480
1744797547357 1.2054 5490
1744797557427 1.2848 5500
1744797567597 1.2598 5510
1744797577643 1.25 5520
1744797587879 1.2432 5530
1744797597920 1.2488 5540
1744797608105 1.2706 5550
1744797618268 1.2258 5560
1744797628315 1.2252 5570
1744797638527 1.2151 5580
1744797648641 1.2406 5590
1744797683219 1.1947 5600
1744797693480 1.217 5610
1744797703723 1.224 5620
1744797713833 1.1239 5630
1744797724092 1.2443 5640
1744797734733 1.235 5650
1744797745018 1.2209 5660
1744797755885 1.2323 5670
1744797766420 1.2397 5680
1744797776637 1.2341 5690
1744797786742 1.2098 5700
1744797796911 1.2091 5710
1744797807041 1.165 5720
1744797817350 1.1961 5730
1744797828071 1.2786 5740
1744797838210 1.2865 5750
1744797848384 1.2804 5760
1744797858784 1.2017 5770
1744797869600 1.2785 5780
1744797879387 1.2547 5790
