1744582121246 0.5263157894736842 10
1744582140182 1.0 19
1744582144026 1.0526315789473684 20
1744582157950 1.5789473684210527 30
1744582173800 2.0 38
1744582178782 2.1052631578947367 40
1744582192168 2.6315789473684212 50
1744582206342 3.0 57
1744582212804 3.1578947368421053 60
1744582226191 3.6842105263157894 70
1744582238935 4.0 76
1744582246639 4.2105263157894735 80
1744582259592 4.7368421052631575 90
1744582271073 5.0 95
1744582280025 5.2631578947368425 100
1744582293101 5.7894736842105265 110
1744582303384 6.0 114
1744582313634 6.315789473684211 120
1744582326620 6.842105263157895 130
1744582335456 7.0 133
1744582347045 7.368421052631579 140
1744582360254 7.894736842105263 150
1744582367576 8.0 152
1744582380708 8.421052631578947 160
1744582393308 8.947368421052632 170
1744582400186 9.0 171
1744582414590 9.473684210526315 180
1744582426662 10.0 190
1744582432626 10.0 190
1744582448550 10.526315789473685 200
1744582465520 11.0 209
1744582469323 11.052631578947368 210
1744582482478 11.578947368421053 220
1744582498049 12.0 228
1744582503178 12.105263157894736 230
1744582516449 12.631578947368421 240
1744582530548 13.0 247
1744582536948 13.157894736842104 250
1744582549962 13.68421052631579 260
1744582562710 14.0 266
1744582570485 14.210526315789474 270
1744582583603 14.736842105263158 280
1744582595030 15.0 285
1744582604080 15.263157894736842 290
1744582617365 15.789473684210526 300
1744582628077 16.0 304
1744582638346 16.31578947368421 310
1744582651753 16.842105263157894 320
1744582660723 17.0 323
1744582672375 17.36842105263158 330
1744582685468 17.894736842105264 340
1744582692810 18.0 342
1744582705805 18.42105263157895 350
1744582718500 18.94736842105263 360
1744582725132 19.0 361
1744582739276 19.473684210526315 370
1744582751229 20.0 380
1744582757235 20.0 380
1744582759036 20.0 380
1744582759581 20.0 0
1744582765720 20.0 380
