1744582121246 0.8070619106292725 10
1744582144026 0.786889910697937 20
1744582157950 0.8645577430725098 30
1744582178782 0.8995953798294067 40
1744582192168 0.9027896523475647 50
1744582212804 0.934043824672699 60
1744582226191 0.9592148661613464 70
1744582246639 1.0003576278686523 80
1744582259592 0.9535344243049622 90
1744582280025 0.9923587441444397 100
1744582293101 1.0190318822860718 110
1744582313634 1.006965160369873 120
1744582326620 1.1276884078979492 130
1744582347045 1.0373780727386475 140
1744582360254 1.0758558511734009 150
1744582380708 1.1478005647659302 160
1744582393308 1.1966824531555176 170
1744582414590 1.0707875490188599 180
1744582426662 1.5674549341201782 190
1744582448550 1.2500007152557373 200
1744582469323 1.2183185815811157 210
1744582482478 1.260481834411621 220
1744582503178 1.1301847696304321 230
1744582516449 1.3615187406539917 240
1744582536948 1.265937089920044 250
1744582549962 1.4669394493103027 260
1744582570485 1.335350751876831 270
1744582583603 1.2890450954437256 280
1744582604080 1.2807844877243042 290
1744582617365 1.8510926961898804 300
1744582638346 1.2008105516433716 310
1744582651753 1.3841984272003174 320
1744582672375 1.7660157680511475 330
1744582685468 1.4243797063827515 340
1744582705805 1.257304310798645 350
1744582718500 1.3776856660842896 360
1744582739276 1.2638837099075317 370
1744582751229 1.6238723993301392 380
