1744582121246 1.9526315789473688e-05 10
1744582144026 1.9e-05 20
1744582157950 1.8473684210526317e-05 30
1744582178782 1.7947368421052634e-05 40
1744582192168 1.742105263157895e-05 50
1744582212804 1.6894736842105263e-05 60
1744582226191 1.636842105263158e-05 70
1744582246639 1.5842105263157896e-05 80
1744582259592 1.5315789473684212e-05 90
1744582280025 1.4789473684210527e-05 100
1744582293101 1.4263157894736843e-05 110
1744582313634 1.373684210526316e-05 120
1744582326620 1.3210526315789476e-05 130
1744582347045 1.268421052631579e-05 140
1744582360254 1.2157894736842107e-05 150
1744582380708 1.1631578947368423e-05 160
1744582393308 1.1105263157894736e-05 170
1744582414590 1.0578947368421053e-05 180
1744582426662 1.005263157894737e-05 190
1744582448550 9.526315789473684e-06 200
1744582469323 9e-06 210
1744582482478 8.473684210526317e-06 220
1744582503178 7.947368421052633e-06 230
1744582516449 7.421052631578948e-06 240
1744582536948 6.894736842105264e-06 250
1744582549962 6.3684210526315795e-06 260
1744582570485 5.842105263157896e-06 270
1744582583603 5.315789473684211e-06 280
1744582604080 4.789473684210527e-06 290
1744582617365 4.2631578947368425e-06 300
1744582638346 3.736842105263158e-06 310
1744582651753 3.210526315789474e-06 320
1744582672375 2.68421052631579e-06 330
1744582685468 2.1578947368421054e-06 340
1744582705805 1.6315789473684212e-06 350
1744582718500 1.1052631578947369e-06 360
1744582739276 5.789473684210526e-07 370
1744582751229 5.263157894736842e-08 380
