1744582121246 2.6717 10
1744582144026 2.6031 20
1744582157950 2.5188 30
1744582178782 2.4366 40
1744582192168 2.3572 50
1744582212804 2.283 60
1744582226191 2.2036 70
1744582246639 2.132 80
1744582259592 2.0749 90
1744582280025 2.0068 100
1744582293101 1.9525 110
1744582313634 1.8973 120
1744582326620 1.8519 130
1744582347045 1.7973 140
1744582360254 1.7671 150
1744582380708 1.7193 160
1744582393308 1.6649 170
1744582414590 1.6475 180
1744582426662 1.6043 190
1744582448550 1.5398 200
1744582469323 1.5715 210
1744582482478 1.5339 220
1744582503178 1.4904 230
1744582516449 1.4755 240
1744582536948 1.472 250
1744582549962 1.4461 260
1744582570485 1.4182 270
1744582583603 1.4209 280
1744582604080 1.3935 290
1744582617365 1.3723 300
1744582638346 1.3689 310
1744582651753 1.3833 320
1744582672375 1.3838 330
1744582685468 1.3546 340
1744582705805 1.3536 350
1744582718500 1.3259 360
1744582739276 1.3587 370
1744582751229 1.3254 380
