1744579340729 0.2631578947368421 10
1744579349609 0.5263157894736842 20
1744579357928 0.7894736842105263 30
1744579373154 1.0 38
1744579376746 1.0526315789473684 40
1744579385339 1.3157894736842106 50
1744579393945 1.5789473684210527 60
1744579402029 1.8421052631578947 70
1744579413120 2.0 76
1744579418450 2.1052631578947367 80
1744579426804 2.3684210526315788 90
1744579435153 2.6315789473684212 100
1744579443341 2.8947368421052633 110
1744579453552 3.0 114
1744579460505 3.1578947368421053 120
1744579468903 3.4210526315789473 130
1744579476981 3.6842105263157894 140
1744579485407 3.9473684210526314 150
1744579493960 4.0 152
1744579502692 4.2105263157894735 160
1744579511123 4.473684210526316 170
1744579519237 4.7368421052631575 180
1744579526763 5.0 190
1744579533552 5.0 190
1744579544023 5.2631578947368425 200
1744579552461 5.526315789473684 210
1744579560637 5.7894736842105265 220
1744579573204 6.0 228
1744579576939 6.052631578947368 230
1744579585321 6.315789473684211 240
1744579593429 6.578947368421053 250
1744579601892 6.842105263157895 260
1744579612853 7.0 266
1744579618133 7.105263157894737 270
1744579626403 7.368421052631579 280
1744579634601 7.631578947368421 290
1744579642918 7.894736842105263 300
1744579652194 8.0 304
1744579659128 8.157894736842104 310
1744579667714 8.421052631578947 320
1744579675925 8.68421052631579 330
1744579684346 8.947368421052632 340
1744579691878 9.0 342
1744579700577 9.210526315789474 350
1744579708766 9.473684210526315 360
1744579717130 9.736842105263158 370
1744579724637 10.0 380
1744579731913 10.0 380
1744579733654 10.0 380
1744579734219 10.0 0
1744579741746 10.0 380
