1744579340729 2.9105312824249268 10
1744579349609 0.9904838800430298 20
1744579357928 0.9866528511047363 30
1744579376746 1.1318466663360596 40
1744579385339 1.1892809867858887 50
1744579393945 1.1392042636871338 60
1744579402029 1.1894097328186035 70
1744579418450 1.1619064807891846 80
1744579426804 1.2248008251190186 90
1744579435153 1.171273946762085 100
1744579443341 1.2483015060424805 110
1744579460505 1.3628625869750977 120
1744579468903 1.5370742082595825 130
1744579476981 1.3328137397766113 140
1744579485407 1.5135540962219238 150
1744579502692 1.2787237167358398 160
1744579511123 1.3649930953979492 170
1744579519237 1.5700976848602295 180
1744579526763 4.2419891357421875 190
1744579544023 1.4498149156570435 200
1744579552461 1.3820058107376099 210
1744579560637 1.4710968732833862 220
1744579576939 1.5759602785110474 230
1744579585321 1.6091411113739014 240
1744579593429 1.8424104452133179 250
1744579601892 1.757564663887024 260
1744579618133 1.8463575839996338 270
1744579626403 1.6567463874816895 280
1744579634601 1.6255463361740112 290
1744579642918 1.4695428609848022 300
1744579659128 1.4352757930755615 310
1744579667714 1.3488426208496094 320
1744579675925 1.7499393224716187 330
1744579684346 1.600896954536438 340
1744579700577 1.5310169458389282 350
1744579708766 1.3026636838912964 360
1744579717130 1.5960861444473267 370
1744579724637 3.9846293926239014 380
