1744579340729 1.9526315789473688e-05 10
1744579349609 1.9e-05 20
1744579357928 1.8473684210526317e-05 30
1744579376746 1.7947368421052634e-05 40
1744579385339 1.742105263157895e-05 50
1744579393945 1.6894736842105263e-05 60
1744579402029 1.636842105263158e-05 70
1744579418450 1.5842105263157896e-05 80
1744579426804 1.5315789473684212e-05 90
1744579435153 1.4789473684210527e-05 100
1744579443341 1.4263157894736843e-05 110
1744579460505 1.373684210526316e-05 120
1744579468903 1.3210526315789476e-05 130
1744579476981 1.268421052631579e-05 140
1744579485407 1.2157894736842107e-05 150
1744579502692 1.1631578947368423e-05 160
1744579511123 1.1105263157894736e-05 170
1744579519237 1.0578947368421053e-05 180
1744579526763 1.005263157894737e-05 190
1744579544023 9.526315789473684e-06 200
1744579552461 9e-06 210
1744579560637 8.473684210526317e-06 220
1744579576939 7.947368421052633e-06 230
1744579585321 7.421052631578948e-06 240
1744579593429 6.894736842105264e-06 250
1744579601892 6.3684210526315795e-06 260
1744579618133 5.842105263157896e-06 270
1744579626403 5.315789473684211e-06 280
1744579634601 4.789473684210527e-06 290
1744579642918 4.2631578947368425e-06 300
1744579659128 3.736842105263158e-06 310
1744579667714 3.210526315789474e-06 320
1744579675925 2.68421052631579e-06 330
1744579684346 2.1578947368421054e-06 340
1744579700577 1.6315789473684212e-06 350
1744579708766 1.1052631578947369e-06 360
1744579717130 5.789473684210526e-07 370
1744579724637 5.263157894736842e-08 380
