1744579340729 2.6807 10
1744579349609 2.6205 20
1744579357928 2.5603 30
1744579376746 2.5293 40
1744579385339 2.4444 50
1744579393945 2.3796 60
1744579402029 2.3259 70
1744579418450 2.2662 80
1744579426804 2.2185 90
1744579435153 2.155 100
1744579443341 2.1313 110
1744579460505 2.0243 120
1744579468903 2.0131 130
1744579476981 1.9902 140
1744579485407 1.9706 150
1744579502692 1.9045 160
1744579511123 1.8861 170
1744579519237 1.8629 180
1744579526763 1.8293 190
1744579544023 1.7856 200
1744579552461 1.7697 210
1744579560637 1.7546 220
1744579576939 1.7201 230
1744579585321 1.7117 240
1744579593429 1.6949 250
1744579601892 1.6783 260
1744579618133 1.627 270
1744579626403 1.6506 280
1744579634601 1.6224 290
1744579642918 1.6574 300
1744579659128 1.6466 310
1744579667714 1.59 320
1744579675925 1.5529 330
1744579684346 1.6068 340
1744579700577 1.5862 350
1744579708766 1.5819 360
1744579717130 1.574 370
1744579724637 1.5764 380
