1744656736537 0.029940119760479042 10
1744656748898 0.059880239520958084 20
1744656761474 0.08982035928143713 30
1744656773783 0.11976047904191617 40
1744656786756 0.1497005988023952 50
1744656799559 0.17964071856287425 60
1744656812125 0.20958083832335328 70
1744656825694 0.23952095808383234 80
1744656838696 0.2694610778443114 90
1744656850957 0.2994011976047904 100
1744656863370 0.32934131736526945 110
1744656876056 0.3592814371257485 120
1744656888289 0.38922155688622756 130
1744656900832 0.41916167664670656 140
1744656913403 0.4491017964071856 150
1744656925561 0.47904191616766467 160
1744656938182 0.5089820359281437 170
1744656950511 0.5389221556886228 180
1744656962764 0.5688622754491018 190
1744656975156 0.5988023952095808 200
1744656987793 0.6287425149700598 210
1744657000282 0.6586826347305389 220
1744657012558 0.688622754491018 230
1744657025307 0.718562874251497 240
1744657037620 0.7485029940119761 250
1744657050091 0.7784431137724551 260
1744657062324 0.8083832335329342 270
1744657074498 0.8383233532934131 280
1744657086670 0.8682634730538922 290
1744657098767 0.8982035928143712 300
1744657111098 0.9281437125748503 310
1744657123430 0.9580838323353293 320
1744657135736 0.9880239520958084 330
1744657172989 1.0 334
1744657181083 1.0179640718562875 340
1744657192199 1.0479041916167664 350
1744657203335 1.0778443113772456 360
1744657214682 1.1077844311377245 370
1744657226240 1.1377245508982037 380
1744657237725 1.1676646706586826 390
1744657248929 1.1976047904191618 400
1744657260093 1.2275449101796407 410
1744657271502 1.2574850299401197 420
1744657283847 1.2874251497005988 430
1744657295084 1.3173652694610778 440
1744657306355 1.347305389221557 450
1744657318547 1.377245508982036 460
1744657330494 1.407185628742515 470
1744657341700 1.437125748502994 480
1744657352846 1.467065868263473 490
1744657363926 1.4970059880239521 500
1744657375688 1.5269461077844313 510
1744657387077 1.55688622754491 520
1744657398355 1.5868263473053892 530
1744657409595 1.6167664670658684 540
1744657421627 1.6467065868263473 550
1744657433139 1.6766467065868262 560
1744657444446 1.7065868263473054 570
1744657456355 1.7365269461077846 580
1744657468802 1.7664670658682635 590
1744657480112 1.7964071856287425 600
1744657491544 1.8263473053892216 610
1744657503817 1.8562874251497006 620
1744657515135 1.8862275449101795 630
1744657526332 1.9161676646706587 640
1744657537524 1.9461077844311379 650
1744657548687 1.9760479041916168 660
