1744656736537 2.467937469482422 10
1744656748898 2.5352745056152344 20
1744656761474 3.6763510704040527 30
1744656773783 3.025209665298462 40
1744656786756 2.9746577739715576 50
1744656799559 2.751227617263794 60
1744656812125 2.592142343521118 70
1744656825694 2.742849826812744 80
1744656838696 3.787123441696167 90
1744656850957 3.0430052280426025 100
1744656863370 3.219395399093628 110
1744656876056 3.2788712978363037 120
1744656888289 2.759430408477783 130
1744656900832 3.1636948585510254 140
1744656913403 2.5416057109832764 150
1744656925561 3.321978807449341 160
1744656938182 3.0041606426239014 170
1744656950511 3.5188424587249756 180
1744656962764 3.2302122116088867 190
1744656975156 3.1109180450439453 200
1744656987793 3.1245176792144775 210
1744657000282 3.0220890045166016 220
1744657012558 3.642094850540161 230
1744657025307 3.231168270111084 240
1744657037620 3.5725274085998535 250
1744657050091 3.2995448112487793 260
1744657062324 3.2399585247039795 270
1744657074498 2.9179112911224365 280
1744657086670 3.3214643001556396 290
1744657098767 3.550372838973999 300
1744657111098 3.1461803913116455 310
1744657123430 3.519625186920166 320
1744657135736 3.3069653511047363 330
1744657181083 3.382145881652832 340
1744657192199 3.4968812465667725 350
1744657203335 3.499394416809082 360
1744657214682 3.6963536739349365 370
1744657226240 3.472689151763916 380
1744657237725 3.09810209274292 390
1744657248929 3.0511560440063477 400
1744657260093 3.487640857696533 410
1744657271502 3.1565301418304443 420
1744657283847 3.037592649459839 430
1744657295084 3.4000163078308105 440
1744657306355 3.3467419147491455 450
1744657318547 3.933208703994751 460
1744657330494 3.6432642936706543 470
1744657341700 3.947138547897339 480
1744657352846 2.7073333263397217 490
1744657363926 3.6879308223724365 500
1744657375688 3.640920877456665 510
1744657387077 3.967313766479492 520
1744657398355 3.078587532043457 530
1744657409595 2.9779562950134277 540
1744657421627 4.07455587387085 550
1744657433139 3.8254809379577637 560
1744657444446 4.345600128173828 570
1744657456355 3.7481048107147217 580
1744657468802 3.2997777462005615 590
1744657480112 3.5519800186157227 600
1744657491544 4.686177730560303 610
1744657503817 3.9977171421051025 620
1744657515135 3.2418324947357178 630
1744657526332 3.2707788944244385 640
1744657537524 4.587238311767578 650
1744657548687 3.8209290504455566 660
