1744656736537 1.9820359281437127e-05 10
1744656748898 1.9620758483033934e-05 20
1744656761474 1.942115768463074e-05 30
1744656773783 1.9221556886227546e-05 40
1744656786756 1.9021956087824355e-05 50
1744656799559 1.8822355289421158e-05 60
1744656812125 1.8622754491017964e-05 70
1744656825694 1.8423153692614773e-05 80
1744656838696 1.822355289421158e-05 90
1744656850957 1.8023952095808385e-05 100
1744656863370 1.782435129740519e-05 110
1744656876056 1.7624750499001998e-05 120
1744656888289 1.7425149700598804e-05 130
1744656900832 1.722554890219561e-05 140
1744656913403 1.7025948103792416e-05 150
1744656925561 1.6826347305389222e-05 160
1744656938182 1.6626746506986028e-05 170
1744656950511 1.6427145708582837e-05 180
1744656962764 1.6227544910179644e-05 190
1744656975156 1.6027944111776446e-05 200
1744656987793 1.5828343313373256e-05 210
1744657000282 1.5628742514970062e-05 220
1744657012558 1.5429141716566868e-05 230
1744657025307 1.5229540918163674e-05 240
1744657037620 1.502994011976048e-05 250
1744657050091 1.4830339321357288e-05 260
1744657062324 1.4630738522954094e-05 270
1744657074498 1.4431137724550898e-05 280
1744657086670 1.4231536926147706e-05 290
1744657098767 1.4031936127744512e-05 300
1744657111098 1.3832335329341318e-05 310
1744657123430 1.3632734530938126e-05 320
1744657135736 1.343313373253493e-05 330
1744657181083 1.3233532934131738e-05 340
1744657192199 1.3033932135728544e-05 350
1744657203335 1.283433133732535e-05 360
1744657214682 1.2634730538922158e-05 370
1744657226240 1.2435129740518962e-05 380
1744657237725 1.2235528942115768e-05 390
1744657248929 1.2035928143712576e-05 400
1744657260093 1.1836327345309382e-05 410
1744657271502 1.163672654690619e-05 420
1744657283847 1.1437125748502994e-05 430
1744657295084 1.12375249500998e-05 440
1744657306355 1.1037924151696608e-05 450
1744657318547 1.0838323353293414e-05 460
1744657330494 1.063872255489022e-05 470
1744657341700 1.0439121756487028e-05 480
1744657352846 1.0239520958083833e-05 490
1744657363926 1.003992015968064e-05 500
1744657375688 9.840319361277446e-06 510
1744657387077 9.640718562874252e-06 520
1744657398355 9.441117764471059e-06 530
1744657409595 9.241516966067865e-06 540
1744657421627 9.041916167664672e-06 550
1744657433139 8.842315369261478e-06 560
1744657444446 8.642714570858284e-06 570
1744657456355 8.44311377245509e-06 580
1744657468802 8.243512974051897e-06 590
1744657480112 8.043912175648704e-06 600
1744657491544 7.844311377245509e-06 610
1744657503817 7.644710578842317e-06 620
1744657515135 7.445109780439123e-06 630
1744657526332 7.2455089820359295e-06 640
1744657537524 7.045908183632735e-06 650
1744657548687 6.846307385229542e-06 660
