1744656736537 2.6926 10
1744656748898 2.6618 20
1744656761474 2.6714 30
1744656773783 2.635 40
1744656786756 2.6068 50
1744656799559 2.5862 60
1744656812125 2.5444 70
1744656825694 2.5487 80
1744656838696 2.5268 90
1744656850957 2.4826 100
1744656863370 2.4852 110
1744656876056 2.4559 120
1744656888289 2.4131 130
1744656900832 2.4015 140
1744656913403 2.3879 150
1744656925561 2.3249 160
1744656938182 2.2743 170
1744656950511 2.2909 180
1744656962764 2.2687 190
1744656975156 2.2254 200
1744656987793 2.345 210
1744657000282 2.1709 220
1744657012558 2.2143 230
1744657025307 2.1386 240
1744657037620 2.155 250
1744657050091 2.0722 260
1744657062324 2.1346 270
1744657074498 2.1383 280
1744657086670 2.1242 290
1744657098767 2.1094 300
1744657111098 2.1187 310
1744657123430 2.1024 320
1744657135736 2.0346 330
1744657181083 1.9482 340
1744657192199 2.0569 350
1744657203335 1.9723 360
1744657214682 2.0029 370
1744657226240 2.0351 380
1744657237725 1.9348 390
1744657248929 2.0048 400
1744657260093 1.9033 410
1744657271502 1.9906 420
1744657283847 1.8782 430
1744657295084 1.812 440
1744657306355 1.952 450
1744657318547 1.8437 460
1744657330494 1.7278 470
1744657341700 1.8506 480
1744657352846 1.7783 490
1744657363926 1.8987 500
1744657375688 1.7265 510
1744657387077 1.7701 520
1744657398355 1.866 530
1744657409595 1.818 540
1744657421627 1.8572 550
1744657433139 1.6172 560
1744657444446 1.7919 570
1744657456355 1.6731 580
1744657468802 1.6266 590
1744657480112 1.673 600
1744657491544 1.7701 610
1744657503817 1.7141 620
1744657515135 1.6976 630
1744657526332 1.633 640
1744657537524 1.6704 650
1744657548687 1.692 660
