1744882382134 0.07874015748031496 10
1744882394854 0.15748031496062992 20
1744882408374 0.23622047244094488 30
1744882421657 0.31496062992125984 40
1744882435258 0.3937007874015748 50
1744882448224 0.47244094488188976 60
1744882461535 0.5511811023622047 70
1744882474971 0.6299212598425197 80
1744882488624 0.7086614173228346 90
1744882502526 0.7874015748031497 100
1744882515854 0.8661417322834646 110
1744882529336 0.9448818897637795 120
1744882561729 1.0 127
1744882567777 1.0236220472440944 130
1744882581187 1.1023622047244095 140
1744882594711 1.1811023622047245 150
1744882609001 1.2598425196850394 160
1744882622239 1.3385826771653544 170
1744882635977 1.4173228346456692 180
1744882649271 1.4960629921259843 190
1744882662873 1.574803149606299 200
1744882676114 1.6535433070866141 210
1744882689185 1.7322834645669292 220
1744882702846 1.811023622047244 230
1744882716300 1.889763779527559 240
1744882729662 1.968503937007874 250
1744882758178 2.0 254
1744882768243 2.047244094488189 260
1744882781785 2.1259842519685037 270
1744882795224 2.204724409448819 280
1744882809014 2.283464566929134 290
1744882822703 2.362204724409449 300
1744882836620 2.440944881889764 310
1744882849700 2.5196850393700787 320
1744882862772 2.5984251968503935 330
1744882876586 2.677165354330709 340
1744882889723 2.7559055118110236 350
1744882903478 2.8346456692913384 360
1744882917197 2.9133858267716537 370
1744882930609 2.9921259842519685 380
1744882955358 3.0 381
1744882969184 3.0708661417322833 390
1744882982814 3.1496062992125986 400
1744882996760 3.2283464566929134 410
1744883010183 3.3070866141732282 420
1744883023437 3.3858267716535435 430
1744883036469 3.4645669291338583 440
1744883049950 3.543307086614173 450
1744883063329 3.622047244094488 460
1744883076602 3.7007874015748032 470
1744883090608 3.779527559055118 480
1744883103805 3.8582677165354333 490
1744883117239 3.937007874015748 500
1744883151471 4.0 508
1744883156822 4.015748031496063 510
1744883170534 4.094488188976378 520
1744883184240 4.173228346456693 530
1744883197687 4.251968503937007 540
1744883210833 4.330708661417323 550
1744883224263 4.409448818897638 560
1744883237529 4.488188976377953 570
1744883251019 4.566929133858268 580
1744883264198 4.645669291338582 590
1744883277506 4.724409448818898 600
1744883290842 4.803149606299213 610
1744883304205 4.881889763779528 620
1744883317517 4.960629921259843 630
1744883347294 5.0 635
1744883356349 5.039370078740157 640
1744883369882 5.118110236220472 650
1744883383438 5.196850393700787 660
1744883396810 5.275590551181103 670
1744883410167 5.354330708661418 680
1744883423504 5.433070866141732 690
1744883437307 5.511811023622047 700
1744883450593 5.590551181102362 710
1744883464297 5.669291338582677 720
1744883477358 5.748031496062993 730
1744883491088 5.826771653543307 740
1744883504669 5.905511811023622 750
1744883517996 5.984251968503937 760
1744883543444 6.0 762
1744883556912 6.062992125984252 770
1744883570938 6.141732283464567 780
1744883584751 6.2204724409448815 790
1744883597819 6.299212598425197 800
1744883611458 6.377952755905512 810
1744883625369 6.456692913385827 820
1744883638542 6.535433070866142 830
1744883651677 6.6141732283464565 840
1744883665579 6.692913385826771 850
1744883679097 6.771653543307087 860
1744883692853 6.850393700787402 870
1744883706068 6.929133858267717 880
1744883741470 7.0 889
1744883745345 7.0078740157480315 890
1744883758758 7.086614173228346 900
1744883772130 7.165354330708661 910
1744883785536 7.244094488188976 920
1744883798966 7.322834645669292 930
1744883812343 7.4015748031496065 940
1744883825504 7.480314960629921 950
1744883839316 7.559055118110236 960
1744883853044 7.637795275590551 970
1744883866315 7.716535433070866 980
1744883879967 7.7952755905511815 990
1744883893446 7.874015748031496 1000
1744883906834 7.952755905511811 1010
1744883938645 8.0 1016
1744883946377 8.031496062992126 1020
1744883960277 8.11023622047244 1030
1744883973467 8.188976377952756 1040
1744883986950 8.26771653543307 1050
1744884000074 8.346456692913385 1060
1744884013899 8.4251968503937 1070
1744884026846 8.503937007874015 1080
1744884040222 8.582677165354331 1090
1744884054166 8.661417322834646 1100
1744884067393 8.740157480314961 1110
1744884080887 8.818897637795276 1120
1744884094098 8.89763779527559 1130
1744884107533 8.976377952755906 1140
1744884134531 9.0 1143
1744884146306 9.05511811023622 1150
1744884159626 9.133858267716535 1160
1744884172917 9.21259842519685 1170
1744884186581 9.291338582677165 1180
1744884200267 9.37007874015748 1190
1744884213568 9.448818897637794 1200
1744884227121 9.527559055118111 1210
1744884240464 9.606299212598426 1220
1744884254122 9.68503937007874 1230
1744884267401 9.763779527559056 1240
1744884281111 9.84251968503937 1250
1744884294469 9.921259842519685 1260
1744884307676 10.0 1270
1744884332012 10.0 1270
1744884347937 10.078740157480315 1280
1744884361513 10.15748031496063 1290
1744884375830 10.236220472440944 1300
1744884389249 10.31496062992126 1310
1744884402821 10.393700787401574 1320
1744884416871 10.472440944881889 1330
1744884431083 10.551181102362206 1340
1744884445015 10.62992125984252 1350
1744884459388 10.708661417322835 1360
1744884472915 10.78740157480315 1370
1744884486406 10.866141732283465 1380
1744884500328 10.94488188976378 1390
1744884533478 11.0 1397
1744884540123 11.023622047244094 1400
1744884553502 11.10236220472441 1410
1744884566702 11.181102362204724 1420
1744884580374 11.259842519685039 1430
1744884593472 11.338582677165354 1440
1744884607274 11.417322834645669 1450
1744884620790 11.496062992125985 1460
1744884634239 11.5748031496063 1470
1744884647679 11.653543307086615 1480
1744884660846 11.73228346456693 1490
1744884674333 11.811023622047244 1500
1744884687616 11.88976377952756 1510
1744884701290 11.968503937007874 1520
1744884730224 12.0 1524
1744884741180 12.047244094488189 1530
1744884754881 12.125984251968504 1540
1744884768152 12.204724409448819 1550
1744884781279 12.283464566929133 1560
1744884794742 12.362204724409448 1570
1744884807864 12.440944881889763 1580
1744884821426 12.519685039370078 1590
1744884834603 12.598425196850394 1600
1744884848059 12.67716535433071 1610
1744884861099 12.755905511811024 1620
1744884874364 12.834645669291339 1630
1744884887460 12.913385826771654 1640
1744884900732 12.992125984251969 1650
1744884925893 13.0 1651
1744884940194 13.070866141732283 1660
1744884953366 13.149606299212598 1670
1744884966689 13.228346456692913 1680
1744884980107 13.307086614173228 1690
1744884993669 13.385826771653543 1700
1744885006733 13.464566929133857 1710
1744885019986 13.543307086614174 1720
1744885033277 13.622047244094489 1730
1744885046980 13.700787401574804 1740
1744885060779 13.779527559055119 1750
1744885074666 13.858267716535433 1760
1744885088482 13.937007874015748 1770
1744885122965 14.0 1778
1744885127813 14.015748031496063 1780
1744885141449 14.094488188976378 1790
1744885154929 14.173228346456693 1800
1744885168773 14.251968503937007 1810
1744885182381 14.330708661417322 1820
1744885195964 14.409448818897637 1830
1744885209327 14.488188976377952 1840
1744885223006 14.566929133858268 1850
1744885236274 14.645669291338583 1860
1744885249666 14.724409448818898 1870
1744885263218 14.803149606299213 1880
1744885276807 14.881889763779528 1890
1744885290676 14.960629921259843 1900
1744885320667 15.0 1905
1744885329980 15.039370078740157 1910
1744885343747 15.118110236220472 1920
1744885357010 15.196850393700787 1930
1744885370238 15.275590551181102 1940
1744885383463 15.354330708661417 1950
1744885396538 15.433070866141732 1960
1744885409778 15.511811023622048 1970
1744885423012 15.590551181102363 1980
1744885436971 15.669291338582678 1990
1744885450835 15.748031496062993 2000
1744885464870 15.826771653543307 2010
1744885478301 15.905511811023622 2020
1744885491818 15.984251968503937 2030
1744885517949 16.0 2032
1744885531613 16.062992125984252 2040
1744885545498 16.141732283464567 2050
1744885559311 16.22047244094488 2060
1744885572465 16.299212598425196 2070
1744885586198 16.37795275590551 2080
1744885599303 16.456692913385826 2090
1744885612530 16.53543307086614 2100
1744885625628 16.614173228346456 2110
1744885638829 16.69291338582677 2120
1744885652290 16.771653543307085 2130
1744885665813 16.8503937007874 2140
1744885679167 16.929133858267715 2150
1744885715027 17.0 2159
1744885719088 17.007874015748033 2160
1744885732496 17.086614173228348 2170
1744885745977 17.165354330708663 2180
1744885759348 17.244094488188978 2190
1744885772727 17.322834645669293 2200
1744885786605 17.401574803149607 2210
1744885799889 17.480314960629922 2220
1744885812962 17.559055118110237 2230
1744885826299 17.637795275590552 2240
1744885839619 17.716535433070867 2250
1744885852956 17.79527559055118 2260
1744885866460 17.874015748031496 2270
1744885879836 17.95275590551181 2280
1744885911323 18.0 2286
1744885919236 18.031496062992126 2290
1744885932575 18.11023622047244 2300
1744885945580 18.188976377952756 2310
1744885959209 18.26771653543307 2320
1744885972180 18.346456692913385 2330
1744885986157 18.4251968503937 2340
1744885999415 18.503937007874015 2350
1744886013035 18.58267716535433 2360
1744886026370 18.661417322834644 2370
1744886039418 18.74015748031496 2380
1744886053008 18.818897637795274 2390
1744886066125 18.89763779527559 2400
1744886079305 18.976377952755904 2410
1744886106414 19.0 2413
1744886118174 19.055118110236222 2420
1744886132117 19.133858267716537 2430
1744886145719 19.212598425196852 2440
1744886159046 19.291338582677167 2450
1744886172421 19.37007874015748 2460
1744886185505 19.448818897637796 2470
1744886198907 19.52755905511811 2480
1744886212181 19.606299212598426 2490
1744886225865 19.68503937007874 2500
1744886239124 19.763779527559056 2510
1744886252269 19.84251968503937 2520
1744886265517 19.921259842519685 2530
1744886278263 20.0 2540
1744886301678 20.0 2540
1744886317260 20.078740157480315 2550
1744886330258 20.15748031496063 2560
1744886343815 20.236220472440944 2570
1744886357233 20.31496062992126 2580
1744886370640 20.393700787401574 2590
1744886384298 20.47244094488189 2600
1744886397395 20.551181102362204 2610
1744886410658 20.62992125984252 2620
1744886423959 20.708661417322833 2630
1744886437295 20.787401574803148 2640
1744886450426 20.866141732283463 2650
1744886463888 20.944881889763778 2660
1744886497019 21.0 2667
1744886503135 21.023622047244096 2670
1744886516127 21.10236220472441 2680
1744886529537 21.181102362204726 2690
1744886542810 21.25984251968504 2700
1744886556332 21.338582677165356 2710
1744886569417 21.41732283464567 2720
1744886582924 21.496062992125985 2730
1744886596345 21.5748031496063 2740
1744886609928 21.653543307086615 2750
1744886623309 21.73228346456693 2760
1744886636663 21.811023622047244 2770
1744886650012 21.88976377952756 2780
1744886663388 21.968503937007874 2790
1744886692719 22.0 2794
1744886702897 22.04724409448819 2800
1744886716249 22.125984251968504 2810
1744886730082 22.20472440944882 2820
1744886743560 22.283464566929133 2830
1744886756911 22.362204724409448 2840
1744886770156 22.440944881889763 2850
1744886783664 22.519685039370078 2860
1744886797080 22.598425196850393 2870
1744886810197 22.677165354330707 2880
1744886823652 22.755905511811022 2890
1744886837066 22.834645669291337 2900
1744886850302 22.913385826771652 2910
1744886863693 22.99212598425197 2920
1744886888331 23.0 2921
1744886902754 23.070866141732285 2930
1744886916417 23.1496062992126 2940
1744886930056 23.228346456692915 2950
1744886943324 23.30708661417323 2960
1744886956798 23.385826771653544 2970
1744886970235 23.46456692913386 2980
1744886983438 23.543307086614174 2990
1744886996663 23.62204724409449 3000
1744887010140 23.700787401574804 3010
1744887023852 23.77952755905512 3020
1744887036898 23.858267716535433 3030
1744887050260 23.937007874015748 3040
1744887085592 24.0 3048
1744887090485 24.015748031496063 3050
1744887104424 24.094488188976378 3060
1744887117783 24.173228346456693 3070
1744887131290 24.251968503937007 3080
1744887145133 24.330708661417322 3090
1744887158543 24.409448818897637 3100
1744887172704 24.488188976377952 3110
1744887186131 24.566929133858267 3120
1744887199508 24.64566929133858 3130
1744887212829 24.724409448818896 3140
1744887226547 24.80314960629921 3150
1744887240026 24.881889763779526 3160
1744887253548 24.96062992125984 3170
1744887284346 25.0 3175
1744887293144 25.03937007874016 3180
1744887306295 25.118110236220474 3190
1744887319939 25.19685039370079 3200
1744887333279 25.275590551181104 3210
1744887346834 25.35433070866142 3220
1744887359905 25.433070866141733 3230
1744887373592 25.511811023622048 3240
1744887386847 25.590551181102363 3250
1744887400435 25.669291338582678 3260
1744887413550 25.748031496062993 3270
1744887426745 25.826771653543307 3280
1744887440111 25.905511811023622 3290
1744887453210 25.984251968503937 3300
1744887479284 26.0 3302
1744887492414 26.062992125984252 3310
1744887505624 26.141732283464567 3320
1744887519069 26.22047244094488 3330
1744887532106 26.299212598425196 3340
1744887545474 26.37795275590551 3350
1744887559026 26.456692913385826 3360
1744887572409 26.53543307086614 3370
1744887585968 26.614173228346456 3380
1744887599802 26.69291338582677 3390
1744887613474 26.771653543307085 3400
1744887626786 26.8503937007874 3410
1744887640765 26.929133858267715 3420
1744887676236 27.0 3429
1744887679854 27.007874015748033 3430
1744887693797 27.086614173228348 3440
1744887707136 27.165354330708663 3450
1744887720651 27.244094488188978 3460
1744887733841 27.322834645669293 3470
1744887747330 27.401574803149607 3480
1744887760975 27.480314960629922 3490
1744887774760 27.559055118110237 3500
1744887788327 27.637795275590552 3510
1744887801654 27.716535433070867 3520
1744887815142 27.79527559055118 3530
1744887828293 27.874015748031496 3540
1744887841535 27.95275590551181 3550
1744887873137 28.0 3556
1744887880656 28.031496062992126 3560
1744887894562 28.11023622047244 3570
1744887908153 28.188976377952756 3580
1744887921711 28.26771653543307 3590
1744887935039 28.346456692913385 3600
1744887948384 28.4251968503937 3610
1744887961832 28.503937007874015 3620
1744887975259 28.58267716535433 3630
1744887988558 28.661417322834644 3640
1744888001909 28.74015748031496 3650
1744888015258 28.818897637795274 3660
1744888028235 28.89763779527559 3670
1744888041218 28.976377952755904 3680
1744888068418 29.0 3683
1744888080139 29.055118110236222 3690
1744888093572 29.133858267716537 3700
1744888106668 29.212598425196852 3710
1744888120321 29.291338582677167 3720
1744888133847 29.37007874015748 3730
1744888147153 29.448818897637796 3740
1744888160593 29.52755905511811 3750
1744888173445 29.606299212598426 3760
1744888186830 29.68503937007874 3770
1744888200165 29.763779527559056 3780
1744888213530 29.84251968503937 3790
1744888227117 29.921259842519685 3800
1744888240006 30.0 3810
1744888263897 30.0 3810
1744888266044 30.0 3810
1744888266658 30.0 0
1744888290807 30.0 3810
