1744882382134 4.377608299255371 10
1744882394854 6.157352447509766 20
1744882408374 5.087244987487793 30
1744882421657 6.364973545074463 40
1744882435258 6.3578901290893555 50
1744882448224 7.801806926727295 60
1744882461535 8.745721817016602 70
1744882474971 9.200854301452637 80
1744882488624 7.476125240325928 90
1744882502526 7.063971996307373 100
1744882515854 7.576994895935059 110
1744882529336 9.50969123840332 120
1744882567777 6.472322940826416 130
1744882581187 10.5415678024292 140
1744882594711 15.119388580322266 150
1744882609001 5.268930912017822 160
1744882622239 6.054874420166016 170
1744882635977 6.0440802574157715 180
1744882649271 6.661929130554199 190
1744882662873 7.637527942657471 200
1744882676114 7.597519874572754 210
1744882689185 5.31291389465332 220
1744882702846 6.13397216796875 230
1744882716300 5.816689491271973 240
1744882729662 6.354358673095703 250
1744882768243 6.198638916015625 260
1744882781785 5.510735988616943 270
1744882795224 7.401337623596191 280
1744882809014 3.9792165756225586 290
1744882822703 5.929845809936523 300
1744882836620 5.626755714416504 310
1744882849700 5.680463790893555 320
1744882862772 4.561837673187256 330
1744882876586 7.380437850952148 340
1744882889723 5.133873462677002 350
1744882903478 4.997679710388184 360
1744882917197 7.348468780517578 370
1744882930609 5.419870853424072 380
1744882969184 5.063798904418945 390
1744882982814 4.805873394012451 400
1744882996760 5.525916576385498 410
1744883010183 4.71329927444458 420
1744883023437 3.04089093208313 430
1744883036469 6.615297794342041 440
1744883049950 4.358341693878174 450
1744883063329 4.195901870727539 460
1744883076602 8.6344633102417 470
1744883090608 5.443234443664551 480
1744883103805 4.383486747741699 490
1744883117239 4.317591667175293 500
1744883156822 5.307156562805176 510
1744883170534 4.384463310241699 520
1744883184240 5.193837642669678 530
1744883197687 4.594523906707764 540
1744883210833 5.869941711425781 550
1744883224263 3.530076742172241 560
1744883237529 7.057634353637695 570
1744883251019 4.331705093383789 580
1744883264198 3.445493221282959 590
1744883277506 2.8197097778320312 600
1744883290842 5.452695369720459 610
1744883304205 4.233914852142334 620
1744883317517 4.942716121673584 630
1744883356349 3.195335865020752 640
1744883369882 3.9304542541503906 650
1744883383438 3.3003909587860107 660
1744883396810 3.7401602268218994 670
1744883410167 4.476051330566406 680
1744883423504 3.9054436683654785 690
1744883437307 5.884372234344482 700
1744883450593 5.13911771774292 710
1744883464297 5.233972072601318 720
1744883477358 7.093998432159424 730
1744883491088 3.5531508922576904 740
1744883504669 3.3448424339294434 750
1744883517996 6.403653144836426 760
1744883556912 4.932098865509033 770
1744883570938 2.538484573364258 780
1744883584751 3.252678871154785 790
1744883597819 4.590948581695557 800
1744883611458 5.122344493865967 810
1744883625369 3.565469741821289 820
1744883638542 4.276053428649902 830
1744883651677 4.434773921966553 840
1744883665579 3.9447360038757324 850
1744883679097 2.208420991897583 860
1744883692853 6.638089656829834 870
1744883706068 4.529159069061279 880
1744883745345 3.879863977432251 890
1744883758758 5.120710372924805 900
1744883772130 4.640444278717041 910
1744883785536 2.8721816539764404 920
1744883798966 7.116829872131348 930
1744883812343 3.559882164001465 940
1744883825504 5.140221118927002 950
1744883839316 5.6283183097839355 960
1744883853044 5.747097969055176 970
1744883866315 3.520195960998535 980
1744883879967 5.533863067626953 990
1744883893446 4.354498386383057 1000
1744883906834 3.4289674758911133 1010
1744883946377 4.638162612915039 1020
1744883960277 3.6153273582458496 1030
1744883973467 5.434472560882568 1040
1744883986950 5.274535179138184 1050
1744884000074 3.7495334148406982 1060
1744884013899 3.4083683490753174 1070
1744884026846 4.5925140380859375 1080
1744884040222 4.469566345214844 1090
1744884054166 5.235108375549316 1100
1744884067393 3.2822494506835938 1110
1744884080887 5.275700092315674 1120
1744884094098 3.8692851066589355 1130
1744884107533 8.139962196350098 1140
1744884146306 3.6969926357269287 1150
1744884159626 2.9570298194885254 1160
1744884172917 2.610442638397217 1170
1744884186581 2.828401803970337 1180
1744884200267 4.651645183563232 1190
1744884213568 3.1733195781707764 1200
1744884227121 3.948822259902954 1210
1744884240464 3.1768577098846436 1220
1744884254122 3.0812265872955322 1230
1744884267401 4.296567916870117 1240
1744884281111 3.1885368824005127 1250
1744884294469 3.4357008934020996 1260
1744884307676 3.1255850791931152 1270
1744884347937 4.604340076446533 1280
1744884361513 2.948269844055176 1290
1744884375830 5.128610610961914 1300
1744884389249 2.8912456035614014 1310
1744884402821 3.1814475059509277 1320
1744884416871 5.464996337890625 1330
1744884431083 3.9264297485351562 1340
1744884445015 2.5259056091308594 1350
1744884459388 4.486922264099121 1360
1744884472915 3.8979289531707764 1370
1744884486406 3.1265079975128174 1380
1744884500328 2.983346700668335 1390
1744884540123 3.026132822036743 1400
1744884553502 4.001534461975098 1410
1744884566702 3.358354091644287 1420
1744884580374 3.94476318359375 1430
1744884593472 3.3350396156311035 1440
1744884607274 2.7996327877044678 1450
1744884620790 2.457643747329712 1460
1744884634239 2.778270721435547 1470
1744884647679 3.4885008335113525 1480
1744884660846 4.053544521331787 1490
1744884674333 4.503396034240723 1500
1744884687616 3.201366424560547 1510
1744884701290 4.1254377365112305 1520
1744884741180 4.683384418487549 1530
1744884754881 4.000689506530762 1540
1744884768152 3.0997540950775146 1550
1744884781279 10.990601539611816 1560
1744884794742 3.8655872344970703 1570
1744884807864 2.901836633682251 1580
1744884821426 4.360455513000488 1590
1744884834603 4.8232879638671875 1600
1744884848059 5.1533684730529785 1610
1744884861099 4.482683181762695 1620
1744884874364 3.816289186477661 1630
1744884887460 4.283467769622803 1640
1744884900732 2.050031900405884 1650
1744884940194 2.84134578704834 1660
1744884953366 2.919447898864746 1670
1744884966689 3.09771466255188 1680
1744884980107 3.203709125518799 1690
1744884993669 3.750180721282959 1700
1744885006733 6.611778736114502 1710
1744885019986 4.656961917877197 1720
1744885033277 4.459647178649902 1730
1744885046980 3.9269816875457764 1740
1744885060779 2.241690158843994 1750
1744885074666 2.8606362342834473 1760
1744885088482 4.1569108963012695 1770
1744885127813 3.292248010635376 1780
1744885141449 4.747688293457031 1790
1744885154929 3.2252578735351562 1800
1744885168773 4.808154582977295 1810
1744885182381 2.528578519821167 1820
1744885195964 2.6754343509674072 1830
1744885209327 3.9702630043029785 1840
1744885223006 2.6994740962982178 1850
1744885236274 6.052224636077881 1860
1744885249666 2.583491325378418 1870
1744885263218 4.7075581550598145 1880
1744885276807 9.323587417602539 1890
1744885290676 2.6938869953155518 1900
1744885329980 2.7105367183685303 1910
1744885343747 3.6410958766937256 1920
1744885357010 2.354830265045166 1930
1744885370238 2.5607857704162598 1940
1744885383463 2.735461950302124 1950
1744885396538 3.643704891204834 1960
1744885409778 2.7210824489593506 1970
1744885423012 3.325438976287842 1980
1744885436971 2.4822726249694824 1990
1744885450835 1.8475604057312012 2000
1744885464870 3.926359176635742 2010
1744885478301 3.260829448699951 2020
1744885491818 4.005404949188232 2030
1744885531613 3.234119415283203 2040
1744885545498 3.19907283782959 2050
1744885559311 2.9381465911865234 2060
1744885572465 3.55899715423584 2070
1744885586198 2.618372917175293 2080
1744885599303 4.338663101196289 2090
1744885612530 2.0003769397735596 2100
1744885625628 2.907724618911743 2110
1744885638829 2.9352900981903076 2120
1744885652290 1.8770763874053955 2130
1744885665813 4.22689151763916 2140
1744885679167 4.189976215362549 2150
1744885719088 1.9856353998184204 2160
1744885732496 2.588937282562256 2170
1744885745977 3.5364975929260254 2180
1744885759348 2.243169069290161 2190
1744885772727 4.819566249847412 2200
1744885786605 3.690068006515503 2210
1744885799889 2.416398286819458 2220
1744885812962 3.1968111991882324 2230
1744885826299 3.9787027835845947 2240
1744885839619 5.36353063583374 2250
1744885852956 2.4656636714935303 2260
1744885866460 3.244065761566162 2270
1744885879836 3.368234395980835 2280
1744885919236 3.1952381134033203 2290
1744885932575 4.484729766845703 2300
1744885945580 1.858059287071228 2310
1744885959209 2.3032238483428955 2320
1744885972180 3.0840234756469727 2330
1744885986157 1.7805819511413574 2340
1744885999415 2.952968120574951 2350
1744886013035 3.2468090057373047 2360
1744886026370 2.8547446727752686 2370
1744886039418 3.051922559738159 2380
1744886053008 4.6088643074035645 2390
1744886066125 3.6550116539001465 2400
1744886079305 2.7321689128875732 2410
1744886118174 2.770530939102173 2420
1744886132117 3.676503896713257 2430
1744886145719 3.176311731338501 2440
1744886159046 2.4264047145843506 2450
1744886172421 3.2630422115325928 2460
1744886185505 4.325028419494629 2470
1744886198907 2.320133686065674 2480
1744886212181 3.253643035888672 2490
1744886225865 4.4236345291137695 2500
1744886239124 3.159921169281006 2510
1744886252269 2.400266408920288 2520
1744886265517 2.7826600074768066 2530
1744886278263 2.060561418533325 2540
1744886317260 2.0861167907714844 2550
1744886330258 2.4532666206359863 2560
1744886343815 3.098684787750244 2570
1744886357233 3.4841198921203613 2580
1744886370640 2.3314146995544434 2590
1744886384298 9.774476051330566 2600
1744886397395 4.157934188842773 2610
1744886410658 2.693171501159668 2620
1744886423959 1.874447226524353 2630
1744886437295 2.7698490619659424 2640
1744886450426 3.5689823627471924 2650
1744886463888 1.8969491720199585 2660
1744886503135 3.345806837081909 2670
1744886516127 2.590097427368164 2680
1744886529537 4.167011260986328 2690
1744886542810 2.934802770614624 2700
1744886556332 1.6708852052688599 2710
1744886569417 2.93245267868042 2720
1744886582924 3.5527710914611816 2730
1744886596345 9.022236824035645 2740
1744886609928 4.099503040313721 2750
1744886623309 2.9113314151763916 2760
1744886636663 2.9375507831573486 2770
1744886650012 3.0367558002471924 2780
1744886663388 2.1101229190826416 2790
1744886702897 2.8613994121551514 2800
1744886716249 2.2050864696502686 2810
1744886730082 2.7553606033325195 2820
1744886743560 2.4460623264312744 2830
1744886756911 2.4675822257995605 2840
1744886770156 2.859052896499634 2850
1744886783664 2.1299850940704346 2860
1744886797080 2.6866331100463867 2870
1744886810197 2.0679526329040527 2880
1744886823652 4.249143123626709 2890
1744886837066 2.1091277599334717 2900
1744886850302 2.140040874481201 2910
1744886863693 2.0746803283691406 2920
1744886902754 3.16186261177063 2930
1744886916417 3.821796178817749 2940
1744886930056 2.410254955291748 2950
1744886943324 3.1757383346557617 2960
1744886956798 3.596323251724243 2970
1744886970235 2.6783785820007324 2980
1744886983438 2.0762014389038086 2990
1744886996663 2.1830244064331055 3000
1744887010140 2.185054063796997 3010
1744887023852 2.799879550933838 3020
1744887036898 3.894765853881836 3030
1744887050260 3.7880499362945557 3040
1744887090485 2.92816424369812 3050
1744887104424 4.26729154586792 3060
1744887117783 2.4577505588531494 3070
1744887131290 2.359875440597534 3080
1744887145133 3.3044934272766113 3090
1744887158543 2.3512656688690186 3100
1744887172704 3.2357449531555176 3110
1744887186131 2.209886074066162 3120
1744887199508 2.8654732704162598 3130
1744887212829 1.7617714405059814 3140
1744887226547 3.4230780601501465 3150
1744887240026 3.0133888721466064 3160
1744887253548 2.555819034576416 3170
1744887293144 3.040440559387207 3180
1744887306295 2.338768243789673 3190
1744887319939 2.7505786418914795 3200
1744887333279 2.5590813159942627 3210
1744887346834 4.71644926071167 3220
1744887359905 2.6487531661987305 3230
1744887373592 4.273375988006592 3240
1744887386847 3.239365339279175 3250
1744887400435 2.248814821243286 3260
1744887413550 3.229877233505249 3270
1744887426745 3.253109931945801 3280
1744887440111 4.361893653869629 3290
1744887453210 2.209373950958252 3300
1744887492414 2.487974166870117 3310
1744887505624 2.808899164199829 3320
1744887519069 2.576620578765869 3330
1744887532106 2.0004611015319824 3340
1744887545474 4.171811580657959 3350
1744887559026 3.7735350131988525 3360
1744887572409 3.573367118835449 3370
1744887585968 3.0272626876831055 3380
1744887599802 3.677438259124756 3390
1744887613474 2.5087196826934814 3400
1744887626786 3.885730266571045 3410
1744887640765 1.5902694463729858 3420
1744887679854 2.8826069831848145 3430
1744887693797 3.5164589881896973 3440
1744887707136 2.5231833457946777 3450
1744887720651 3.944289207458496 3460
1744887733841 3.128917694091797 3470
1744887747330 3.13456392288208 3480
1744887760975 2.1011672019958496 3490
1744887774760 2.5236217975616455 3500
1744887788327 3.3119893074035645 3510
1744887801654 3.029386520385742 3520
1744887815142 2.593048095703125 3530
1744887828293 3.0703141689300537 3540
1744887841535 3.244349479675293 3550
1744887880656 3.0089216232299805 3560
1744887894562 3.8570051193237305 3570
1744887908153 2.1612801551818848 3580
1744887921711 3.202641487121582 3590
1744887935039 1.7980897426605225 3600
1744887948384 4.867974281311035 3610
1744887961832 2.1905717849731445 3620
1744887975259 2.9310302734375 3630
1744887988558 5.417348384857178 3640
1744888001909 2.6531355381011963 3650
1744888015258 3.522045850753784 3660
1744888028235 2.2431223392486572 3670
1744888041218 3.170290231704712 3680
1744888080139 0.7861648201942444 3690
1744888093572 2.4336507320404053 3700
1744888106668 2.617021322250366 3710
1744888120321 2.544741153717041 3720
1744888133847 2.7659006118774414 3730
1744888147153 2.106091022491455 3740
1744888160593 2.522141218185425 3750
1744888173445 1.8223410844802856 3760
1744888186830 2.2889087200164795 3770
1744888200165 2.0139858722686768 3780
1744888213530 2.9949376583099365 3790
1744888227117 1.628855586051941 3800
1744888240006 2.2296674251556396 3810
