1744882382134 2.3622047244094487e-06 10
1744882394854 4.9868766404199475e-06 20
1744882408374 7.611548556430446e-06 30
1744882421657 1.0236220472440946e-05 40
1744882435258 1.2860892388451445e-05 50
1744882448224 1.5485564304461945e-05 60
1744882461535 1.8110236220472444e-05 70
1744882474971 2.0734908136482943e-05 80
1744882488624 2.335958005249344e-05 90
1744882502526 2.5984251968503937e-05 100
1744882515854 2.860892388451444e-05 110
1744882529336 3.1233595800524935e-05 120
1744882567777 3.385826771653544e-05 130
1744882581187 3.648293963254593e-05 140
1744882594711 3.9107611548556434e-05 150
1744882609001 4.173228346456693e-05 160
1744882622239 4.435695538057743e-05 170
1744882635977 4.698162729658793e-05 180
1744882649271 4.960629921259843e-05 190
1744882662873 5.223097112860893e-05 200
1744882676114 5.485564304461942e-05 210
1744882689185 5.748031496062992e-05 220
1744882702846 6.0104986876640425e-05 230
1744882716300 6.272965879265093e-05 240
1744882729662 6.535433070866141e-05 250
1744882768243 6.797900262467192e-05 260
1744882781785 7.060367454068241e-05 270
1744882795224 7.322834645669292e-05 280
1744882809014 7.58530183727034e-05 290
1744882822703 7.847769028871391e-05 300
1744882836620 8.110236220472441e-05 310
1744882849700 8.372703412073492e-05 320
1744882862772 8.63517060367454e-05 330
1744882876586 8.897637795275591e-05 340
1744882889723 9.16010498687664e-05 350
1744882903478 9.422572178477691e-05 360
1744882917197 9.68503937007874e-05 370
1744882930609 9.94750656167979e-05 380
1744882969184 9.999865697896888e-05 390
1744882982814 9.999320107968219e-05 400
1744882996760 9.998354882093378e-05 410
1744883010183 9.996970101292072e-05 420
1744883023437 9.99516588180087e-05 430
1744883036469 9.992942375063434e-05 440
1744883049950 9.990299767717817e-05 450
1744883063329 9.987238281580786e-05 460
1744883076602 9.98375817362921e-05 470
1744883090608 9.979859735978487e-05 480
1744883103805 9.975543295858035e-05 490
1744883117239 9.970809215583799e-05 500
1744883156822 9.965657892527868e-05 510
1744883170534 9.960089759085105e-05 520
1744883184240 9.954105282636852e-05 530
1744883197687 9.947704965511701e-05 540
1744883210833 9.940889344943329e-05 550
1744883224263 9.93365899302541e-05 560
1744883237529 9.926014516663581e-05 570
1744883251019 9.91795655752451e-05 580
1744883264198 9.909485791982029e-05 590
1744883277506 9.900602931060367e-05 600
1744883290842 9.89130872037446e-05 610
1744883304205 9.881603940067368e-05 620
1744883317517 9.871489404744796e-05 630
1744883356349 9.860965963406707e-05 640
1744883369882 9.850034499376069e-05 650
1744883383438 9.8386959302247e-05 660
1744883396810 9.826951207696258e-05 670
1744883410167 9.814801317626343e-05 680
1744883423504 9.802247279859756e-05 690
1744883437307 9.78929014816489e-05 700
1744883450593 9.775931010145279e-05 710
1744883464297 9.762170987148305e-05 720
1744883477358 9.74801123417108e-05 730
1744883491088 9.733452939763487e-05 740
1744883504669 9.718497325928424e-05 750
1744883517996 9.70314564801922e-05 760
1744883556912 9.687399194634277e-05 770
1744883570938 9.671259287508894e-05 780
1744883584751 9.654727281404327e-05 790
1744883597819 9.637804563994079e-05 800
1744883611458 9.620492555747406e-05 810
1744883625369 9.602792709810097e-05 820
1744883638542 9.584706511882497e-05 830
1744883651677 9.566235480094793e-05 840
1744883665579 9.54738116487959e-05 850
1744883679097 9.528145148841771e-05 860
1744883692853 9.508529046625648e-05 870
1744883706068 9.488534504779441e-05 880
1744883745345 9.468163201617062e-05 890
1744883758758 9.44741684707724e-05 900
1744883772130 9.426297182579993e-05 910
1744883785536 9.404805980880457e-05 920
1744883798966 9.382945045920084e-05 930
1744883812343 9.360716212675214e-05 940
1744883825504 9.338121347003054e-05 950
1744883839316 9.315162345485072e-05 960
1744883853044 9.291841135267778e-05 970
1744883866315 9.268159673900983e-05 980
1744883879967 9.24411994917347e-05 990
1744883893446 9.219723978946153e-05 1000
1744883906834 9.194973810982692e-05 1010
1744883946377 9.169871522777612e-05 1020
1744883960277 9.144419221381919e-05 1030
1744883973467 9.118619043226238e-05 1040
1744883986950 9.092473153941483e-05 1050
1744884000074 9.065983748177074e-05 1060
1744884013899 9.039153049416728e-05 1070
1744884026846 9.011983309791819e-05 1080
1744884040222 8.984476809892338e-05 1090
1744884054166 8.95663585857546e-05 1100
1744884067393 8.928462792771747e-05 1110
1744884080887 8.899959977288987e-05 1120
1744884094098 8.871129804613696e-05 1130
1744884107533 8.841974694710296e-05 1140
1744884146306 8.81249709481798e-05 1150
1744884159626 8.78269947924531e-05 1160
1744884172917 8.75258434916251e-05 1170
1744884186581 8.722154232391528e-05 1180
1744884200267 8.691411683193862e-05 1190
1744884213568 8.660359282056144e-05 1200
1744884227121 8.628999635473546e-05 1210
1744884240464 8.597335375730997e-05 1220
1744884254122 8.565369160682226e-05 1230
1744884267401 8.533103673526672e-05 1240
1744884281111 8.500541622584253e-05 1250
1744884294469 8.467685741068036e-05 1260
1744884307676 8.43453878685482e-05 1270
1744884347937 8.401103542253638e-05 1280
1744884361513 8.367382813772217e-05 1290
1744884375830 8.333379431881397e-05 1300
1744884389249 8.299096250777557e-05 1310
1744884402821 8.264536148143023e-05 1320
1744884416871 8.229702024904535e-05 1330
1744884431083 8.194596804989738e-05 1340
1744884445015 8.159223435081751e-05 1350
1744884459388 8.123584884371829e-05 1360
1744884472915 8.087684144310136e-05 1370
1744884486406 8.051524228354641e-05 1380
1744884500328 8.015108171718177e-05 1390
1744884540123 7.978439031113668e-05 1400
1744884553502 7.941519884497548e-05 1410
1744884566702 7.904353830811417e-05 1420
1744884580374 7.8669439897219e-05 1430
1744884593472 7.829293501358797e-05 1440
1744884607274 7.791405526051509e-05 1450
1744884620790 7.753283244063758e-05 1460
1744884634239 7.714929855326638e-05 1470
1744884647679 7.676348579170021e-05 1480
1744884660846 7.637542654052335e-05 1490
1744884674333 7.598515337288722e-05 1500
1744884687616 7.559269904777639e-05 1510
1744884701290 7.519809650725861e-05 1520
1744884741180 7.480137887371994e-05 1530
1744884754881 7.440257944708435e-05 1540
1744884768152 7.40017317020186e-05 1550
1744884781279 7.359886928512248e-05 1560
1744884794742 7.319402601210448e-05 1570
1744884807864 7.278723586494339e-05 1580
1744884821426 7.237853298903591e-05 1590
1744884834603 7.196795169033054e-05 1600
1744884848059 7.155552643244793e-05 1610
1744884861099 7.114129183378808e-05 1620
1744884874364 7.072528266462457e-05 1630
1744884887460 7.03075338441859e-05 1640
1744884900732 6.988808043772452e-05 1650
1744884940194 6.94669576535734e-05 1660
1744884953366 6.904420084019076e-05 1670
1744884966689 6.8619845483193e-05 1680
1744884980107 6.819392720237593e-05 1690
1744884993669 6.77664817487251e-05 1700
1744885006733 6.733754500141478e-05 1710
1744885019986 6.690715296479632e-05 1720
1744885033277 6.647534176537608e-05 1730
1744885046980 6.604214764878293e-05 1740
1744885060779 6.560760697672584e-05 1750
1744885074666 6.517175622394183e-05 1760
1744885088482 6.473463197513422e-05 1770
1744885127813 6.429627092190185e-05 1780
1744885141449 6.385670985965915e-05 1790
1744885154929 6.341598568454766e-05 1800
1744885168773 6.297413539033894e-05 1810
1744885182381 6.25311960653295e-05 1820
1744885195964 6.208720488922751e-05 1830
1744885209327 6.164219913003207e-05 1840
1744885223006 6.119621614090498e-05 1850
1744885236274 6.074929335703532e-05 1860
1744885249666 6.030146829249725e-05 1870
1744885263218 5.9852778537101116e-05 1880
1744885276807 5.940326175323819e-05 1890
1744885290676 5.895295567271939e-05 1900
1744885329980 5.850189809360804e-05 1910
1744885343747 5.805012687704726e-05 1920
1744885357010 5.759767994408187e-05 1930
1744885370238 5.7144595272475376e-05 1940
1744885383463 5.6690910893522185e-05 1950
1744885396538 5.623666488885532e-05 1960
1744885409778 5.578189538724986e-05 1970
1744885423012 5.532664056142247e-05 1980
1744885436971 5.487093862482729e-05 1990
1744885450835 5.441482782844831e-05 2000
1744885464870 5.395834645758859e-05 2010
1744885478301 5.350153282865674e-05 2020
1744885491818 5.304442528595064e-05 2030
1744885531613 5.258706219843889e-05 2040
1744885545498 5.2129481956540136e-05 2050
1744885559311 5.167172296890068e-05 2060
1744885572465 5.12138236591705e-05 2070
1744885586198 5.075582246277799e-05 2080
1744885599303 5.029775782370377e-05 2090
1744885612530 4.9839668191253794e-05 2100
1744885625628 4.938159201683186e-05 2110
1744885638829 4.892356775071216e-05 2120
1744885652290 4.8465633838811784e-05 2130
1744885665813 4.8007828719463566e-05 2140
1744885679167 4.755019082018971e-05 2150
1744885719088 4.709275855447621e-05 2160
1744885732496 4.663557031854844e-05 2170
1744885745977 4.617866448814826e-05 2180
1744885759348 4.5722079415312834e-05 2190
1744885772727 4.526585342515533e-05 2200
1744885786605 4.4810024812648063e-05 2210
1744885799889 4.435463183940799e-05 2220
1744885812962 4.3899712730485146e-05 2230
1744885826299 4.344530567115406e-05 2240
1744885839619 4.299144880370849e-05 2250
1744885852956 4.2538180224259885e-05 2260
1744885866460 4.208553797953967e-05 2270
1744885879836 4.163356006370549e-05 2280
1744885919236 4.118228441515226e-05 2290
1744885932575 4.073174891332751e-05 2300
1744885945580 4.0281991375551905e-05 2310
1744885959209 3.983304955384488e-05 2320
1744885972180 3.93849611317558e-05 2330
1744885986157 3.8937763721200874e-05 2340
1744885999415 3.8491494859306074e-05 2350
1744886013035 3.804619200525621e-05 2360
1744886026370 3.760189253715082e-05 2370
1744886039418 3.715863374886661e-05 2380
1744886053008 3.671645284692704e-05 2390
1744886066125 3.6275386947379365e-05 2400
1744886079305 3.583547307267904e-05 2410
1744886118174 3.539674814858216e-05 2420
1744886132117 3.4959249001045994e-05 2430
1744886145719 3.452301235313786e-05 2440
1744886159046 3.408807482195255e-05 2450
1744886172421 3.365447291553889e-05 2460
1744886185505 3.322224302983517e-05 2470
1744886198907 3.279142144561421e-05 2480
1744886212181 3.236204432543799e-05 2490
1744886225865 3.193414771062211e-05 2500
1744886239124 3.1507767518210725e-05 2510
1744886252269 3.1082939537961555e-05 2520
1744886265517 3.065969942934179e-05 2530
1744886278263 3.023808271853492e-05 2540
1744886317260 2.9818124795458714e-05 2550
1744886330258 2.939986091079453e-05 2560
1744886343815 2.8983326173028603e-05 2570
1744886357233 2.8568555545504932e-05 2580
1744886370640 2.8155583843490573e-05 2590
1744886384298 2.7744445731253367e-05 2600
1744886397395 2.733517571915204e-05 2610
1744886410658 2.6927808160739743e-05 2620
1744886423959 2.6522377249880248e-05 2630
1744886437295 2.611891701787783e-05 2640
1744886450426 2.5717461330620818e-05 2650
1744886463888 2.5318043885738753e-05 2660
1744886503135 2.4920698209774013e-05 2670
1744886516127 2.452545765536755e-05 2680
1744886529537 2.4132355398459443e-05 2690
1744886542810 2.3741424435503923e-05 2700
1744886556332 2.3352697580699967e-05 2710
1744886569417 2.2966207463236738e-05 2720
1744886582924 2.258198652455477e-05 2730
1744886596345 2.220006701562298e-05 2740
1744886609928 2.1820480994231374e-05 2750
1744886623309 2.1443260322300372e-05 2760
1744886636663 2.106843666320622e-05 2770
1744886650012 2.0696041479123236e-05 2780
1744886663388 2.0326106028382995e-05 2790
1744886702897 1.9958661362850452e-05 2800
1744886716249 1.9593738325317527e-05 2810
1744886730082 1.9231367546914232e-05 2820
1744886743560 1.887157944453749e-05 2830
1744886756911 1.8514404218298003e-05 2840
1744886770156 1.815987184898535e-05 2850
1744886783664 1.7808012095551336e-05 2860
1744886797080 1.745885449261212e-05 2870
1744886810197 1.71124283479692e-05 2880
1744886823652 1.6768762740149157e-05 2890
1744886837066 1.6427886515963087e-05 2900
1744886850302 1.6089828288085053e-05 2910
1744886863693 1.5754616432650444e-05 2920
1744886902754 1.542227908687418e-05 2930
1744886916417 1.5092844146688757e-05 2940
1744886930056 1.4766339264402901e-05 2950
1744886943324 1.4442791846380316e-05 2960
1744886956798 1.4122229050739294e-05 2970
1744886970235 1.3804677785073084e-05 2980
1744886983438 1.3490164704191366e-05 2990
1744886996663 1.3178716207882775e-05 3000
1744887010140 1.2870358438699004e-05 3010
1744887023852 1.2565117279760497e-05 3020
1744887036898 1.2263018352583667e-05 3030
1744887050260 1.1964087014930503e-05 3040
1744887090485 1.1668348358679887e-05 3050
1744887104424 1.1375827207721479e-05 3060
1744887117783 1.108654811587211e-05 3070
1744887131290 1.080053536481458e-05 3080
1744887145133 1.0517812962059726e-05 3090
1744887158543 1.0238404638931077e-05 3100
1744887172704 9.962333848572958e-06 3110
1744887186131 9.689623763981847e-06 3120
1744887199508 9.42029727606133e-06 3130
1744887212829 9.154376991700541e-06 3140
1744887226547 8.891885231876673e-06 3150
1744887240026 8.6328440297814e-06 3160
1744887253548 8.377275128971319e-06 3170
1744887293144 8.125199981542986e-06 3180
1744887306295 7.876639746332131e-06 3190
1744887319939 7.631615287137684e-06 3200
1744887333279 7.390147170970457e-06 3210
1744887346834 7.152255666326807e-06 3220
1744887359905 6.917960741487334e-06 3230
1744887373592 6.6872820628407216e-06 3240
1744887386847 6.4602389932330254e-06 3250
1744887400435 6.236850590342319e-06 3260
1744887413550 6.017135605079122e-06 3270
1744887426745 5.801112480012344e-06 3280
1744887440111 5.588799347821349e-06 3290
1744887453210 5.380214029773856e-06 3300
1744887492414 5.17537403423008e-06 3310
1744887505624 4.97429655517313e-06 3320
1744887519069 4.776998470765664e-06 3330
1744887532106 4.583496341933302e-06 3340
1744887545474 4.393806410974433e-06 3350
1744887559026 4.2079446001968555e-06 3360
1744887572409 4.025926510581357e-06 3370
1744887585968 3.847767420472104e-06 3380
1744887599802 3.673482284294244e-06 3390
1744887613474 3.5030857312986333e-06 3400
1744887626786 3.336592064333921e-06 3410
1744887640765 3.1740152586459127e-06 3420
1744887679854 3.0153689607045845e-06 3430
1744887693797 2.8606664870585555e-06 3440
1744887707136 2.70992082321736e-06 3450
1744887720651 2.563144622561453e-06 3460
1744887733841 2.420350205280053e-06 3470
1744887747330 2.281549557337098e-06 3480
1744887760975 2.1467543294650725e-06 3490
1744887774760 2.015975836187106e-06 3500
1744887788327 1.8892250548672386e-06 3510
1744887801654 1.7665126247889851e-06 3520
1744887815142 1.6478488462623177e-06 3530
1744887828293 1.5332436797590334e-06 3540
1744887841535 1.4227067450767128e-06 3550
1744887880656 1.3162473205312442e-06 3560
1744887894562 1.2138743421780063e-06 3570
1744887908153 1.1155964030617916e-06 3580
1744887921711 1.0214217524955272e-06 3590
1744887935039 9.31358295367829e-07 3600
1744887948384 8.454135914794659e-07 3610
1744887961832 7.635948549088334e-07 3620
1744887975259 6.859089534063779e-07 3630
1744887988558 6.123624078181511e-07 3640
1744888001909 5.429613915384546e-07 3650
1744888015258 4.777117299916478e-07 3660
1744888028235 4.16618900143162e-07 3670
1744888041218 3.596880300398009e-07 3680
1744888080139 3.0692389837926885e-07 3690
1744888093572 2.583309341090745e-07 3700
1744888106668 2.1391321605475635e-07 3710
1744888120321 1.736744725775119e-07 3720
1744888133847 1.3761808126126486e-07 3730
1744888147153 1.0574706862913619e-07 3740
1744888160593 7.806410988940305e-08 3750
1744888173445 5.457152871094495e-08 3760
1744888186830 3.5271297028216524e-08 3770
1744888200165 2.0165034875696542e-08 3780
1744888213530 9.254010251935618e-09 3790
1744888227117 2.5391390130968806e-09 3800
1744888240006 2.0984796089695835e-11 3810
