1744882382134 2.6349 10
1744882394854 2.609 20
1744882408374 2.4938 30
1744882421657 2.4074 40
1744882435258 2.2896 50
1744882448224 2.1082 60
1744882461535 1.9195 70
1744882474971 1.7932 80
1744882488624 1.4748 90
1744882502526 1.4078 100
1744882515854 1.3387 110
1744882529336 1.3805 120
1744882567777 1.2824 130
1744882581187 1.249 140
1744882594711 1.1908 150
1744882609001 1.1673 160
1744882622239 1.1767 170
1744882635977 1.2089 180
1744882649271 1.2125 190
1744882662873 1.1236 200
1744882676114 1.1131 210
1744882689185 1.1181 220
1744882702846 1.138 230
1744882716300 1.1248 240
1744882729662 1.1338 250
1744882768243 1.1316 260
1744882781785 1.0646 270
1744882795224 1.0999 280
1744882809014 1.1344 290
1744882822703 1.0956 300
1744882836620 1.1247 310
1744882849700 1.1253 320
1744882862772 1.1414 330
1744882876586 1.081 340
1744882889723 1.1109 350
1744882903478 1.1071 360
1744882917197 1.0386 370
1744882930609 1.1256 380
1744882969184 1.0461 390
1744882982814 1.0346 400
1744882996760 1.0621 410
1744883010183 1.0866 420
1744883023437 0.9868 430
1744883036469 1.0692 440
1744883049950 0.9986 450
1744883063329 1.0959 460
1744883076602 1.0372 470
1744883090608 1.0458 480
1744883103805 1.0107 490
1744883117239 1.0193 500
1744883156822 1.0449 510
1744883170534 1.0221 520
1744883184240 1.0087 530
1744883197687 1.0217 540
1744883210833 0.9969 550
1744883224263 1.0683 560
1744883237529 0.9911 570
1744883251019 1.0178 580
1744883264198 0.9702 590
1744883277506 0.9925 600
1744883290842 1.0156 610
1744883304205 1.0526 620
1744883317517 1.0654 630
1744883356349 1.0074 640
1744883369882 0.9613 650
1744883383438 0.9036 660
1744883396810 0.9269 670
1744883410167 1.019 680
1744883423504 1.0022 690
1744883437307 0.9258 700
1744883450593 1.0562 710
1744883464297 1.0203 720
1744883477358 1.0308 730
1744883491088 1.0098 740
1744883504669 0.9595 750
1744883517996 0.9861 760
1744883556912 0.9622 770
1744883570938 0.9186 780
1744883584751 0.9016 790
1744883597819 0.967 800
1744883611458 0.9805 810
1744883625369 0.9345 820
1744883638542 0.9882 830
1744883651677 0.9601 840
1744883665579 0.9875 850
1744883679097 0.9471 860
1744883692853 0.9355 870
1744883706068 0.9455 880
1744883745345 0.906 890
1744883758758 0.916 900
1744883772130 0.9038 910
1744883785536 0.9032 920
1744883798966 0.8869 930
1744883812343 0.9775 940
1744883825504 0.9186 950
1744883839316 0.9179 960
1744883853044 0.9685 970
1744883866315 0.9216 980
1744883879967 0.9085 990
1744883893446 0.9267 1000
1744883906834 0.9145 1010
1744883946377 0.9375 1020
1744883960277 0.9219 1030
1744883973467 0.9099 1040
1744883986950 0.9498 1050
1744884000074 0.9129 1060
1744884013899 0.8973 1070
1744884026846 0.933 1080
1744884040222 0.8872 1090
1744884054166 0.8533 1100
1744884067393 0.9419 1110
1744884080887 0.9187 1120
1744884094098 0.889 1130
1744884107533 0.9333 1140
1744884146306 0.888 1150
1744884159626 0.9024 1160
1744884172917 0.9242 1170
1744884186581 0.8919 1180
1744884200267 0.9022 1190
1744884213568 0.8937 1200
1744884227121 0.884 1210
1744884240464 0.8691 1220
1744884254122 0.8692 1230
1744884267401 0.8931 1240
1744884281111 0.8642 1250
1744884294469 0.9235 1260
1744884307676 0.9095 1270
1744884347937 0.8817 1280
1744884361513 0.8522 1290
1744884375830 0.8295 1300
1744884389249 0.8759 1310
1744884402821 0.807 1320
1744884416871 0.8479 1330
1744884431083 0.8596 1340
1744884445015 0.8663 1350
1744884459388 0.8645 1360
1744884472915 0.8222 1370
1744884486406 0.9047 1380
1744884500328 0.8423 1390
1744884540123 0.8964 1400
1744884553502 0.8494 1410
1744884566702 0.84 1420
1744884580374 0.8785 1430
1744884593472 0.9208 1440
1744884607274 0.8433 1450
1744884620790 0.8953 1460
1744884634239 0.8928 1470
1744884647679 0.8364 1480
1744884660846 0.8402 1490
1744884674333 0.845 1500
1744884687616 0.89 1510
1744884701290 0.8202 1520
1744884741180 0.7821 1530
1744884754881 0.886 1540
1744884768152 0.8451 1550
1744884781279 0.8487 1560
1744884794742 0.8213 1570
1744884807864 0.8687 1580
1744884821426 0.8468 1590
1744884834603 0.8384 1600
1744884848059 0.8073 1610
1744884861099 0.8495 1620
1744884874364 0.8481 1630
1744884887460 0.8541 1640
1744884900732 0.8348 1650
1744884940194 0.8432 1660
1744884953366 0.8347 1670
1744884966689 0.7772 1680
1744884980107 0.8014 1690
1744884993669 0.8453 1700
1744885006733 0.8199 1710
1744885019986 0.8389 1720
1744885033277 0.8164 1730
1744885046980 0.8419 1740
1744885060779 0.8437 1750
1744885074666 0.872 1760
1744885088482 0.7711 1770
1744885127813 0.8059 1780
1744885141449 0.8281 1790
1744885154929 0.7705 1800
1744885168773 0.8531 1810
1744885182381 0.8363 1820
1744885195964 0.8015 1830
1744885209327 0.7973 1840
1744885223006 0.7941 1850
1744885236274 0.8344 1860
1744885249666 0.8176 1870
1744885263218 0.791 1880
1744885276807 0.82 1890
1744885290676 0.7897 1900
1744885329980 0.8047 1910
1744885343747 0.7886 1920
1744885357010 0.7986 1930
1744885370238 0.8155 1940
1744885383463 0.7356 1950
1744885396538 0.8186 1960
1744885409778 0.781 1970
1744885423012 0.7484 1980
1744885436971 0.8008 1990
1744885450835 0.8006 2000
1744885464870 0.8025 2010
1744885478301 0.8389 2020
1744885491818 0.7964 2030
1744885531613 0.7512 2040
1744885545498 0.7765 2050
1744885559311 0.7368 2060
1744885572465 0.7788 2070
1744885586198 0.7656 2080
1744885599303 0.7857 2090
1744885612530 0.7715 2100
1744885625628 0.809 2110
1744885638829 0.8112 2120
1744885652290 0.7712 2130
1744885665813 0.7946 2140
1744885679167 0.7596 2150
1744885719088 0.7878 2160
1744885732496 0.7611 2170
1744885745977 0.7402 2180
1744885759348 0.717 2190
1744885772727 0.7694 2200
1744885786605 0.7849 2210
1744885799889 0.7779 2220
1744885812962 0.7713 2230
1744885826299 0.7829 2240
1744885839619 0.7558 2250
1744885852956 0.765 2260
1744885866460 0.7887 2270
1744885879836 0.7406 2280
1744885919236 0.7644 2290
1744885932575 0.7339 2300
1744885945580 0.7409 2310
1744885959209 0.7676 2320
1744885972180 0.7347 2330
1744885986157 0.7886 2340
1744885999415 0.7258 2350
1744886013035 0.7453 2360
1744886026370 0.7304 2370
1744886039418 0.7384 2380
1744886053008 0.7436 2390
1744886066125 0.7488 2400
1744886079305 0.7591 2410
1744886118174 0.7712 2420
1744886132117 0.7309 2430
1744886145719 0.7145 2440
1744886159046 0.7139 2450
1744886172421 0.7261 2460
1744886185505 0.7338 2470
1744886198907 0.7415 2480
1744886212181 0.7624 2490
1744886225865 0.7086 2500
1744886239124 0.73 2510
1744886252269 0.7528 2520
1744886265517 0.7213 2530
1744886278263 0.7617 2540
1744886317260 0.7192 2550
1744886330258 0.7288 2560
1744886343815 0.76 2570
1744886357233 0.7357 2580
1744886370640 0.7274 2590
1744886384298 0.724 2600
1744886397395 0.7213 2610
1744886410658 0.742 2620
1744886423959 0.7292 2630
1744886437295 0.7486 2640
1744886450426 0.7092 2650
1744886463888 0.7221 2660
1744886503135 0.7502 2670
1744886516127 0.689 2680
1744886529537 0.7172 2690
1744886542810 0.7323 2700
1744886556332 0.712 2710
1744886569417 0.7223 2720
1744886582924 0.7043 2730
1744886596345 0.7149 2740
1744886609928 0.7047 2750
1744886623309 0.7021 2760
1744886636663 0.7258 2770
1744886650012 0.7237 2780
1744886663388 0.7482 2790
1744886702897 0.7253 2800
1744886716249 0.7169 2810
1744886730082 0.6996 2820
1744886743560 0.6913 2830
1744886756911 0.7294 2840
1744886770156 0.7298 2850
1744886783664 0.7066 2860
1744886797080 0.6889 2870
1744886810197 0.715 2880
1744886823652 0.7007 2890
1744886837066 0.7222 2900
1744886850302 0.7236 2910
1744886863693 0.7298 2920
1744886902754 0.7201 2930
1744886916417 0.696 2940
1744886930056 0.7099 2950
1744886943324 0.6987 2960
1744886956798 0.7152 2970
1744886970235 0.7077 2980
1744886983438 0.6979 2990
1744886996663 0.6616 3000
1744887010140 0.7015 3010
1744887023852 0.6864 3020
1744887036898 0.7333 3030
1744887050260 0.7396 3040
1744887090485 0.718 3050
1744887104424 0.6962 3060
1744887117783 0.685 3070
1744887131290 0.7241 3080
1744887145133 0.7793 3090
1744887158543 0.7131 3100
1744887172704 0.6729 3110
1744887186131 0.726 3120
1744887199508 0.7469 3130
1744887212829 0.6839 3140
1744887226547 0.7049 3150
1744887240026 0.7045 3160
1744887253548 0.6921 3170
1744887293144 0.7041 3180
1744887306295 0.6889 3190
1744887319939 0.7065 3200
1744887333279 0.7224 3210
1744887346834 0.6819 3220
1744887359905 0.7134 3230
1744887373592 0.6867 3240
1744887386847 0.6961 3250
1744887400435 0.6942 3260
1744887413550 0.7101 3270
1744887426745 0.6788 3280
1744887440111 0.7237 3290
1744887453210 0.659 3300
1744887492414 0.7148 3310
1744887505624 0.7018 3320
1744887519069 0.6624 3330
1744887532106 0.677 3340
1744887545474 0.7289 3350
1744887559026 0.7101 3360
1744887572409 0.7114 3370
1744887585968 0.6767 3380
1744887599802 0.6764 3390
1744887613474 0.7185 3400
1744887626786 0.7136 3410
1744887640765 0.7279 3420
1744887679854 0.6635 3430
1744887693797 0.7112 3440
1744887707136 0.69 3450
1744887720651 0.7302 3460
1744887733841 0.6828 3470
1744887747330 0.6847 3480
1744887760975 0.6964 3490
1744887774760 0.6915 3500
1744887788327 0.6912 3510
1744887801654 0.6857 3520
1744887815142 0.6969 3530
1744887828293 0.6918 3540
1744887841535 0.6672 3550
1744887880656 0.6767 3560
1744887894562 0.6577 3570
1744887908153 0.6878 3580
1744887921711 0.6825 3590
1744887935039 0.6729 3600
1744887948384 0.6984 3610
1744887961832 0.6923 3620
1744887975259 0.705 3630
1744887988558 0.7189 3640
1744888001909 0.6786 3650
1744888015258 0.6977 3660
1744888028235 0.7063 3670
1744888041218 0.7168 3680
1744888080139 0.6719 3690
1744888093572 0.7115 3700
1744888106668 0.6921 3710
1744888120321 0.6782 3720
1744888133847 0.6755 3730
1744888147153 0.6486 3740
1744888160593 0.6714 3750
1744888173445 0.6793 3760
1744888186830 0.7148 3770
1744888200165 0.6682 3780
1744888213530 0.6779 3790
1744888227117 0.6837 3800
1744888240006 0.6915 3810
