1744594645870 0.5263157894736842 10
1744594663936 1.0 19
1744594667594 1.0526315789473684 20
1744594680853 1.5789473684210527 30
1744594697093 2.0 38
1744594702466 2.1052631578947367 40
1744594715480 2.6315789473684212 50
1744594729664 3.0 57
1744594736042 3.1578947368421053 60
1744594749251 3.6842105263157894 70
1744594761885 4.0 76
1744594769832 4.2105263157894735 80
1744594782985 4.7368421052631575 90
1744594794564 5.0 95
1744594803463 5.2631578947368425 100
1744594816634 5.7894736842105265 110
1744594826478 6.0 114
1744594836745 6.315789473684211 120
1744594849921 6.842105263157895 130
1744594858710 7.0 133
1744594870456 7.368421052631579 140
1744594883601 7.894736842105263 150
1744594891064 8.0 152
1744594904320 8.421052631578947 160
1744594917026 8.947368421052632 170
1744594923421 9.0 171
1744594937644 9.473684210526315 180
1744594949280 10.0 190
1744594955383 10.0 190
1744594970867 10.526315789473685 200
1744594987592 11.0 209
1744594991295 11.052631578947368 210
1744595004354 11.578947368421053 220
1744595019594 12.0 228
1744595024819 12.105263157894736 230
1744595038000 12.631578947368421 240
1744595052453 13.0 247
1744595058778 13.157894736842104 250
1744595071925 13.68421052631579 260
1744595084685 14.0 266
1744595092404 14.210526315789474 270
1744595105283 14.736842105263158 280
1744595116629 15.0 285
1744595125818 15.263157894736842 290
1744595138889 15.789473684210526 300
1744595148827 16.0 304
1744595159094 16.31578947368421 310
1744595172129 16.842105263157894 320
1744595180698 17.0 323
1744595192560 17.36842105263158 330
1744595205764 17.894736842105264 340
1744595213815 18.0 342
1744595227036 18.42105263157895 350
1744595239741 18.94736842105263 360
1744595246111 19.0 361
1744595260331 19.473684210526315 370
1744595272110 20.0 380
1744595278231 20.0 380
1744595279916 20.0 380
1744595280401 20.0 0
1744595286300 20.0 380
