1744594645870 0.7436341643333435 10
1744594667594 0.8892139792442322 20
1744594680853 0.9176697731018066 30
1744594702466 1.0003052949905396 40
1744594715480 1.029667854309082 50
1744594736042 1.036594033241272 60
1744594749251 1.2560831308364868 70
1744594769832 1.1015321016311646 80
1744594782985 1.156610131263733 90
1744594803463 1.179772138595581 100
1744594816634 1.3700989484786987 110
1744594836745 1.1721928119659424 120
1744594849921 1.2415603399276733 130
1744594870456 1.2720623016357422 140
1744594883601 1.566099762916565 150
1744594904320 1.403247594833374 160
1744594917026 1.5956400632858276 170
1744594937644 1.3641350269317627 180
1744594949280 1.7402551174163818 190
1744594970867 1.3890247344970703 200
1744594991295 1.5617040395736694 210
1744595004354 1.5223382711410522 220
1744595024819 1.52432119846344 230
1744595038000 1.6670081615447998 240
1744595058778 2.1546566486358643 250
1744595071925 1.7312378883361816 260
1744595092404 1.5900157690048218 270
1744595105283 1.3711681365966797 280
1744595125818 1.3438680171966553 290
1744595138889 1.5022610425949097 300
1744595159094 1.4198135137557983 310
1744595172129 1.6335792541503906 320
1744595192560 1.5324980020523071 330
1744595205764 2.0046255588531494 340
1744595227036 1.6120058298110962 350
1744595239741 1.6872714757919312 360
1744595260331 1.5533348321914673 370
1744595272110 1.9286847114562988 380
