1744594645870 2.928947368421053e-05 10
1744594667594 2.8499999999999998e-05 20
1744594680853 2.7710526315789474e-05 30
1744594702466 2.6921052631578947e-05 40
1744594715480 2.6131578947368424e-05 50
1744594736042 2.5342105263157893e-05 60
1744594749251 2.455263157894737e-05 70
1744594769832 2.3763157894736842e-05 80
1744594782985 2.297368421052632e-05 90
1744594803463 2.2184210526315788e-05 100
1744594816634 2.1394736842105264e-05 110
1744594836745 2.0605263157894737e-05 120
1744594849921 1.9815789473684213e-05 130
1744594870456 1.9026315789473683e-05 140
1744594883601 1.823684210526316e-05 150
1744594904320 1.7447368421052632e-05 160
1744594917026 1.6657894736842105e-05 170
1744594937644 1.5868421052631578e-05 180
1744594949280 1.5078947368421054e-05 190
1744594970867 1.4289473684210527e-05 200
1744594991295 1.3500000000000001e-05 210
1744595004354 1.2710526315789474e-05 220
1744595024819 1.1921052631578949e-05 230
1744595038000 1.1131578947368421e-05 240
1744595058778 1.0342105263157896e-05 250
1744595071925 9.552631578947369e-06 260
1744595092404 8.763157894736843e-06 270
1744595105283 7.973684210526316e-06 280
1744595125818 7.184210526315789e-06 290
1744595138889 6.394736842105263e-06 300
1744595159094 5.605263157894737e-06 310
1744595172129 4.81578947368421e-06 320
1744595192560 4.026315789473684e-06 330
1744595205764 3.236842105263158e-06 340
1744595227036 2.447368421052632e-06 350
1744595239741 1.6578947368421053e-06 360
1744595260331 8.684210526315789e-07 370
1744595272110 7.894736842105264e-08 380
