1744594645870 2.6635 10
1744594667594 2.5421 20
1744594680853 2.4125 30
1744594702466 2.2921 40
1744594715480 2.1805 50
1744594736042 2.067 60
1744594749251 1.9547 70
1744594769832 1.8861 80
1744594782985 1.7966 90
1744594803463 1.6964 100
1744594816634 1.6598 110
1744594836745 1.6072 120
1744594849921 1.5404 130
1744594870456 1.4723 140
1744594883601 1.4446 150
1744594904320 1.3916 160
1744594917026 1.3583 170
1744594937644 1.3037 180
1744594949280 1.3025 190
1744594970867 1.2562 200
1744594991295 1.2399 210
1744595004354 1.2055 220
1744595024819 1.1753 230
1744595038000 1.1441 240
1744595058778 1.1297 250
1744595071925 1.1404 260
1744595092404 1.1026 270
1744595105283 1.0863 280
1744595125818 1.0754 290
1744595138889 1.0811 300
1744595159094 1.027 310
1744595172129 1.0469 320
1744595192560 1.0394 330
1744595205764 1.0234 340
1744595227036 0.9888 350
1744595239741 1.0514 360
1744595260331 1.0153 370
1744595272110 1.0038 380
