1744575621153 0.5263157894736842 10
1744575640975 1.0 19
1744575644563 1.0526315789473684 20
1744575658475 1.5789473684210527 30
1744575674432 2.0 38
1744575679410 2.1052631578947367 40
1744575692679 2.6315789473684212 50
1744575707021 3.0 57
1744575713297 3.1578947368421053 60
1744575726954 3.6842105263157894 70
1744575739887 4.0 76
1744575747489 4.2105263157894735 80
1744575760866 4.7368421052631575 90
1744575772421 5.0 95
1744575781356 5.2631578947368425 100
1744575794662 5.7894736842105265 110
1744575804612 6.0 114
1744575814900 6.315789473684211 120
1744575828261 6.842105263157895 130
1744575836871 7.0 133
1744575848625 7.368421052631579 140
1744575861844 7.894736842105263 150
1744575869224 8.0 152
1744575882130 8.421052631578947 160
1744575895079 8.947368421052632 170
1744575901523 9.0 171
1744575915799 9.473684210526315 180
1744575927559 10.0 190
1744575933764 10.0 190
1744575935401 10.0 190
1744575935903 10.0 0
1744575941917 10.0 190
