1744575621153 0.7358185052871704 10
1744575644563 0.7811182737350464 20
1744575658475 0.8706356883049011 30
1744575679410 0.8367180228233337 40
1744575692679 0.8505508899688721 50
1744575713297 0.8709736466407776 60
1744575726954 0.8529105186462402 70
1744575747489 0.8940686583518982 80
1744575760866 0.9233039617538452 90
1744575781356 0.9471005201339722 100
1744575794662 0.9600750803947449 110
1744575814900 1.0130982398986816 120
1744575828261 0.9823488593101501 130
1744575848625 0.9806065559387207 140
1744575861844 0.9390952587127686 150
1744575882130 1.000542402267456 160
1744575895079 1.0244367122650146 170
1744575915799 0.9427288174629211 180
1744575927559 1.1990035772323608 190
