1744575621153 9.526315789473684e-06 10
1744575644563 9e-06 20
1744575658475 8.473684210526317e-06 30
1744575679410 7.947368421052633e-06 40
1744575692679 7.421052631578948e-06 50
1744575713297 6.894736842105264e-06 60
1744575726954 6.3684210526315795e-06 70
1744575747489 5.842105263157896e-06 80
1744575760866 5.315789473684211e-06 90
1744575781356 4.789473684210527e-06 100
1744575794662 4.2631578947368425e-06 110
1744575814900 3.736842105263158e-06 120
1744575828261 3.210526315789474e-06 130
1744575848625 2.68421052631579e-06 140
1744575861844 2.1578947368421054e-06 150
1744575882130 1.6315789473684212e-06 160
1744575895079 1.1052631578947369e-06 170
1744575915799 5.789473684210526e-07 180
1744575927559 5.263157894736842e-08 190
