1744790409598 0.2631578947368421 10
1744790422145 0.5263157894736842 20
1744790434516 0.7894736842105263 30
1744790454505 1.0 38
1744790459104 1.0526315789473684 40
1744790471161 1.3157894736842106 50
1744790483576 1.5789473684210527 60
1744790495831 1.8421052631578947 70
1744790511045 2.0 76
1744790517863 2.1052631578947367 80
1744790529792 2.3684210526315788 90
1744790541725 2.6315789473684212 100
1744790553478 2.8947368421052633 110
1744790566160 3.0 114
1744790567708 3.0 114
1744790568239 3.0 0
1744790577270 3.0 114
