1744585451216 0.2631578947368421 10
1744585460110 0.5263157894736842 20
1744585468953 0.7894736842105263 30
1744585485254 1.0 38
1744585488895 1.0526315789473684 40
1744585497400 1.3157894736842106 50
1744585505867 1.5789473684210527 60
1744585514093 1.8421052631578947 70
1744585525317 2.0 76
1744585530518 2.1052631578947367 80
1744585539356 2.3684210526315788 90
1744585547787 2.6315789473684212 100
1744585555909 2.8947368421052633 110
1744585565291 3.0 114
1744585572241 3.1578947368421053 120
1744585580651 3.4210526315789473 130
1744585588835 3.6842105263157894 140
1744585597276 3.9473684210526314 150
1744585605337 4.0 152
1744585614039 4.2105263157894735 160
1744585622518 4.473684210526316 170
1744585630709 4.7368421052631575 180
1744585638234 5.0 190
1744585645676 5.0 190
1744585656061 5.2631578947368425 200
1744585664317 5.526315789473684 210
1744585672372 5.7894736842105265 220
1744585685503 6.0 228
1744585689140 6.052631578947368 230
1744585697422 6.315789473684211 240
1744585705621 6.578947368421053 250
1744585714304 6.842105263157895 260
1744585725733 7.0 266
1744585731032 7.105263157894737 270
1744585739409 7.368421052631579 280
1744585747658 7.631578947368421 290
1744585756020 7.894736842105263 300
1744585765440 8.0 304
1744585772622 8.157894736842104 310
1744585780962 8.421052631578947 320
1744585789059 8.68421052631579 330
1744585797265 8.947368421052632 340
1744585804799 9.0 342
1744585813565 9.210526315789474 350
1744585821664 9.473684210526315 360
1744585830052 9.736842105263158 370
1744585837443 10.0 380
1744585844797 10.0 380
1744585855214 10.263157894736842 390
1744585863352 10.526315789473685 400
1744585872145 10.789473684210526 410
1744585885154 11.0 418
1744585888955 11.052631578947368 420
1744585897328 11.31578947368421 430
1744585905388 11.578947368421053 440
1744585913769 11.842105263157894 450
1744585924799 12.0 456
1744585930315 12.105263157894736 460
1744585938876 12.368421052631579 470
1744585946996 12.631578947368421 480
1744585955259 12.894736842105264 490
1744585964412 13.0 494
1744585971647 13.157894736842104 500
1744585979747 13.421052631578947 510
1744585988125 13.68421052631579 520
1744585996623 13.947368421052632 530
1744586004153 14.0 532
1744586013029 14.210526315789474 540
1744586021344 14.473684210526315 550
1744586029757 14.736842105263158 560
1744586037126 15.0 570
1744586044140 15.0 570
1744586054562 15.263157894736842 580
1744586062990 15.526315789473685 590
1744586071545 15.789473684210526 600
1744586084933 16.0 608
1744586088666 16.05263157894737 610
1744586096781 16.31578947368421 620
1744586105116 16.57894736842105 630
1744586113504 16.842105263157894 640
1744586124277 17.0 646
1744586130065 17.105263157894736 650
1744586138266 17.36842105263158 660
1744586146544 17.63157894736842 670
1744586154901 17.894736842105264 680
1744586164069 18.0 684
1744586171226 18.157894736842106 690
1744586179308 18.42105263157895 700
1744586187565 18.68421052631579 710
1744586195638 18.94736842105263 720
1744586203711 19.0 722
1744586212886 19.210526315789473 730
1744586221638 19.473684210526315 740
1744586230176 19.736842105263158 750
1744586237572 20.0 760
1744586244628 20.0 760
1744586246366 20.0 760
1744586246930 20.0 0
1744586254049 20.0 760
