1744585451216 1.035435676574707 10
1744585460110 1.0374184846878052 20
1744585468953 1.0568931102752686 30
1744585488895 1.1914677619934082 40
1744585497400 1.1536822319030762 50
1744585505867 1.2045245170593262 60
1744585514093 1.199599266052246 70
1744585530518 1.1829296350479126 80
1744585539356 1.4969816207885742 90
1744585547787 1.4051448106765747 100
1744585555909 1.367202877998352 110
1744585572241 1.332215428352356 120
1744585580651 1.3273136615753174 130
1744585588835 1.2499831914901733 140
1744585597276 1.4475361108779907 150
1744585614039 1.489601492881775 160
1744585622518 1.589124321937561 170
1744585630709 1.4160910844802856 180
1744585638234 3.944129228591919 190
1744585656061 1.469666838645935 200
1744585664317 1.4654755592346191 210
1744585672372 1.7046241760253906 220
1744585689140 1.5391463041305542 230
1744585697422 1.632315993309021 240
1744585705621 1.7303565740585327 250
1744585714304 1.677437663078308 260
1744585731032 1.6229478120803833 270
1744585739409 1.910062313079834 280
1744585747658 1.8551689386367798 290
1744585756020 1.6508842706680298 300
1744585772622 1.9619680643081665 310
1744585780962 2.5302488803863525 320
1744585789059 1.7193392515182495 330
1744585797265 2.0905368328094482 340
1744585813565 2.1274333000183105 350
1744585821664 2.030582904815674 360
1744585830052 2.3135645389556885 370
1744585837443 4.4311699867248535 380
1744585855214 1.792990803718567 390
1744585863352 1.8008352518081665 400
1744585872145 2.4001305103302 410
1744585888955 2.0497069358825684 420
1744585897328 2.140685796737671 430
1744585905388 2.0947012901306152 440
1744585913769 2.218284845352173 450
1744585930315 2.2216646671295166 460
1744585938876 1.7365871667861938 470
1744585946996 1.997563362121582 480
1744585955259 2.2224345207214355 490
1744585971647 2.1718332767486572 500
1744585979747 1.6671332120895386 510
1744585988125 2.6094682216644287 520
1744585996623 1.936009407043457 530
1744586013029 1.9742170572280884 540
1744586021344 2.750640630722046 550
1744586029757 2.509031057357788 560
1744586037126 4.268085479736328 570
1744586054562 2.074561834335327 580
1744586062990 2.0804591178894043 590
1744586071545 1.9150902032852173 600
1744586088666 2.1129281520843506 610
1744586096781 2.1128969192504883 620
1744586105116 2.4757189750671387 630
1744586113504 2.536494493484497 640
1744586130065 2.681293249130249 650
1744586138266 2.224350690841675 660
1744586146544 2.80269455909729 670
1744586154901 2.916348934173584 680
1744586171226 2.2986958026885986 690
1744586179308 2.407158851623535 700
1744586187565 2.5884487628936768 710
1744586195638 2.712425708770752 720
1744586212886 1.9385777711868286 730
1744586221638 2.177426815032959 740
1744586230176 2.1635773181915283 750
1744586237572 3.004101037979126 760
