1744585451216 1.9763157894736843e-05 10
1744585460110 1.95e-05 20
1744585468953 1.923684210526316e-05 30
1744585488895 1.8973684210526316e-05 40
1744585497400 1.8710526315789476e-05 50
1744585505867 1.8447368421052632e-05 60
1744585514093 1.8184210526315792e-05 70
1744585530518 1.792105263157895e-05 80
1744585539356 1.765789473684211e-05 90
1744585547787 1.7394736842105265e-05 100
1744585555909 1.7131578947368425e-05 110
1744585572241 1.686842105263158e-05 120
1744585580651 1.6605263157894738e-05 130
1744585588835 1.6342105263157898e-05 140
1744585597276 1.6078947368421054e-05 150
1744585614039 1.581578947368421e-05 160
1744585622518 1.555263157894737e-05 170
1744585630709 1.5289473684210527e-05 180
1744585638234 1.5026315789473684e-05 190
1744585656061 1.4763157894736844e-05 200
1744585664317 1.45e-05 210
1744585672372 1.423684210526316e-05 220
1744585689140 1.3973684210526316e-05 230
1744585697422 1.3710526315789475e-05 240
1744585705621 1.3447368421052633e-05 250
1744585714304 1.3184210526315791e-05 260
1744585731032 1.2921052631578948e-05 270
1744585739409 1.2657894736842107e-05 280
1744585747658 1.2394736842105264e-05 290
1744585756020 1.2131578947368424e-05 300
1744585772622 1.186842105263158e-05 310
1744585780962 1.1605263157894737e-05 320
1744585789059 1.1342105263157897e-05 330
1744585797265 1.1078947368421053e-05 340
1744585813565 1.0815789473684211e-05 350
1744585821664 1.055263157894737e-05 360
1744585830052 1.0289473684210528e-05 370
1744585837443 1.0026315789473684e-05 380
1744585855214 9.763157894736844e-06 390
1744585863352 9.5e-06 400
1744585872145 9.236842105263159e-06 410
1744585888955 8.973684210526317e-06 420
1744585897328 8.710526315789475e-06 430
1744585905388 8.447368421052632e-06 440
1744585913769 8.18421052631579e-06 450
1744585930315 7.921052631578948e-06 460
1744585938876 7.657894736842106e-06 470
1744585946996 7.3947368421052635e-06 480
1744585955259 7.131578947368422e-06 490
1744585971647 6.86842105263158e-06 500
1744585979747 6.605263157894738e-06 510
1744585988125 6.342105263157895e-06 520
1744585996623 6.0789473684210535e-06 530
1744586013029 5.815789473684212e-06 540
1744586021344 5.552631578947368e-06 550
1744586029757 5.289473684210526e-06 560
1744586037126 5.026315789473685e-06 570
1744586054562 4.763157894736842e-06 580
1744586062990 4.5e-06 590
1744586071545 4.236842105263158e-06 600
1744586088666 3.9736842105263165e-06 610
1744586096781 3.710526315789474e-06 620
1744586105116 3.447368421052632e-06 630
1744586113504 3.1842105263157898e-06 640
1744586130065 2.921052631578948e-06 650
1744586138266 2.6578947368421053e-06 660
1744586146544 2.3947368421052635e-06 670
1744586154901 2.1315789473684212e-06 680
1744586171226 1.868421052631579e-06 690
1744586179308 1.605263157894737e-06 700
1744586187565 1.342105263157895e-06 710
1744586195638 1.0789473684210527e-06 720
1744586212886 8.157894736842106e-07 730
1744586221638 5.526315789473684e-07 740
1744586230176 2.894736842105263e-07 750
1744586237572 2.631578947368421e-08 760
