1744585451216 2.6901 10
1744585460110 2.6231 20
1744585468953 2.5669 30
1744585488895 2.4885 40
1744585497400 2.4134 50
1744585505867 2.3525 60
1744585514093 2.3082 70
1744585530518 2.2081 80
1744585539356 2.1716 90
1744585547787 2.1055 100
1744585555909 2.0484 110
1744585572241 2.0005 120
1744585580651 1.9475 130
1744585588835 1.8815 140
1744585597276 1.8768 150
1744585614039 1.8094 160
1744585622518 1.7832 170
1744585630709 1.7277 180
1744585638234 1.6674 190
1744585656061 1.6437 200
1744585664317 1.6224 210
1744585672372 1.622 220
1744585689140 1.5841 230
1744585697422 1.5466 240
1744585705621 1.54 250
1744585714304 1.4673 260
1744585731032 1.456 270
1744585739409 1.4196 280
1744585747658 1.4334 290
1744585756020 1.3872 300
1744585772622 1.357 310
1744585780962 1.3528 320
1744585789059 1.3085 330
1744585797265 1.3384 340
1744585813565 1.2915 350
1744585821664 1.2554 360
1744585830052 1.3008 370
1744585837443 1.2341 380
1744585855214 1.2409 390
1744585863352 1.2075 400
1744585872145 1.218 410
1744585888955 1.2217 420
1744585897328 1.1782 430
1744585905388 1.1857 440
1744585913769 1.1205 450
1744585930315 1.1591 460
1744585938876 1.102 470
1744585946996 1.1341 480
1744585955259 1.122 490
1744585971647 1.1274 500
1744585979747 1.0927 510
1744585988125 1.1457 520
1744585996623 1.0698 530
1744586013029 1.0789 540
1744586021344 1.0432 550
1744586029757 1.0779 560
1744586037126 1.0441 570
1744586054562 1.0476 580
1744586062990 1.0682 590
1744586071545 1.0435 600
1744586088666 0.9794 610
1744586096781 1.0323 620
1744586105116 1.0265 630
1744586113504 1.0231 640
1744586130065 1.024 650
1744586138266 1.0212 660
1744586146544 1.0161 670
1744586154901 0.9874 680
1744586171226 0.9796 690
1744586179308 0.9592 700
1744586187565 1.029 710
1744586195638 1.0306 720
1744586212886 0.9469 730
1744586221638 1.0213 740
1744586230176 0.9912 750
1744586237572 0.9455 760
