1744575179926 0.2631578947368421 10
1744575188626 0.5263157894736842 20
1744575197009 0.7894736842105263 30
1744575212536 1.0 38
1744575216485 1.0526315789473684 40
1744575225307 1.3157894736842106 50
1744575234240 1.5789473684210527 60
1744575242372 1.8421052631578947 70
1744575253494 2.0 76
1744575258829 2.1052631578947367 80
1744575267198 2.3684210526315788 90
1744575275467 2.6315789473684212 100
1744575283650 2.8947368421052633 110
1744575292976 3.0 114
1744575299774 3.1578947368421053 120
1744575308068 3.4210526315789473 130
1744575316153 3.6842105263157894 140
1744575324438 3.9473684210526314 150
1744575332391 4.0 152
1744575341108 4.2105263157894735 160
1744575349418 4.473684210526316 170
1744575357950 4.7368421052631575 180
1744575365405 5.0 190
1744575372852 5.0 190
1744575383311 5.2631578947368425 200
1744575392236 5.526315789473684 210
1744575400388 5.7894736842105265 220
1744575412970 6.0 228
1744575416647 6.052631578947368 230
1744575425090 6.315789473684211 240
1744575433264 6.578947368421053 250
1744575441908 6.842105263157895 260
1744575454173 7.0 266
1744575459599 7.105263157894737 270
1744575468012 7.368421052631579 280
1744575476469 7.631578947368421 290
1744575484964 7.894736842105263 300
1744575495082 8.0 304
1744575502077 8.157894736842104 310
1744575510674 8.421052631578947 320
1744575519103 8.68421052631579 330
1744575527473 8.947368421052632 340
1744575535509 9.0 342
1744575544380 9.210526315789474 350
1744575552937 9.473684210526315 360
1744575561017 9.736842105263158 370
1744575568352 10.0 380
1744575575040 10.0 380
1744575576780 10.0 380
1744575577357 10.0 0
1744575584316 10.0 380
