1744575179926 1.0110740661621094 10
1744575188626 0.9999299049377441 20
1744575197009 0.9702134728431702 30
1744575216485 0.9983812570571899 40
1744575225307 1.1088547706604004 50
1744575234240 1.1236740350723267 60
1744575242372 1.053235650062561 70
1744575258829 1.0870726108551025 80
1744575267198 1.0196468830108643 90
1744575275467 1.2168865203857422 100
1744575283650 1.2278673648834229 110
1744575299774 1.2156323194503784 120
1744575308068 1.1607398986816406 130
1744575316153 1.1936331987380981 140
1744575324438 1.154682993888855 150
1744575341108 1.2676104307174683 160
1744575349418 1.2113635540008545 170
1744575357950 1.2728111743927002 180
1744575365405 3.9424026012420654 190
1744575383311 1.1953800916671753 200
1744575392236 1.27238929271698 210
1744575400388 1.41312575340271 220
1744575416647 1.312028169631958 230
1744575425090 1.383928656578064 240
1744575433264 1.3317900896072388 250
1744575441908 1.4121735095977783 260
1744575459599 1.219600796699524 270
1744575468012 1.8122762441635132 280
1744575476469 1.3271942138671875 290
1744575484964 1.3986839056015015 300
1744575502077 1.232474446296692 310
1744575510674 1.4020918607711792 320
1744575519103 1.315456748008728 330
1744575527473 1.3362183570861816 340
1744575544380 1.2821542024612427 350
1744575552937 1.417972445487976 360
1744575561017 1.3806265592575073 370
1744575568352 3.6975324153900146 380
