1744575179926 9.763157894736844e-06 10
1744575188626 9.5e-06 20
1744575197009 9.236842105263159e-06 30
1744575216485 8.973684210526317e-06 40
1744575225307 8.710526315789475e-06 50
1744575234240 8.447368421052632e-06 60
1744575242372 8.18421052631579e-06 70
1744575258829 7.921052631578948e-06 80
1744575267198 7.657894736842106e-06 90
1744575275467 7.3947368421052635e-06 100
1744575283650 7.131578947368422e-06 110
1744575299774 6.86842105263158e-06 120
1744575308068 6.605263157894738e-06 130
1744575316153 6.342105263157895e-06 140
1744575324438 6.0789473684210535e-06 150
1744575341108 5.815789473684212e-06 160
1744575349418 5.552631578947368e-06 170
1744575357950 5.289473684210526e-06 180
1744575365405 5.026315789473685e-06 190
1744575383311 4.763157894736842e-06 200
1744575392236 4.5e-06 210
1744575400388 4.236842105263158e-06 220
1744575416647 3.9736842105263165e-06 230
1744575425090 3.710526315789474e-06 240
1744575433264 3.447368421052632e-06 250
1744575441908 3.1842105263157898e-06 260
1744575459599 2.921052631578948e-06 270
1744575468012 2.6578947368421053e-06 280
1744575476469 2.3947368421052635e-06 290
1744575484964 2.1315789473684212e-06 300
1744575502077 1.868421052631579e-06 310
1744575510674 1.605263157894737e-06 320
1744575519103 1.342105263157895e-06 330
1744575527473 1.0789473684210527e-06 340
1744575544380 8.157894736842106e-07 350
1744575552937 5.526315789473684e-07 360
1744575561017 2.894736842105263e-07 370
1744575568352 2.631578947368421e-08 380
