1744575179926 2.7049 10
1744575188626 2.668 20
1744575197009 2.6405 30
1744575216485 2.5997 40
1744575225307 2.5662 50
1744575234240 2.5387 60
1744575242372 2.5153 70
1744575258829 2.4643 80
1744575267198 2.4487 90
1744575275467 2.4165 100
1744575283650 2.383 110
1744575299774 2.3582 120
1744575308068 2.3363 130
1744575316153 2.2985 140
1744575324438 2.2967 150
1744575341108 2.2745 160
1744575349418 2.2434 170
1744575357950 2.2191 180
1744575365405 2.1889 190
1744575383311 2.1755 200
1744575392236 2.1604 210
1744575400388 2.1624 220
1744575416647 2.1334 230
1744575425090 2.1234 240
1744575433264 2.118 250
1744575441908 2.0772 260
1744575459599 2.0914 270
1744575468012 2.0551 280
1744575476469 2.0774 290
1744575484964 2.048 300
1744575502077 2.0661 310
1744575510674 2.0327 320
1744575519103 2.0217 330
1744575527473 2.0499 340
1744575544380 2.0319 350
1744575552937 2.0177 360
1744575561017 2.0347 370
1744575568352 2.0115 380
