1744568544087 0.2631578947368421 10
1744568552781 0.5263157894736842 20
1744568561031 0.7894736842105263 30
1744568576111 1.0 38
1744568580139 1.0526315789473684 40
1744568588538 1.3157894736842106 50
1744568596920 1.5789473684210527 60
1744568605147 1.8421052631578947 70
1744568616338 2.0 76
1744568622091 2.1052631578947367 80
1744568630678 2.3684210526315788 90
1744568639294 2.6315789473684212 100
1744568647497 2.8947368421052633 110
1744568656946 3.0 114
1744568658926 3.0 114
1744568659652 3.0 0
1744568666469 3.0 114
